#! FIELDS es hh dhh_es
#! SET normalisation  2000.000000
#! SET min_es -0.5
#! SET max_es 2
#! SET nbins_es  1000
#! SET periodic_es false
 -0.500000 0.000000 0.000000
 -0.497500 0.000000 0.000000
 -0.495000 0.000000 0.000000
 -0.492500 0.000000 0.000000
 -0.490000 0.000000 0.000000
 -0.487500 0.000000 0.000000
 -0.485000 0.000000 0.000000
 -0.482500 0.000000 0.000000
 -0.480000 0.000000 0.000000
 -0.477500 0.000000 0.000000
 -0.475000 0.000000 0.000000
 -0.472500 0.000000 0.000000
 -0.470000 0.000000 0.000000
 -0.467500 0.000000 0.000000
 -0.465000 0.000000 0.000000
 -0.462500 0.000000 0.000000
 -0.460000 0.000000 0.000000
 -0.457500 0.000000 0.000000
 -0.455000 0.000000 0.000000
 -0.452500 0.000000 0.000000
 -0.450000 0.000000 0.000000
 -0.447500 0.000000 0.000000
 -0.445000 0.000000 0.000000
 -0.442500 0.000000 0.000000
 -0.440000 0.000000 0.000000
 -0.437500 0.000000 0.000000
 -0.435000 0.000000 0.000000
 -0.432500 0.000000 0.000000
 -0.430000 0.000000 0.000000
 -0.427500 0.000000 0.000000
 -0.425000 0.000000 0.000000
 -0.422500 0.000000 0.000000
 -0.420000 0.000000 0.000000
 -0.417500 0.000000 0.000000
 -0.415000 0.000000 0.000000
 -0.412500 0.000000 0.000000
 -0.410000 0.000000 0.000000
 -0.407500 0.000000 0.000000
 -0.405000 0.000000 0.000000
 -0.402500 0.000000 0.000000
 -0.400000 0.000000 0.000000
 -0.397500 0.000000 0.000000
 -0.395000 0.000000 0.000000
 -0.392500 0.000000 0.000000
 -0.390000 0.000000 0.000000
 -0.387500 0.000000 0.000000
 -0.385000 0.000000 0.000000
 -0.382500 0.000000 0.000000
 -0.380000 0.000000 0.000000
 -0.377500 0.000000 0.000000
 -0.375000 0.000000 0.000000
 -0.372500 0.000000 0.000000
 -0.370000 0.000000 0.000000
 -0.367500 0.000000 0.000000
 -0.365000 0.000000 0.000000
 -0.362500 0.000000 0.000000
 -0.360000 0.000000 0.000000
 -0.357500 0.000000 0.000000
 -0.355000 0.000000 0.000000
 -0.352500 0.000000 0.000000
 -0.350000 0.000000 0.000000
 -0.347500 0.000000 0.000000
 -0.345000 0.000000 0.000000
 -0.342500 0.000000 0.000000
 -0.340000 0.000000 0.000000
 -0.337500 0.000000 0.000000
 -0.335000 0.000000 0.000000
 -0.332500 0.000000 0.000000
 -0.330000 0.000000 0.000000
 -0.327500 0.000000 0.000000
 -0.325000 0.000000 0.000000
 -0.322500 0.000000 0.000000
 -0.320000 0.000000 0.000000
 -0.317500 0.000000 0.000000
 -0.315000 0.000000 0.000000
 -0.312500 0.000000 0.000000
 -0.310000 0.000000 0.000000
 -0.307500 0.000000 0.000000
 -0.305000 0.000000 0.000000
 -0.302500 0.000000 0.000000
 -0.300000 0.000000 0.000000
 -0.297500 0.000000 0.000000
 -0.295000 0.000000 0.000000
 -0.292500 0.000000 0.000000
 -0.290000 0.000000 0.000000
 -0.287500 0.000000 0.000000
 -0.285000 0.000000 0.000000
 -0.282500 0.000000 0.000000
 -0.280000 0.000000 0.000000
 -0.277500 0.000000 0.000000
 -0.275000 0.000000 0.000000
 -0.272500 0.000000 0.000000
 -0.270000 0.000000 0.000000
 -0.267500 0.000000 0.000000
 -0.265000 0.000000 0.000000
 -0.262500 0.000000 0.000000
 -0.260000 0.000000 0.000000
 -0.257500 0.000000 0.000000
 -0.255000 0.000000 0.000000
 -0.252500 0.000000 0.000000
 -0.250000 0.000000 0.000000
 -0.247500 0.000000 0.000000
 -0.245000 0.000000 0.000000
 -0.242500 0.000000 0.000000
 -0.240000 0.000000 0.000000
 -0.237500 0.000000 0.000000
 -0.235000 0.000000 0.000000
 -0.232500 0.000000 0.000000
 -0.230000 0.000000 0.000000
 -0.227500 0.000000 0.000000
 -0.225000 0.000000 0.000000
 -0.222500 0.000000 0.000000
 -0.220000 0.000000 0.000000
 -0.217500 0.000000 0.000000
 -0.215000 0.000000 0.000000
 -0.212500 0.000000 0.000000
 -0.210000 0.000000 0.000000
 -0.207500 0.000000 0.000000
 -0.205000 0.000000 0.000000
 -0.202500 0.000000 0.000000
 -0.200000 0.000000 0.000000
 -0.197500 0.000000 0.000000
 -0.195000 0.000000 0.000000
 -0.192500 0.000000 0.000000
 -0.190000 0.000000 0.000000
 -0.187500 0.000000 0.000000
 -0.185000 0.000000 0.000000
 -0.182500 0.000000 0.000000
 -0.180000 0.000000 0.000000
 -0.177500 0.000000 0.000000
 -0.175000 0.000000 0.000000
 -0.172500 0.000000 0.000000
 -0.170000 0.000000 0.000000
 -0.167500 0.000000 0.000000
 -0.165000 0.000000 0.000000
 -0.162500 0.000000 0.000000
 -0.160000 0.000000 0.000000
 -0.157500 0.000000 0.000000
 -0.155000 0.000000 0.000000
 -0.152500 0.000000 0.000000
 -0.150000 0.000000 0.000000
 -0.147500 0.000000 0.000000
 -0.145000 0.000000 0.000000
 -0.142500 0.000000 0.000000
 -0.140000 0.000000 0.000000
 -0.137500 0.000000 0.000000
 -0.135000 0.000000 0.000000
 -0.132500 0.000000 0.000000
 -0.130000 0.000000 0.000000
 -0.127500 0.000000 0.000000
 -0.125000 0.000000 0.000000
 -0.122500 0.000000 0.000000
 -0.120000 0.000000 0.000000
 -0.117500 0.000000 0.000000
 -0.115000 0.000000 0.000000
 -0.112500 0.000000 0.000000
 -0.110000 0.000000 0.000000
 -0.107500 0.000000 0.000000
 -0.105000 0.000000 0.000000
 -0.102500 0.000000 0.000000
 -0.100000 0.000000 0.000000
 -0.097500 0.000000 0.000000
 -0.095000 0.000000 0.000000
 -0.092500 0.000000 0.000000
 -0.090000 0.000000 0.000000
 -0.087500 0.000000 0.000000
 -0.085000 0.000000 0.000000
 -0.082500 0.000000 0.000000
 -0.080000 0.000000 0.000000
 -0.077500 0.000000 0.000000
 -0.075000 0.000000 0.000000
 -0.072500 0.000000 0.000000
 -0.070000 0.000000 0.000000
 -0.067500 0.000000 0.000000
 -0.065000 0.000000 0.000000
 -0.062500 0.000000 0.000000
 -0.060000 0.000000 0.000000
 -0.057500 0.000000 0.000000
 -0.055000 0.000000 0.000000
 -0.052500 0.000000 0.000000
 -0.050000 0.000000 0.000000
 -0.047500 0.000000 0.000000
 -0.045000 0.000000 0.000000
 -0.042500 0.000000 0.000000
 -0.040000 0.000000 0.000000
 -0.037500 0.000000 0.000000
 -0.035000 0.000000 0.000000
 -0.032500 0.000000 0.000000
 -0.030000 0.000000 0.000000
 -0.027500 0.000000 0.000000
 -0.025000 0.000000 0.000000
 -0.022500 0.000000 0.000000
 -0.020000 0.000000 0.000000
 -0.017500 0.000000 0.000000
 -0.015000 0.000000 0.000000
 -0.012500 0.000000 0.000000
 -0.010000 0.000000 0.000000
 -0.007500 0.000000 0.000000
 -0.005000 0.000000 0.000000
 -0.002500 0.000000 0.000000
 0.000000 0.000000 0.000000
 0.002500 0.000000 0.000000
 0.005000 0.000000 0.000000
 0.007500 0.000000 0.000000
 0.010000 0.000000 0.000000
 0.012500 0.000000 0.000000
 0.015000 0.000000 0.000000
 0.017500 0.000000 0.000000
 0.020000 0.000000 0.000000
 0.022500 0.000000 0.000000
 0.025000 0.000000 0.000000
 0.027500 0.000000 0.000000
 0.030000 0.000000 0.000000
 0.032500 0.000000 0.000000
 0.035000 0.000000 0.000000
 0.037500 0.000000 0.000000
 0.040000 0.000000 0.000000
 0.042500 0.000000 0.000000
 0.045000 0.000000 0.000000
 0.047500 0.000000 0.000000
 0.050000 0.000000 0.000000
 0.052500 0.000000 0.000000
 0.055000 0.000000 0.000000
 0.057500 0.000000 0.000000
 0.060000 0.000000 0.000000
 0.062500 0.000000 0.000000
 0.065000 0.000000 0.000000
 0.067500 0.000000 0.000000
 0.070000 0.000000 0.000000
 0.072500 0.000000 0.000000
 0.075000 0.000000 0.000000
 0.077500 0.000000 0.000000
 0.080000 0.000000 0.000000
 0.082500 0.000000 0.000000
 0.085000 0.000000 0.000000
 0.087500 0.000000 0.000000
 0.090000 0.000000 0.000000
 0.092500 0.000000 0.000000
 0.095000 0.000000 0.000000
 0.097500 0.000000 0.000000
 0.100000 0.000000 0.000000
 0.102500 0.000000 0.000000
 0.105000 0.000000 0.000000
 0.107500 0.000000 0.000000
 0.110000 0.000000 0.000000
 0.112500 0.000000 0.000000
 0.115000 0.000000 0.000000
 0.117500 0.000000 0.000000
 0.120000 0.000000 0.000000
 0.122500 0.000000 0.000000
 0.125000 0.000000 0.000000
 0.127500 0.000000 0.000000
 0.130000 0.000000 0.000000
 0.132500 0.000000 0.000000
 0.135000 0.000000 0.000000
 0.137500 0.000000 0.000000
 0.140000 0.000000 0.000000
 0.142500 0.000000 0.000000
 0.145000 0.000000 0.000000
 0.147500 0.000000 0.000000
 0.150000 0.000000 0.000000
 0.152500 0.000000 0.000000
 0.155000 0.000000 0.000000
 0.157500 0.000000 0.000000
 0.160000 0.000000 0.000000
 0.162500 0.000000 0.000000
 0.165000 0.000000 0.000000
 0.167500 0.000000 0.000000
 0.170000 0.000000 0.000000
 0.172500 0.000000 0.000000
 0.175000 0.000000 0.000000
 0.177500 0.000000 0.000000
 0.180000 0.000000 0.000000
 0.182500 0.000000 0.000000
 0.185000 0.000000 0.000000
 0.187500 0.000000 0.000000
 0.190000 0.000000 0.000000
 0.192500 0.000000 0.000000
 0.195000 0.000000 0.000000
 0.197500 0.000000 0.000000
 0.200000 0.000000 0.000000
 0.202500 0.000000 0.000000
 0.205000 0.000000 0.000000
 0.207500 0.000000 0.000000
 0.210000 0.000000 0.000000
 0.212500 0.000000 0.000000
 0.215000 0.000000 0.000000
 0.217500 0.000000 0.000000
 0.220000 0.000000 0.000000
 0.222500 0.000000 0.000000
 0.225000 0.000000 0.000000
 0.227500 0.000000 0.000000
 0.230000 0.000000 0.000000
 0.232500 0.000000 0.000000
 0.235000 0.000000 0.000000
 0.237500 0.000000 0.000000
 0.240000 0.000000 0.000000
 0.242500 0.000000 0.000000
 0.245000 0.000000 0.000000
 0.247500 0.000000 0.000000
 0.250000 0.000000 0.000000
 0.252500 0.000000 0.000000
 0.255000 0.000000 0.000000
 0.257500 0.000000 0.000000
 0.260000 0.000000 0.000000
 0.262500 0.000000 0.000000
 0.265000 0.000000 0.000000
 0.267500 0.000000 0.000000
 0.270000 0.000000 0.000016
 0.272500 0.000000 0.000040
 0.275000 0.000000 0.000090
 0.277500 0.000001 0.000190
 0.280000 0.000001 0.000374
 0.282500 0.000003 0.000690
 0.285000 0.000005 0.001183
 0.287500 0.000009 0.001885
 0.290000 0.000014 0.002786
 0.292500 0.000023 0.003802
 0.295000 0.000033 0.004766
 0.297500 0.000046 0.005440
 0.300000 0.000060 0.005569
 0.302500 0.000074 0.004965
 0.305000 0.000084 0.003588
 0.307500 0.000091 0.001594
 0.310000 0.000092 -0.000688
 0.312500 0.000088 -0.002844
 0.315000 0.000078 -0.004499
 0.317500 0.000066 -0.005420
 0.320000 0.000052 -0.005571
 0.322500 0.000038 -0.005087
 0.325000 0.000027 -0.004209
 0.327500 0.000017 -0.003189
 0.330000 0.000011 -0.002227
 0.332500 0.000006 -0.001440
 0.335000 0.000003 -0.000864
 0.337500 0.000002 -0.000483
 0.340000 0.000001 -0.000251
 0.342500 0.000000 -0.000122
 0.345000 0.000000 -0.000055
 0.347500 0.000000 0.000000
 0.350000 0.000000 0.000000
 0.352500 0.000000 0.000000
 0.355000 0.000000 0.000000
 0.357500 0.000000 0.000000
 0.360000 0.000000 0.000000
 0.362500 0.000000 0.000000
 0.365000 0.000000 0.000000
 0.367500 0.000000 0.000000
 0.370000 0.000000 0.000000
 0.372500 0.000000 0.000000
 0.375000 0.000000 0.000000
 0.377500 0.000000 0.000000
 0.380000 0.000000 0.000000
 0.382500 0.000000 0.000000
 0.385000 0.000000 0.000000
 0.387500 0.000000 0.000000
 0.390000 0.000000 0.000000
 0.392500 0.000000 0.000000
 0.395000 0.000000 0.000000
 0.397500 0.000000 0.000000
 0.400000 0.000000 0.000000
 0.402500 0.000000 0.000054
 0.405000 0.000000 0.000126
 0.407500 0.000001 0.000275
 0.410000 0.000002 0.000561
 0.412500 0.000004 0.001081
 0.415000 0.000008 0.001924
 0.417500 0.000014 0.003191
 0.420000 0.000024 0.004929
 0.422500 0.000039 0.007074
 0.425000 0.000060 0.009444
 0.427500 0.000086 0.011640
 0.430000 0.000117 0.013216
 0.432500 0.000151 0.013734
 0.435000 0.000185 0.012929
 0.437500 0.000215 0.010819
 0.440000 0.000238 0.007751
 0.442500 0.000253 0.004258
 0.445000 0.000260 0.000943
 0.447500 0.000258 -0.001708
 0.450000 0.000252 -0.003415
 0.452500 0.000242 -0.004107
 0.455000 0.000232 -0.003843
 0.457500 0.000224 -0.002625
 0.460000 0.000220 -0.000449
 0.462500 0.000223 0.002762
 0.465000 0.000235 0.007047
 0.467500 0.000259 0.012254
 0.470000 0.000297 0.017978
 0.472500 0.000349 0.023682
 0.475000 0.000415 0.028647
 0.477500 0.000491 0.032388
 0.480000 0.000575 0.034828
 0.482500 0.000664 0.036098
 0.485000 0.000755 0.036810
 0.487500 0.000848 0.037581
 0.490000 0.000944 0.038879
 0.492500 0.001043 0.040640
 0.495000 0.001147 0.042496
 0.497500 0.001255 0.043483
 0.500000 0.001364 0.042751
 0.502500 0.001467 0.039620
 0.505000 0.001560 0.034110
 0.507500 0.001637 0.027067
 0.510000 0.001695 0.020088
 0.512500 0.001739 0.015256
 0.515000 0.001775 0.014436
 0.517500 0.001816 0.018761
 0.520000 0.001874 0.028199
 0.522500 0.001960 0.041483
 0.525000 0.002082 0.056410
 0.527500 0.002241 0.070253
 0.530000 0.002431 0.080524
 0.532500 0.002640 0.085305
 0.535000 0.002853 0.083955
 0.537500 0.003055 0.076786
 0.540000 0.003233 0.065460
 0.542500 0.003381 0.052677
 0.545000 0.003498 0.041314
 0.547500 0.003591 0.034575
 0.550000 0.003677 0.035101
 0.552500 0.003773 0.043431
 0.555000 0.003901 0.058792
 0.557500 0.004072 0.078064
 0.560000 0.004291 0.096537
 0.562500 0.004551 0.110250
 0.565000 0.004837 0.117489
 0.567500 0.005135 0.119720
 0.570000 0.005436 0.121614
 0.572500 0.005748 0.129835
 0.575000 0.006095 0.149909
 0.577500 0.006511 0.184335
 0.580000 0.007028 0.230641
 0.582500 0.007668 0.281464
 0.585000 0.008431 0.326826
 0.587500 0.009290 0.356945
 0.590000 0.010199 0.365236
 0.592500 0.011098 0.350434
 0.595000 0.011936 0.317104
 0.597500 0.012678 0.275281
 0.600000 0.013318 0.237008
 0.602500 0.013878 0.213568
 0.605000 0.014407 0.212949
 0.607500 0.014966 0.238065
 0.610000 0.015618 0.287022
 0.612500 0.016418 0.354646
 0.615000 0.017404 0.434513
 0.617500 0.018598 0.520350
 0.620000 0.020010 0.607436
 0.622500 0.021636 0.691452
 0.625000 0.023464 0.768885
 0.627500 0.025475 0.836755
 0.630000 0.027639 0.890662
 0.632500 0.029918 0.928691
 0.635000 0.032272 0.950892
 0.637500 0.034665 0.961058
 0.640000 0.037078 0.967253
 0.642500 0.039510 0.978901
 0.645000 0.041988 1.004720
 0.647500 0.044555 1.049625
 0.650000 0.047257 1.113665
 0.652500 0.050142 1.193889
 0.655000 0.053242 1.284625
 0.657500 0.056578 1.381529
 0.660000 0.060160 1.482460
 0.662500 0.064002 1.588973
 0.665000 0.068120 1.704172
 0.667500 0.072539 1.829964
 0.670000 0.077287 1.966821
 0.672500 0.082390 2.113215
 0.675000 0.087866 2.265241
 0.677500 0.093729 2.420369
 0.680000 0.099978 2.574671
 0.682500 0.106610 2.727634
 0.685000 0.113626 2.880482
 0.687500 0.121026 3.034935
 0.690000 0.128818 3.194483
 0.692500 0.137021 3.365249
 0.695000 0.145673 3.553217
 0.697500 0.154821 3.763663
 0.700000 0.164523 3.996927
 0.702500 0.174836 4.248665
 0.705000 0.185790 4.507968
 0.707500 0.197388 4.760235
 0.710000 0.209593 4.993076
 0.712500 0.222350 5.201757
 0.715000 0.235608 5.393468
 0.717500 0.249336 5.580843
 0.720000 0.263547 5.781649
 0.722500 0.278293 6.010137
 0.725000 0.293656 6.276872
 0.727500 0.309737 6.584852
 0.730000 0.326649 6.942800
 0.732500 0.344525 7.356033
 0.735000 0.363515 7.834718
 0.737500 0.383792 8.385212
 0.740000 0.405540 9.010574
 0.742500 0.428938 9.702072
 0.745000 0.454128 10.440539
 0.747500 0.481202 11.202735
 0.750000 0.510185 11.966719
 0.752500 0.541066 12.716918
 0.755000 0.573805 13.457253
 0.757500 0.608397 14.197459
 0.760000 0.644868 14.962202
 0.762500 0.683301 15.770979
 0.765000 0.723824 16.630867
 0.767500 0.766555 17.535471
 0.770000 0.811589 18.468748
 0.772500 0.858976 19.415488
 0.775000 0.908746 20.371787
 0.777500 0.960937 21.353121
 0.780000 1.015643 22.391765
 0.782500 1.073055 23.520318
 0.785000 1.133426 24.763699
 0.787500 1.197062 26.128348
 0.790000 1.264263 27.605865
 0.792500 1.335270 29.172749
 0.795000 1.410273 30.795065
 0.797500 1.489382 32.451110
 0.800000 1.572652 34.120112
 0.802500 1.660107 35.795580
 0.805000 1.751766 37.477423
 0.807500 1.847652 39.179361
 0.810000 1.947834 40.919304
 0.812500 2.052439 42.730660
 0.815000 2.161711 44.652302
 0.817500 2.275976 46.732285
 0.820000 2.395673 48.998324
 0.822500 2.521273 51.448713
 0.825000 2.653204 54.048825
 0.827500 2.791733 56.708259
 0.830000 2.936875 59.317665
 0.832500 3.088359 61.770214
 0.835000 3.245695 63.989733
 0.837500 3.408265 65.962689
 0.840000 3.575512 67.744157
 0.842500 3.747074 69.441335
 0.845000 3.922913 71.176243
 0.847500 4.103237 73.042009
 0.850000 4.288408 75.057956
 0.852500 4.478752 77.160689
 0.855000 4.674323 79.220405
 0.857500 4.874807 81.067338
 0.860000 5.079484 82.558365
 0.862500 5.287342 83.602643
 0.865000 5.497220 84.184185
 0.867500 5.708007 84.353577
 0.870000 5.918776 84.193827
 0.872500 6.128812 83.778121
 0.875000 6.337507 83.138359
 0.877500 6.544287 82.244300
 0.880000 6.748414 81.019646
 0.882500 6.948948 79.361235
 0.885000 7.144662 77.168070
 0.887500 7.334126 74.358873
 0.890000 7.515738 70.895313
 0.892500 7.687835 66.772263
 0.895000 7.848765 61.991346
 0.897500 7.996913 56.560639
 0.900000 8.130652 50.478340
 0.902500 8.248304 43.728846
 0.905000 8.348166 36.258606
 0.907500 8.428379 28.021895
 0.910000 8.486941 18.960253
 0.912500 8.521735 9.033167
 0.915000 8.530578 -1.777287
 0.917500 8.511296 -13.430022
 0.920000 8.461883 -25.842730
 0.922500 8.380583 -38.871334
 0.925000 8.266073 -52.347801
 0.927500 8.117488 -66.080435
 0.930000 7.934428 -79.872752
 0.932500 7.716967 -93.545359
 0.935000 7.465615 -106.940352
 0.937500 7.181276 -119.884211
 0.940000 6.865318 -132.180606
 0.942500 6.519658 -143.588886
 0.945000 6.146878 -153.826638
 0.947500 5.750273 -162.581439
 0.950000 5.333916 -169.560561
 0.952500 4.902598 -174.517842
 0.955000 4.461647 -177.243174
 0.957500 4.016845 -177.579995
 0.960000 3.574296 -175.424023
 0.962500 3.140303 -170.735549
 0.965000 2.721185 -163.553435
 0.967500 2.323027 -154.015585
 0.970000 1.951406 -142.391327
 0.972500 1.611077 -129.089541
 0.975000 1.305594 -114.611822
 0.977500 1.037187 -99.545336
 0.980000 0.806598 -84.482866
 0.982500 0.613125 -69.970618
 0.985000 0.454781 -56.466436
 0.987500 0.328595 -44.332559
 0.990000 0.230825 -33.793870
 0.992500 0.157324 -24.958179
 0.995000 0.103828 -17.819445
 0.997500 0.066200 -12.266525
 1.000000 0.040692 -8.122410
 1.002500 0.024062 -5.161465
 1.005000 0.013653 -3.138190
 1.007500 0.007414 -1.820527
 1.010000 0.003841 -1.004393
 1.012500 0.001892 -0.524861
 1.015000 0.000877 -0.256836
 1.017500 0.000379 -0.116554
 1.020000 0.000150 -0.048286
 1.022500 0.000052 -0.017457
 1.025000 0.000015 -0.005195
 1.027500 0.000004 -0.001331
 1.030000 0.000001 -0.000195
 1.032500 0.000000 0.000000
 1.035000 0.000000 0.000000
 1.037500 0.000000 0.000000
 1.040000 0.000000 0.000000
 1.042500 0.000000 0.000000
 1.045000 0.000000 0.000000
 1.047500 0.000000 0.000000
 1.050000 0.000000 0.000000
 1.052500 0.000000 0.000000
 1.055000 0.000000 0.000000
 1.057500 0.000000 0.000000
 1.060000 0.000000 0.000000
 1.062500 0.000000 0.000000
 1.065000 0.000000 0.000000
 1.067500 0.000000 0.000000
 1.070000 0.000000 0.000000
 1.072500 0.000000 0.000000
 1.075000 0.000000 0.000000
 1.077500 0.000000 0.000000
 1.080000 0.000000 0.000000
 1.082500 0.000000 0.000000
 1.085000 0.000000 0.000000
 1.087500 0.000000 0.000000
 1.090000 0.000000 0.000000
 1.092500 0.000000 0.000000
 1.095000 0.000000 0.000000
 1.097500 0.000000 0.000000
 1.100000 0.000000 0.000000
 1.102500 0.000000 0.000000
 1.105000 0.000000 0.000000
 1.107500 0.000000 0.000000
 1.110000 0.000000 0.000000
 1.112500 0.000000 0.000000
 1.115000 0.000000 0.000000
 1.117500 0.000000 0.000000
 1.120000 0.000000 0.000000
 1.122500 0.000000 0.000000
 1.125000 0.000000 0.000000
 1.127500 0.000000 0.000000
 1.130000 0.000000 0.000000
 1.132500 0.000000 0.000000
 1.135000 0.000000 0.000000
 1.137500 0.000000 0.000000
 1.140000 0.000000 0.000000
 1.142500 0.000000 0.000000
 1.145000 0.000000 0.000000
 1.147500 0.000000 0.000000
 1.150000 0.000000 0.000000
 1.152500 0.000000 0.000000
 1.155000 0.000000 0.000000
 1.157500 0.000000 0.000000
 1.160000 0.000000 0.000000
 1.162500 0.000000 0.000000
 1.165000 0.000000 0.000000
 1.167500 0.000000 0.000000
 1.170000 0.000000 0.000000
 1.172500 0.000000 0.000000
 1.175000 0.000000 0.000000
 1.177500 0.000000 0.000000
 1.180000 0.000000 0.000000
 1.182500 0.000000 0.000000
 1.185000 0.000000 0.000000
 1.187500 0.000000 0.000000
 1.190000 0.000000 0.000000
 1.192500 0.000000 0.000000
 1.195000 0.000000 0.000000
 1.197500 0.000000 0.000000
 1.200000 0.000000 0.000000
 1.202500 0.000000 0.000000
 1.205000 0.000000 0.000000
 1.207500 0.000000 0.000000
 1.210000 0.000000 0.000000
 1.212500 0.000000 0.000000
 1.215000 0.000000 0.000000
 1.217500 0.000000 0.000000
 1.220000 0.000000 0.000000
 1.222500 0.000000 0.000000
 1.225000 0.000000 0.000000
 1.227500 0.000000 0.000000
 1.230000 0.000000 0.000000
 1.232500 0.000000 0.000000
 1.235000 0.000000 0.000000
 1.237500 0.000000 0.000000
 1.240000 0.000000 0.000000
 1.242500 0.000000 0.000000
 1.245000 0.000000 0.000000
 1.247500 0.000000 0.000000
 1.250000 0.000000 0.000000
 1.252500 0.000000 0.000000
 1.255000 0.000000 0.000000
 1.257500 0.000000 0.000000
 1.260000 0.000000 0.000000
 1.262500 0.000000 0.000000
 1.265000 0.000000 0.000000
 1.267500 0.000000 0.000000
 1.270000 0.000000 0.000000
 1.272500 0.000000 0.000000
 1.275000 0.000000 0.000000
 1.277500 0.000000 0.000000
 1.280000 0.000000 0.000000
 1.282500 0.000000 0.000000
 1.285000 0.000000 0.000000
 1.287500 0.000000 0.000000
 1.290000 0.000000 0.000000
 1.292500 0.000000 0.000000
 1.295000 0.000000 0.000000
 1.297500 0.000000 0.000000
 1.300000 0.000000 0.000000
 1.302500 0.000000 0.000000
 1.305000 0.000000 0.000000
 1.307500 0.000000 0.000000
 1.310000 0.000000 0.000000
 1.312500 0.000000 0.000000
 1.315000 0.000000 0.000000
 1.317500 0.000000 0.000000
 1.320000 0.000000 0.000000
 1.322500 0.000000 0.000000
 1.325000 0.000000 0.000000
 1.327500 0.000000 0.000000
 1.330000 0.000000 0.000000
 1.332500 0.000000 0.000000
 1.335000 0.000000 0.000000
 1.337500 0.000000 0.000000
 1.340000 0.000000 0.000000
 1.342500 0.000000 0.000000
 1.345000 0.000000 0.000000
 1.347500 0.000000 0.000000
 1.350000 0.000000 0.000000
 1.352500 0.000000 0.000000
 1.355000 0.000000 0.000000
 1.357500 0.000000 0.000000
 1.360000 0.000000 0.000000
 1.362500 0.000000 0.000000
 1.365000 0.000000 0.000000
 1.367500 0.000000 0.000000
 1.370000 0.000000 0.000000
 1.372500 0.000000 0.000000
 1.375000 0.000000 0.000000
 1.377500 0.000000 0.000000
 1.380000 0.000000 0.000000
 1.382500 0.000000 0.000000
 1.385000 0.000000 0.000000
 1.387500 0.000000 0.000000
 1.390000 0.000000 0.000000
 1.392500 0.000000 0.000000
 1.395000 0.000000 0.000000
 1.397500 0.000000 0.000000
 1.400000 0.000000 0.000000
 1.402500 0.000000 0.000000
 1.405000 0.000000 0.000000
 1.407500 0.000000 0.000000
 1.410000 0.000000 0.000000
 1.412500 0.000000 0.000000
 1.415000 0.000000 0.000000
 1.417500 0.000000 0.000000
 1.420000 0.000000 0.000000
 1.422500 0.000000 0.000000
 1.425000 0.000000 0.000000
 1.427500 0.000000 0.000000
 1.430000 0.000000 0.000000
 1.432500 0.000000 0.000000
 1.435000 0.000000 0.000000
 1.437500 0.000000 0.000000
 1.440000 0.000000 0.000000
 1.442500 0.000000 0.000000
 1.445000 0.000000 0.000000
 1.447500 0.000000 0.000000
 1.450000 0.000000 0.000000
 1.452500 0.000000 0.000000
 1.455000 0.000000 0.000000
 1.457500 0.000000 0.000000
 1.460000 0.000000 0.000000
 1.462500 0.000000 0.000000
 1.465000 0.000000 0.000000
 1.467500 0.000000 0.000000
 1.470000 0.000000 0.000000
 1.472500 0.000000 0.000000
 1.475000 0.000000 0.000000
 1.477500 0.000000 0.000000
 1.480000 0.000000 0.000000
 1.482500 0.000000 0.000000
 1.485000 0.000000 0.000000
 1.487500 0.000000 0.000000
 1.490000 0.000000 0.000000
 1.492500 0.000000 0.000000
 1.495000 0.000000 0.000000
 1.497500 0.000000 0.000000
 1.500000 0.000000 0.000000
 1.502500 0.000000 0.000000
 1.505000 0.000000 0.000000
 1.507500 0.000000 0.000000
 1.510000 0.000000 0.000000
 1.512500 0.000000 0.000000
 1.515000 0.000000 0.000000
 1.517500 0.000000 0.000000
 1.520000 0.000000 0.000000
 1.522500 0.000000 0.000000
 1.525000 0.000000 0.000000
 1.527500 0.000000 0.000000
 1.530000 0.000000 0.000000
 1.532500 0.000000 0.000000
 1.535000 0.000000 0.000000
 1.537500 0.000000 0.000000
 1.540000 0.000000 0.000000
 1.542500 0.000000 0.000000
 1.545000 0.000000 0.000000
 1.547500 0.000000 0.000000
 1.550000 0.000000 0.000000
 1.552500 0.000000 0.000000
 1.555000 0.000000 0.000000
 1.557500 0.000000 0.000000
 1.560000 0.000000 0.000000
 1.562500 0.000000 0.000000
 1.565000 0.000000 0.000000
 1.567500 0.000000 0.000000
 1.570000 0.000000 0.000000
 1.572500 0.000000 0.000000
 1.575000 0.000000 0.000000
 1.577500 0.000000 0.000000
 1.580000 0.000000 0.000000
 1.582500 0.000000 0.000000
 1.585000 0.000000 0.000000
 1.587500 0.000000 0.000000
 1.590000 0.000000 0.000000
 1.592500 0.000000 0.000000
 1.595000 0.000000 0.000000
 1.597500 0.000000 0.000000
 1.600000 0.000000 0.000000
 1.602500 0.000000 0.000000
 1.605000 0.000000 0.000000
 1.607500 0.000000 0.000000
 1.610000 0.000000 0.000000
 1.612500 0.000000 0.000000
 1.615000 0.000000 0.000000
 1.617500 0.000000 0.000000
 1.620000 0.000000 0.000000
 1.622500 0.000000 0.000000
 1.625000 0.000000 0.000000
 1.627500 0.000000 0.000000
 1.630000 0.000000 0.000000
 1.632500 0.000000 0.000000
 1.635000 0.000000 0.000000
 1.637500 0.000000 0.000000
 1.640000 0.000000 0.000000
 1.642500 0.000000 0.000000
 1.645000 0.000000 0.000000
 1.647500 0.000000 0.000000
 1.650000 0.000000 0.000000
 1.652500 0.000000 0.000000
 1.655000 0.000000 0.000000
 1.657500 0.000000 0.000000
 1.660000 0.000000 0.000000
 1.662500 0.000000 0.000000
 1.665000 0.000000 0.000000
 1.667500 0.000000 0.000000
 1.670000 0.000000 0.000000
 1.672500 0.000000 0.000000
 1.675000 0.000000 0.000000
 1.677500 0.000000 0.000000
 1.680000 0.000000 0.000000
 1.682500 0.000000 0.000000
 1.685000 0.000000 0.000000
 1.687500 0.000000 0.000000
 1.690000 0.000000 0.000000
 1.692500 0.000000 0.000000
 1.695000 0.000000 0.000000
 1.697500 0.000000 0.000000
 1.700000 0.000000 0.000000
 1.702500 0.000000 0.000000
 1.705000 0.000000 0.000000
 1.707500 0.000000 0.000000
 1.710000 0.000000 0.000000
 1.712500 0.000000 0.000000
 1.715000 0.000000 0.000000
 1.717500 0.000000 0.000000
 1.720000 0.000000 0.000000
 1.722500 0.000000 0.000000
 1.725000 0.000000 0.000000
 1.727500 0.000000 0.000000
 1.730000 0.000000 0.000000
 1.732500 0.000000 0.000000
 1.735000 0.000000 0.000000
 1.737500 0.000000 0.000000
 1.740000 0.000000 0.000000
 1.742500 0.000000 0.000000
 1.745000 0.000000 0.000000
 1.747500 0.000000 0.000000
 1.750000 0.000000 0.000000
 1.752500 0.000000 0.000000
 1.755000 0.000000 0.000000
 1.757500 0.000000 0.000000
 1.760000 0.000000 0.000000
 1.762500 0.000000 0.000000
 1.765000 0.000000 0.000000
 1.767500 0.000000 0.000000
 1.770000 0.000000 0.000000
 1.772500 0.000000 0.000000
 1.775000 0.000000 0.000000
 1.777500 0.000000 0.000000
 1.780000 0.000000 0.000000
 1.782500 0.000000 0.000000
 1.785000 0.000000 0.000000
 1.787500 0.000000 0.000000
 1.790000 0.000000 0.000000
 1.792500 0.000000 0.000000
 1.795000 0.000000 0.000000
 1.797500 0.000000 0.000000
 1.800000 0.000000 0.000000
 1.802500 0.000000 0.000000
 1.805000 0.000000 0.000000
 1.807500 0.000000 0.000000
 1.810000 0.000000 0.000000
 1.812500 0.000000 0.000000
 1.815000 0.000000 0.000000
 1.817500 0.000000 0.000000
 1.820000 0.000000 0.000000
 1.822500 0.000000 0.000000
 1.825000 0.000000 0.000000
 1.827500 0.000000 0.000000
 1.830000 0.000000 0.000000
 1.832500 0.000000 0.000000
 1.835000 0.000000 0.000000
 1.837500 0.000000 0.000000
 1.840000 0.000000 0.000000
 1.842500 0.000000 0.000000
 1.845000 0.000000 0.000000
 1.847500 0.000000 0.000000
 1.850000 0.000000 0.000000
 1.852500 0.000000 0.000000
 1.855000 0.000000 0.000000
 1.857500 0.000000 0.000000
 1.860000 0.000000 0.000000
 1.862500 0.000000 0.000000
 1.865000 0.000000 0.000000
 1.867500 0.000000 0.000000
 1.870000 0.000000 0.000000
 1.872500 0.000000 0.000000
 1.875000 0.000000 0.000000
 1.877500 0.000000 0.000000
 1.880000 0.000000 0.000000
 1.882500 0.000000 0.000000
 1.885000 0.000000 0.000000
 1.887500 0.000000 0.000000
 1.890000 0.000000 0.000000
 1.892500 0.000000 0.000000
 1.895000 0.000000 0.000000
 1.897500 0.000000 0.000000
 1.900000 0.000000 0.000000
 1.902500 0.000000 0.000000
 1.905000 0.000000 0.000000
 1.907500 0.000000 0.000000
 1.910000 0.000000 0.000000
 1.912500 0.000000 0.000000
 1.915000 0.000000 0.000000
 1.917500 0.000000 0.000000
 1.920000 0.000000 0.000000
 1.922500 0.000000 0.000000
 1.925000 0.000000 0.000000
 1.927500 0.000000 0.000000
 1.930000 0.000000 0.000000
 1.932500 0.000000 0.000000
 1.935000 0.000000 0.000000
 1.937500 0.000000 0.000000
 1.940000 0.000000 0.000000
 1.942500 0.000000 0.000000
 1.945000 0.000000 0.000000
 1.947500 0.000000 0.000000
 1.950000 0.000000 0.000000
 1.952500 0.000000 0.000000
 1.955000 0.000000 0.000000
 1.957500 0.000000 0.000000
 1.960000 0.000000 0.000000
 1.962500 0.000000 0.000000
 1.965000 0.000000 0.000000
 1.967500 0.000000 0.000000
 1.970000 0.000000 0.000000
 1.972500 0.000000 0.000000
 1.975000 0.000000 0.000000
 1.977500 0.000000 0.000000
 1.980000 0.000000 0.000000
 1.982500 0.000000 0.000000
 1.985000 0.000000 0.000000
 1.987500 0.000000 0.000000
 1.990000 0.000000 0.000000
 1.992500 0.000000 0.000000
 1.995000 0.000000 0.000000
 1.997500 0.000000 0.000000
 2.000000 0.000000 0.000000
