#! FIELDS es hh dhh_es
#! SET normalisation  2000.000000
#! SET min_es -0.5
#! SET max_es 2
#! SET nbins_es  1000
#! SET periodic_es false
 -0.500000 0.000000 0.000000
 -0.497500 0.000000 0.000000
 -0.495000 0.000000 0.000000
 -0.492500 0.000000 0.000000
 -0.490000 0.000000 0.000000
 -0.487500 0.000000 0.000000
 -0.485000 0.000000 0.000000
 -0.482500 0.000000 0.000000
 -0.480000 0.000000 0.000000
 -0.477500 0.000000 0.000000
 -0.475000 0.000000 0.000000
 -0.472500 0.000000 0.000000
 -0.470000 0.000000 0.000000
 -0.467500 0.000000 0.000000
 -0.465000 0.000000 0.000000
 -0.462500 0.000000 0.000000
 -0.460000 0.000000 0.000000
 -0.457500 0.000000 0.000000
 -0.455000 0.000000 0.000000
 -0.452500 0.000000 0.000000
 -0.450000 0.000000 0.000000
 -0.447500 0.000000 0.000000
 -0.445000 0.000000 0.000000
 -0.442500 0.000000 0.000000
 -0.440000 0.000000 0.000000
 -0.437500 0.000000 0.000000
 -0.435000 0.000000 0.000000
 -0.432500 0.000000 0.000000
 -0.430000 0.000000 0.000000
 -0.427500 0.000000 0.000000
 -0.425000 0.000000 0.000000
 -0.422500 0.000000 0.000000
 -0.420000 0.000000 0.000000
 -0.417500 0.000000 0.000000
 -0.415000 0.000000 0.000000
 -0.412500 0.000000 0.000000
 -0.410000 0.000000 0.000000
 -0.407500 0.000000 0.000000
 -0.405000 0.000000 0.000000
 -0.402500 0.000000 0.000000
 -0.400000 0.000000 0.000000
 -0.397500 0.000000 0.000000
 -0.395000 0.000000 0.000000
 -0.392500 0.000000 0.000000
 -0.390000 0.000000 0.000000
 -0.387500 0.000000 0.000000
 -0.385000 0.000000 0.000000
 -0.382500 0.000000 0.000000
 -0.380000 0.000000 0.000000
 -0.377500 0.000000 0.000000
 -0.375000 0.000000 0.000000
 -0.372500 0.000000 0.000000
 -0.370000 0.000000 0.000000
 -0.367500 0.000000 0.000000
 -0.365000 0.000000 0.000000
 -0.362500 0.000000 0.000000
 -0.360000 0.000000 0.000000
 -0.357500 0.000000 0.000000
 -0.355000 0.000000 0.000000
 -0.352500 0.000000 0.000000
 -0.350000 0.000000 0.000000
 -0.347500 0.000000 0.000000
 -0.345000 0.000000 0.000000
 -0.342500 0.000000 0.000000
 -0.340000 0.000000 0.000000
 -0.337500 0.000000 0.000000
 -0.335000 0.000000 0.000000
 -0.332500 0.000000 0.000000
 -0.330000 0.000000 0.000000
 -0.327500 0.000000 0.000000
 -0.325000 0.000000 0.000000
 -0.322500 0.000000 0.000000
 -0.320000 0.000000 0.000000
 -0.317500 0.000000 0.000000
 -0.315000 0.000000 0.000000
 -0.312500 0.000000 0.000000
 -0.310000 0.000000 0.000000
 -0.307500 0.000000 0.000000
 -0.305000 0.000000 0.000000
 -0.302500 0.000000 0.000000
 -0.300000 0.000000 0.000000
 -0.297500 0.000000 0.000000
 -0.295000 0.000000 0.000000
 -0.292500 0.000000 0.000000
 -0.290000 0.000000 0.000000
 -0.287500 0.000000 0.000000
 -0.285000 0.000000 0.000000
 -0.282500 0.000000 0.000000
 -0.280000 0.000000 0.000000
 -0.277500 0.000000 0.000000
 -0.275000 0.000000 0.000000
 -0.272500 0.000000 0.000000
 -0.270000 0.000000 0.000000
 -0.267500 0.000000 0.000000
 -0.265000 0.000000 0.000000
 -0.262500 0.000000 0.000000
 -0.260000 0.000000 0.000000
 -0.257500 0.000000 0.000000
 -0.255000 0.000000 0.000000
 -0.252500 0.000000 0.000000
 -0.250000 0.000000 0.000000
 -0.247500 0.000000 0.000000
 -0.245000 0.000000 0.000000
 -0.242500 0.000000 0.000000
 -0.240000 0.000000 0.000000
 -0.237500 0.000000 0.000000
 -0.235000 0.000000 0.000000
 -0.232500 0.000000 0.000000
 -0.230000 0.000000 0.000000
 -0.227500 0.000000 0.000000
 -0.225000 0.000000 0.000000
 -0.222500 0.000000 0.000000
 -0.220000 0.000000 0.000000
 -0.217500 0.000000 0.000000
 -0.215000 0.000000 0.000000
 -0.212500 0.000000 0.000000
 -0.210000 0.000000 0.000000
 -0.207500 0.000000 0.000000
 -0.205000 0.000000 0.000000
 -0.202500 0.000000 0.000000
 -0.200000 0.000000 0.000000
 -0.197500 0.000000 0.000000
 -0.195000 0.000000 0.000000
 -0.192500 0.000000 0.000000
 -0.190000 0.000000 0.000000
 -0.187500 0.000000 0.000000
 -0.185000 0.000000 0.000000
 -0.182500 0.000000 0.000000
 -0.180000 0.000000 0.000000
 -0.177500 0.000000 0.000000
 -0.175000 0.000000 0.000000
 -0.172500 0.000000 0.000000
 -0.170000 0.000000 0.000000
 -0.167500 0.000000 0.000000
 -0.165000 0.000000 0.000000
 -0.162500 0.000000 0.000000
 -0.160000 0.000000 0.000000
 -0.157500 0.000000 0.000000
 -0.155000 0.000000 0.000000
 -0.152500 0.000000 0.000000
 -0.150000 0.000000 0.000000
 -0.147500 0.000000 0.000000
 -0.145000 0.000000 0.000000
 -0.142500 0.000000 0.000000
 -0.140000 0.000000 0.000000
 -0.137500 0.000000 0.000000
 -0.135000 0.000000 0.000000
 -0.132500 0.000000 0.000000
 -0.130000 0.000000 0.000000
 -0.127500 0.000000 0.000000
 -0.125000 0.000000 0.000000
 -0.122500 0.000000 0.000000
 -0.120000 0.000000 0.000000
 -0.117500 0.000000 0.000000
 -0.115000 0.000000 0.000000
 -0.112500 0.000000 0.000000
 -0.110000 0.000000 0.000000
 -0.107500 0.000000 0.000000
 -0.105000 0.000000 0.000000
 -0.102500 0.000000 0.000000
 -0.100000 0.000000 0.000000
 -0.097500 0.000000 0.000000
 -0.095000 0.000000 0.000000
 -0.092500 0.000000 0.000000
 -0.090000 0.000000 0.000000
 -0.087500 0.000000 0.000000
 -0.085000 0.000000 0.000000
 -0.082500 0.000000 0.000000
 -0.080000 0.000000 0.000000
 -0.077500 0.000000 0.000000
 -0.075000 0.000000 0.000000
 -0.072500 0.000000 0.000000
 -0.070000 0.000000 0.000000
 -0.067500 0.000000 0.000000
 -0.065000 0.000000 0.000000
 -0.062500 0.000000 0.000000
 -0.060000 0.000000 0.000000
 -0.057500 0.000000 0.000000
 -0.055000 0.000000 0.000000
 -0.052500 0.000000 0.000000
 -0.050000 0.000000 0.000000
 -0.047500 0.000000 0.000000
 -0.045000 0.000000 0.000000
 -0.042500 0.000000 0.000000
 -0.040000 0.000000 0.000000
 -0.037500 0.000000 0.000000
 -0.035000 0.000000 0.000000
 -0.032500 0.000000 0.000000
 -0.030000 0.000000 0.000000
 -0.027500 0.000000 0.000000
 -0.025000 0.000000 0.000000
 -0.022500 0.000000 0.000000
 -0.020000 0.000000 0.000000
 -0.017500 0.000000 0.000000
 -0.015000 0.000000 0.000000
 -0.012500 0.000000 0.000000
 -0.010000 0.000000 0.000000
 -0.007500 0.000000 0.000000
 -0.005000 0.000000 0.000000
 -0.002500 0.000000 0.000000
 0.000000 0.000000 0.000000
 0.002500 0.000000 0.000000
 0.005000 0.000000 0.000000
 0.007500 0.000000 0.000000
 0.010000 0.000000 0.000000
 0.012500 0.000000 0.000000
 0.015000 0.000000 0.000000
 0.017500 0.000000 0.000000
 0.020000 0.000000 0.000000
 0.022500 0.000000 0.000000
 0.025000 0.000000 0.000000
 0.027500 0.000000 0.000000
 0.030000 0.000000 0.000000
 0.032500 0.000000 0.000000
 0.035000 0.000000 0.000000
 0.037500 0.000000 0.000000
 0.040000 0.000000 0.000000
 0.042500 0.000000 0.000000
 0.045000 0.000000 0.000000
 0.047500 0.000000 0.000016
 0.050000 0.000000 0.000039
 0.052500 0.000000 0.000088
 0.055000 0.000001 0.000186
 0.057500 0.000001 0.000368
 0.060000 0.000003 0.000678
 0.062500 0.000005 0.001166
 0.065000 0.000009 0.001863
 0.067500 0.000014 0.002758
 0.070000 0.000022 0.003773
 0.072500 0.000033 0.004742
 0.075000 0.000046 0.005428
 0.077500 0.000060 0.005575
 0.080000 0.000073 0.004993
 0.082500 0.000084 0.003637
 0.085000 0.000091 0.001657
 0.087500 0.000092 -0.000623
 0.090000 0.000088 -0.002789
 0.092500 0.000079 -0.004462
 0.095000 0.000066 -0.005405
 0.097500 0.000052 -0.005576
 0.100000 0.000039 -0.005108
 0.102500 0.000027 -0.004237
 0.105000 0.000018 -0.003218
 0.107500 0.000011 -0.002252
 0.110000 0.000006 -0.001459
 0.112500 0.000003 -0.000878
 0.115000 0.000002 -0.000491
 0.117500 0.000001 -0.000256
 0.120000 0.000000 -0.000125
 0.122500 0.000000 -0.000057
 0.125000 0.000000 0.000000
 0.127500 0.000000 0.000000
 0.130000 0.000000 0.000000
 0.132500 0.000000 0.000000
 0.135000 0.000000 0.000000
 0.137500 0.000000 0.000000
 0.140000 0.000000 0.000000
 0.142500 0.000000 0.000000
 0.145000 0.000000 0.000000
 0.147500 0.000000 0.000000
 0.150000 0.000000 0.000028
 0.152500 0.000000 0.000065
 0.155000 0.000000 0.000142
 0.157500 0.000001 0.000288
 0.160000 0.000002 0.000545
 0.162500 0.000004 0.000961
 0.165000 0.000007 0.001579
 0.167500 0.000012 0.002426
 0.170000 0.000019 0.003439
 0.172500 0.000029 0.004509
 0.175000 0.000042 0.005446
 0.177500 0.000056 0.006033
 0.180000 0.000071 0.006110
 0.182500 0.000086 0.005604
 0.185000 0.000099 0.004640
 0.187500 0.000109 0.003483
 0.190000 0.000117 0.002463
 0.192500 0.000122 0.001847
 0.195000 0.000126 0.001748
 0.197500 0.000131 0.002048
 0.200000 0.000137 0.002519
 0.202500 0.000143 0.002868
 0.205000 0.000151 0.002901
 0.207500 0.000158 0.002578
 0.210000 0.000164 0.002018
 0.212500 0.000168 0.001422
 0.215000 0.000171 0.001077
 0.217500 0.000174 0.001235
 0.220000 0.000178 0.002114
 0.222500 0.000185 0.003714
 0.225000 0.000197 0.005896
 0.227500 0.000215 0.008425
 0.230000 0.000239 0.010874
 0.232500 0.000269 0.012953
 0.235000 0.000303 0.014527
 0.237500 0.000341 0.015561
 0.240000 0.000381 0.016251
 0.242500 0.000422 0.016842
 0.245000 0.000465 0.017562
 0.247500 0.000510 0.018489
 0.250000 0.000558 0.019531
 0.252500 0.000608 0.020698
 0.255000 0.000662 0.022034
 0.257500 0.000719 0.023790
 0.260000 0.000781 0.026282
 0.262500 0.000851 0.029769
 0.265000 0.000931 0.034020
 0.267500 0.001021 0.038297
 0.270000 0.001121 0.041318
 0.272500 0.001226 0.041734
 0.275000 0.001327 0.038444
 0.277500 0.001415 0.031269
 0.280000 0.001481 0.020955
 0.282500 0.001519 0.009305
 0.285000 0.001528 -0.001463
 0.287500 0.001514 -0.009066
 0.290000 0.001487 -0.011845
 0.292500 0.001460 -0.009057
 0.295000 0.001446 -0.001079
 0.297500 0.001457 0.010786
 0.300000 0.001501 0.024451
 0.302500 0.001580 0.037985
 0.305000 0.001690 0.049765
 0.307500 0.001826 0.058384
 0.310000 0.001979 0.063265
 0.312500 0.002139 0.064290
 0.315000 0.002298 0.061818
 0.317500 0.002446 0.056850
 0.320000 0.002581 0.050723
 0.322500 0.002700 0.045110
 0.325000 0.002808 0.041429
 0.327500 0.002910 0.040484
 0.330000 0.003013 0.042877
 0.332500 0.003127 0.048397
 0.335000 0.003258 0.056334
 0.337500 0.003411 0.065992
 0.340000 0.003588 0.076006
 0.342500 0.003791 0.085397
 0.345000 0.004014 0.093479
 0.347500 0.004257 0.099879
 0.350000 0.004513 0.105188
 0.352500 0.004782 0.110202
 0.355000 0.005065 0.115935
 0.357500 0.005363 0.122999
 0.360000 0.005681 0.131179
 0.362500 0.006019 0.139055
 0.365000 0.006375 0.144922
 0.367500 0.006740 0.146263
 0.370000 0.007101 0.141233
 0.372500 0.007441 0.129316
 0.375000 0.007744 0.112024
 0.377500 0.008000 0.092391
 0.380000 0.008209 0.075164
 0.382500 0.008382 0.065404
 0.385000 0.008545 0.066932
 0.387500 0.008729 0.082047
 0.390000 0.008967 0.110736
 0.392500 0.009292 0.150378
 0.395000 0.009726 0.197663
 0.397500 0.010284 0.248170
 0.400000 0.010967 0.297344
 0.402500 0.011767 0.340961
 0.405000 0.012665 0.375202
 0.407500 0.013634 0.397187
 0.410000 0.014641 0.406472
 0.412500 0.015658 0.404704
 0.415000 0.016660 0.397312
 0.417500 0.017645 0.390548
 0.420000 0.018622 0.392462
 0.422500 0.019620 0.408051
 0.425000 0.020675 0.438491
 0.427500 0.021823 0.480676
 0.430000 0.023085 0.527671
 0.432500 0.024460 0.570763
 0.435000 0.025930 0.601740
 0.437500 0.027457 0.616430
 0.440000 0.029000 0.614262
 0.442500 0.030520 0.599424
 0.445000 0.031993 0.578334
 0.447500 0.033413 0.557952
 0.450000 0.034791 0.544508
 0.452500 0.036147 0.542592
 0.455000 0.037515 0.553540
 0.457500 0.038927 0.577452
 0.460000 0.040414 0.613098
 0.462500 0.042002 0.657137
 0.465000 0.043705 0.704395
 0.467500 0.045525 0.750473
 0.470000 0.047455 0.791191
 0.472500 0.049479 0.826275
 0.475000 0.051586 0.858464
 0.477500 0.053775 0.892926
 0.480000 0.056059 0.935580
 0.482500 0.058465 0.989985
 0.485000 0.061020 1.054752
 0.487500 0.063748 1.127465
 0.490000 0.066662 1.202786
 0.492500 0.069765 1.278802
 0.495000 0.073059 1.355139
 0.497500 0.076546 1.435394
 0.500000 0.080243 1.522395
 0.502500 0.084170 1.618091
 0.505000 0.088344 1.719894
 0.507500 0.092774 1.822550
 0.510000 0.097451 1.915274
 0.512500 0.102340 1.989522
 0.515000 0.107382 2.038334
 0.517500 0.112511 2.059244
 0.520000 0.117665 2.058363
 0.522500 0.122799 2.047046
 0.525000 0.127912 2.042994
 0.527500 0.133043 2.065376
 0.530000 0.138278 2.129687
 0.532500 0.143734 2.241674
 0.535000 0.149527 2.396766
 0.537500 0.155747 2.579718
 0.540000 0.162433 2.764997
 0.542500 0.169556 2.925295
 0.545000 0.177027 3.040337
 0.547500 0.184715 3.098538
 0.550000 0.192478 3.102489
 0.552500 0.200201 3.068416
 0.555000 0.207813 3.019205
 0.557500 0.215313 2.982742
 0.560000 0.222764 2.984705
 0.562500 0.230286 3.040645
 0.565000 0.238023 3.157510
 0.567500 0.246124 3.329581
 0.570000 0.254714 3.546240
 0.572500 0.263884 3.790818
 0.575000 0.273689 4.050771
 0.577500 0.284149 4.313171
 0.580000 0.295259 4.571080
 0.582500 0.307003 4.818594
 0.585000 0.319348 5.053007
 0.587500 0.332258 5.270536
 0.590000 0.345689 5.471022
 0.592500 0.359604 5.657178
 0.595000 0.373978 5.836777
 0.597500 0.388798 6.017075
 0.600000 0.404074 6.201360
 0.602500 0.419820 6.391995
 0.605000 0.436046 6.584019
 0.607500 0.452741 6.768784
 0.610000 0.469888 6.942601
 0.612500 0.487460 7.109923
 0.615000 0.505460 7.288690
 0.617500 0.523943 7.503154
 0.620000 0.543035 7.777046
 0.622500 0.562906 8.126746
 0.625000 0.583739 8.543325
 0.627500 0.605667 8.998592
 0.630000 0.628742 9.455602
 0.632500 0.652923 9.876571
 0.635000 0.678090 10.241914
 0.637500 0.704102 10.555063
 0.640000 0.730851 10.836719
 0.642500 0.758294 11.114624
 0.645000 0.786446 11.406678
 0.647500 0.815365 11.729006
 0.650000 0.845127 12.078824
 0.652500 0.875793 12.455764
 0.655000 0.907431 12.854832
 0.657500 0.940097 13.277869
 0.660000 0.973851 13.725166
 0.662500 1.008745 14.190026
 0.665000 1.044813 14.656423
 0.667500 1.082026 15.099101
 0.670000 1.120287 15.491411
 0.672500 1.159432 15.813006
 0.675000 1.199286 16.058324
 0.677500 1.239684 16.247465
 0.680000 1.280520 16.421639
 0.682500 1.321824 16.628031
 0.685000 1.363737 16.911413
 0.687500 1.406488 17.305671
 0.690000 1.450376 17.822233
 0.692500 1.495699 18.452702
 0.695000 1.542721 19.172735
 0.697500 1.591625 19.954043
 0.700000 1.642528 20.775408
 0.702500 1.695507 21.613408
 0.705000 1.750610 22.468267
 0.707500 1.807866 23.337016
 0.710000 1.867295 24.209620
 0.712500 1.928873 25.051741
 0.715000 1.992481 25.821120
 0.717500 2.057863 26.462426
 0.720000 2.124623 26.923115
 0.722500 2.192289 27.175035
 0.725000 2.260322 27.230374
 0.727500 2.328290 27.132388
 0.730000 2.395913 26.969432
 0.732500 2.463143 26.837765
 0.735000 2.530181 26.830590
 0.737500 2.597426 27.011780
 0.740000 2.665391 27.407567
 0.742500 2.734589 27.998607
 0.745000 2.805463 28.733661
 0.747500 2.878262 29.533638
 0.750000 2.953064 30.314703
 0.752500 3.029714 31.007170
 0.755000 3.107918 31.555194
 0.757500 3.187266 31.918250
 0.760000 3.267275 32.088482
 0.762500 3.347457 32.065952
 0.765000 3.427370 31.876610
 0.767500 3.506637 31.559668
 0.770000 3.584994 31.166403
 0.772500 3.662325 30.753226
 0.775000 3.738661 30.374657
 0.777500 3.814122 30.067504
 0.780000 3.888928 29.842154
 0.782500 3.963253 29.688175
 0.785000 4.037223 29.553827
 0.787500 4.110818 29.382303
 0.790000 4.183881 29.117625
 0.792500 4.256120 28.726050
 0.795000 4.327178 28.181966
 0.797500 4.396687 27.487642
 0.800000 4.464273 26.661554
 0.802500 4.529655 25.732718
 0.805000 4.592625 24.733457
 0.807500 4.653022 23.693958
 0.810000 4.710781 22.627521
 0.812500 4.765821 21.528160
 0.815000 4.818046 20.367206
 0.817500 4.867259 19.121490
 0.820000 4.913221 17.760853
 0.822500 4.955619 16.286724
 0.825000 4.994189 14.702997
 0.827500 5.028672 13.032381
 0.830000 5.058887 11.290529
 0.832500 5.084649 9.484629
 0.835000 5.105801 7.602308
 0.837500 5.122130 5.638093
 0.840000 5.133433 3.584455
 0.842500 5.139516 1.479289
 0.845000 5.140283 -0.655562
 0.847500 5.135698 -2.793814
 0.850000 5.125738 -4.957240
 0.852500 5.110277 -7.197549
 0.855000 5.089015 -9.613867
 0.857500 5.061401 -12.275479
 0.860000 5.026777 -15.216252
 0.862500 4.984493 -18.383714
 0.865000 4.934105 -21.664470
 0.867500 4.875540 -24.899458
 0.870000 4.809080 -27.942472
 0.872500 4.735342 -30.719879
 0.875000 4.654999 -33.221154
 0.877500 4.568672 -35.519632
 0.880000 4.476729 -37.725799
 0.882500 4.379257 -39.941868
 0.885000 4.276161 -42.246718
 0.887500 4.167177 -44.638146
 0.890000 4.052136 -47.089579
 0.892500 3.930951 -49.532865
 0.895000 3.803733 -51.900200
 0.897500 3.670756 -54.126806
 0.900000 3.532446 -56.155189
 0.902500 3.389362 -57.932781
 0.905000 3.242196 -59.420752
 0.907500 3.091711 -60.585469
 0.910000 2.938728 -61.424037
 0.912500 2.784054 -61.950760
 0.915000 2.628414 -62.205011
 0.917500 2.472444 -62.233486
 0.920000 2.316650 -62.062469
 0.922500 2.161518 -61.713109
 0.925000 2.007500 -61.164533
 0.927500 1.855143 -60.392162
 0.930000 1.705052 -59.344708
 0.932500 1.557979 -57.988978
 0.935000 1.414731 -56.289182
 0.937500 1.276190 -54.230976
 0.940000 1.143245 -51.814524
 0.942500 1.016781 -49.071534
 0.945000 0.897554 -46.037551
 0.947500 0.786223 -42.783256
 0.950000 0.683240 -39.386319
 0.952500 0.588853 -35.933191
 0.955000 0.503092 -32.502850
 0.957500 0.425821 -29.167239
 0.960000 0.356738 -25.965496
 0.962500 0.295478 -22.921885
 0.965000 0.241635 -20.043838
 0.967500 0.194795 -17.331845
 0.970000 0.154542 -14.787850
 0.972500 0.120442 -12.417802
 0.975000 0.092048 -10.238721
 0.977500 0.068859 -8.267654
 0.980000 0.050331 -6.522255
 0.982500 0.035880 -5.014560
 0.985000 0.024905 -3.749640
 0.987500 0.016810 -2.723584
 0.990000 0.011006 -1.914133
 0.992500 0.006982 -1.301150
 0.995000 0.004285 -0.853583
 0.997500 0.002538 -0.538889
 1.000000 0.001450 -0.327676
 1.002500 0.000796 -0.190751
 1.005000 0.000420 -0.106501
 1.007500 0.000211 -0.056501
 1.010000 0.000101 -0.028242
 1.012500 0.000045 -0.013285
 1.015000 0.000019 -0.005853
 1.017500 0.000008 -0.002436
 1.020000 0.000003 -0.000852
 1.022500 0.000001 -0.000299
 1.025000 0.000000 -0.000075
 1.027500 0.000000 -0.000032
 1.030000 0.000000 0.000000
 1.032500 0.000000 0.000000
 1.035000 0.000000 0.000000
 1.037500 0.000000 0.000000
 1.040000 0.000000 0.000000
 1.042500 0.000000 0.000000
 1.045000 0.000000 0.000000
 1.047500 0.000000 0.000000
 1.050000 0.000000 0.000000
 1.052500 0.000000 0.000000
 1.055000 0.000000 0.000000
 1.057500 0.000000 0.000000
 1.060000 0.000000 0.000000
 1.062500 0.000000 0.000000
 1.065000 0.000000 0.000000
 1.067500 0.000000 0.000000
 1.070000 0.000000 0.000000
 1.072500 0.000000 0.000000
 1.075000 0.000000 0.000000
 1.077500 0.000000 0.000000
 1.080000 0.000000 0.000000
 1.082500 0.000000 0.000000
 1.085000 0.000000 0.000000
 1.087500 0.000000 0.000000
 1.090000 0.000000 0.000000
 1.092500 0.000000 0.000000
 1.095000 0.000000 0.000000
 1.097500 0.000000 0.000000
 1.100000 0.000000 0.000000
 1.102500 0.000000 0.000000
 1.105000 0.000000 0.000000
 1.107500 0.000000 0.000000
 1.110000 0.000000 0.000000
 1.112500 0.000000 0.000000
 1.115000 0.000000 0.000000
 1.117500 0.000000 0.000000
 1.120000 0.000000 0.000000
 1.122500 0.000000 0.000000
 1.125000 0.000000 0.000000
 1.127500 0.000000 0.000000
 1.130000 0.000000 0.000000
 1.132500 0.000000 0.000000
 1.135000 0.000000 0.000000
 1.137500 0.000000 0.000000
 1.140000 0.000000 0.000000
 1.142500 0.000000 0.000000
 1.145000 0.000000 0.000000
 1.147500 0.000000 0.000000
 1.150000 0.000000 0.000000
 1.152500 0.000000 0.000000
 1.155000 0.000000 0.000000
 1.157500 0.000000 0.000000
 1.160000 0.000000 0.000000
 1.162500 0.000000 0.000000
 1.165000 0.000000 0.000000
 1.167500 0.000000 0.000000
 1.170000 0.000000 0.000000
 1.172500 0.000000 0.000000
 1.175000 0.000000 0.000000
 1.177500 0.000000 0.000000
 1.180000 0.000000 0.000000
 1.182500 0.000000 0.000000
 1.185000 0.000000 0.000000
 1.187500 0.000000 0.000000
 1.190000 0.000000 0.000000
 1.192500 0.000000 0.000000
 1.195000 0.000000 0.000000
 1.197500 0.000000 0.000000
 1.200000 0.000000 0.000000
 1.202500 0.000000 0.000000
 1.205000 0.000000 0.000000
 1.207500 0.000000 0.000000
 1.210000 0.000000 0.000000
 1.212500 0.000000 0.000000
 1.215000 0.000000 0.000000
 1.217500 0.000000 0.000000
 1.220000 0.000000 0.000000
 1.222500 0.000000 0.000000
 1.225000 0.000000 0.000000
 1.227500 0.000000 0.000000
 1.230000 0.000000 0.000000
 1.232500 0.000000 0.000000
 1.235000 0.000000 0.000000
 1.237500 0.000000 0.000000
 1.240000 0.000000 0.000000
 1.242500 0.000000 0.000000
 1.245000 0.000000 0.000000
 1.247500 0.000000 0.000000
 1.250000 0.000000 0.000000
 1.252500 0.000000 0.000000
 1.255000 0.000000 0.000000
 1.257500 0.000000 0.000000
 1.260000 0.000000 0.000000
 1.262500 0.000000 0.000000
 1.265000 0.000000 0.000000
 1.267500 0.000000 0.000000
 1.270000 0.000000 0.000000
 1.272500 0.000000 0.000000
 1.275000 0.000000 0.000000
 1.277500 0.000000 0.000000
 1.280000 0.000000 0.000000
 1.282500 0.000000 0.000000
 1.285000 0.000000 0.000000
 1.287500 0.000000 0.000000
 1.290000 0.000000 0.000000
 1.292500 0.000000 0.000000
 1.295000 0.000000 0.000000
 1.297500 0.000000 0.000000
 1.300000 0.000000 0.000000
 1.302500 0.000000 0.000000
 1.305000 0.000000 0.000000
 1.307500 0.000000 0.000000
 1.310000 0.000000 0.000000
 1.312500 0.000000 0.000000
 1.315000 0.000000 0.000000
 1.317500 0.000000 0.000000
 1.320000 0.000000 0.000000
 1.322500 0.000000 0.000000
 1.325000 0.000000 0.000000
 1.327500 0.000000 0.000000
 1.330000 0.000000 0.000000
 1.332500 0.000000 0.000000
 1.335000 0.000000 0.000000
 1.337500 0.000000 0.000000
 1.340000 0.000000 0.000000
 1.342500 0.000000 0.000000
 1.345000 0.000000 0.000000
 1.347500 0.000000 0.000000
 1.350000 0.000000 0.000000
 1.352500 0.000000 0.000000
 1.355000 0.000000 0.000000
 1.357500 0.000000 0.000000
 1.360000 0.000000 0.000000
 1.362500 0.000000 0.000000
 1.365000 0.000000 0.000000
 1.367500 0.000000 0.000000
 1.370000 0.000000 0.000000
 1.372500 0.000000 0.000000
 1.375000 0.000000 0.000000
 1.377500 0.000000 0.000000
 1.380000 0.000000 0.000000
 1.382500 0.000000 0.000000
 1.385000 0.000000 0.000000
 1.387500 0.000000 0.000000
 1.390000 0.000000 0.000000
 1.392500 0.000000 0.000000
 1.395000 0.000000 0.000000
 1.397500 0.000000 0.000000
 1.400000 0.000000 0.000000
 1.402500 0.000000 0.000000
 1.405000 0.000000 0.000000
 1.407500 0.000000 0.000000
 1.410000 0.000000 0.000000
 1.412500 0.000000 0.000000
 1.415000 0.000000 0.000000
 1.417500 0.000000 0.000000
 1.420000 0.000000 0.000000
 1.422500 0.000000 0.000000
 1.425000 0.000000 0.000000
 1.427500 0.000000 0.000000
 1.430000 0.000000 0.000000
 1.432500 0.000000 0.000000
 1.435000 0.000000 0.000000
 1.437500 0.000000 0.000000
 1.440000 0.000000 0.000000
 1.442500 0.000000 0.000000
 1.445000 0.000000 0.000000
 1.447500 0.000000 0.000000
 1.450000 0.000000 0.000000
 1.452500 0.000000 0.000000
 1.455000 0.000000 0.000000
 1.457500 0.000000 0.000000
 1.460000 0.000000 0.000000
 1.462500 0.000000 0.000000
 1.465000 0.000000 0.000000
 1.467500 0.000000 0.000000
 1.470000 0.000000 0.000000
 1.472500 0.000000 0.000000
 1.475000 0.000000 0.000000
 1.477500 0.000000 0.000000
 1.480000 0.000000 0.000000
 1.482500 0.000000 0.000000
 1.485000 0.000000 0.000000
 1.487500 0.000000 0.000000
 1.490000 0.000000 0.000000
 1.492500 0.000000 0.000000
 1.495000 0.000000 0.000000
 1.497500 0.000000 0.000000
 1.500000 0.000000 0.000000
 1.502500 0.000000 0.000000
 1.505000 0.000000 0.000000
 1.507500 0.000000 0.000000
 1.510000 0.000000 0.000000
 1.512500 0.000000 0.000000
 1.515000 0.000000 0.000000
 1.517500 0.000000 0.000000
 1.520000 0.000000 0.000000
 1.522500 0.000000 0.000000
 1.525000 0.000000 0.000000
 1.527500 0.000000 0.000000
 1.530000 0.000000 0.000000
 1.532500 0.000000 0.000000
 1.535000 0.000000 0.000000
 1.537500 0.000000 0.000000
 1.540000 0.000000 0.000000
 1.542500 0.000000 0.000000
 1.545000 0.000000 0.000000
 1.547500 0.000000 0.000000
 1.550000 0.000000 0.000000
 1.552500 0.000000 0.000000
 1.555000 0.000000 0.000000
 1.557500 0.000000 0.000000
 1.560000 0.000000 0.000000
 1.562500 0.000000 0.000000
 1.565000 0.000000 0.000000
 1.567500 0.000000 0.000000
 1.570000 0.000000 0.000000
 1.572500 0.000000 0.000000
 1.575000 0.000000 0.000000
 1.577500 0.000000 0.000000
 1.580000 0.000000 0.000000
 1.582500 0.000000 0.000000
 1.585000 0.000000 0.000000
 1.587500 0.000000 0.000000
 1.590000 0.000000 0.000000
 1.592500 0.000000 0.000000
 1.595000 0.000000 0.000000
 1.597500 0.000000 0.000000
 1.600000 0.000000 0.000000
 1.602500 0.000000 0.000000
 1.605000 0.000000 0.000000
 1.607500 0.000000 0.000000
 1.610000 0.000000 0.000000
 1.612500 0.000000 0.000000
 1.615000 0.000000 0.000000
 1.617500 0.000000 0.000000
 1.620000 0.000000 0.000000
 1.622500 0.000000 0.000000
 1.625000 0.000000 0.000000
 1.627500 0.000000 0.000000
 1.630000 0.000000 0.000000
 1.632500 0.000000 0.000000
 1.635000 0.000000 0.000000
 1.637500 0.000000 0.000000
 1.640000 0.000000 0.000000
 1.642500 0.000000 0.000000
 1.645000 0.000000 0.000000
 1.647500 0.000000 0.000000
 1.650000 0.000000 0.000000
 1.652500 0.000000 0.000000
 1.655000 0.000000 0.000000
 1.657500 0.000000 0.000000
 1.660000 0.000000 0.000000
 1.662500 0.000000 0.000000
 1.665000 0.000000 0.000000
 1.667500 0.000000 0.000000
 1.670000 0.000000 0.000000
 1.672500 0.000000 0.000000
 1.675000 0.000000 0.000000
 1.677500 0.000000 0.000000
 1.680000 0.000000 0.000000
 1.682500 0.000000 0.000000
 1.685000 0.000000 0.000000
 1.687500 0.000000 0.000000
 1.690000 0.000000 0.000000
 1.692500 0.000000 0.000000
 1.695000 0.000000 0.000000
 1.697500 0.000000 0.000000
 1.700000 0.000000 0.000000
 1.702500 0.000000 0.000000
 1.705000 0.000000 0.000000
 1.707500 0.000000 0.000000
 1.710000 0.000000 0.000000
 1.712500 0.000000 0.000000
 1.715000 0.000000 0.000000
 1.717500 0.000000 0.000000
 1.720000 0.000000 0.000000
 1.722500 0.000000 0.000000
 1.725000 0.000000 0.000000
 1.727500 0.000000 0.000000
 1.730000 0.000000 0.000000
 1.732500 0.000000 0.000000
 1.735000 0.000000 0.000000
 1.737500 0.000000 0.000000
 1.740000 0.000000 0.000000
 1.742500 0.000000 0.000000
 1.745000 0.000000 0.000000
 1.747500 0.000000 0.000000
 1.750000 0.000000 0.000000
 1.752500 0.000000 0.000000
 1.755000 0.000000 0.000000
 1.757500 0.000000 0.000000
 1.760000 0.000000 0.000000
 1.762500 0.000000 0.000000
 1.765000 0.000000 0.000000
 1.767500 0.000000 0.000000
 1.770000 0.000000 0.000000
 1.772500 0.000000 0.000000
 1.775000 0.000000 0.000000
 1.777500 0.000000 0.000000
 1.780000 0.000000 0.000000
 1.782500 0.000000 0.000000
 1.785000 0.000000 0.000000
 1.787500 0.000000 0.000000
 1.790000 0.000000 0.000000
 1.792500 0.000000 0.000000
 1.795000 0.000000 0.000000
 1.797500 0.000000 0.000000
 1.800000 0.000000 0.000000
 1.802500 0.000000 0.000000
 1.805000 0.000000 0.000000
 1.807500 0.000000 0.000000
 1.810000 0.000000 0.000000
 1.812500 0.000000 0.000000
 1.815000 0.000000 0.000000
 1.817500 0.000000 0.000000
 1.820000 0.000000 0.000000
 1.822500 0.000000 0.000000
 1.825000 0.000000 0.000000
 1.827500 0.000000 0.000000
 1.830000 0.000000 0.000000
 1.832500 0.000000 0.000000
 1.835000 0.000000 0.000000
 1.837500 0.000000 0.000000
 1.840000 0.000000 0.000000
 1.842500 0.000000 0.000000
 1.845000 0.000000 0.000000
 1.847500 0.000000 0.000000
 1.850000 0.000000 0.000000
 1.852500 0.000000 0.000000
 1.855000 0.000000 0.000000
 1.857500 0.000000 0.000000
 1.860000 0.000000 0.000000
 1.862500 0.000000 0.000000
 1.865000 0.000000 0.000000
 1.867500 0.000000 0.000000
 1.870000 0.000000 0.000000
 1.872500 0.000000 0.000000
 1.875000 0.000000 0.000000
 1.877500 0.000000 0.000000
 1.880000 0.000000 0.000000
 1.882500 0.000000 0.000000
 1.885000 0.000000 0.000000
 1.887500 0.000000 0.000000
 1.890000 0.000000 0.000000
 1.892500 0.000000 0.000000
 1.895000 0.000000 0.000000
 1.897500 0.000000 0.000000
 1.900000 0.000000 0.000000
 1.902500 0.000000 0.000000
 1.905000 0.000000 0.000000
 1.907500 0.000000 0.000000
 1.910000 0.000000 0.000000
 1.912500 0.000000 0.000000
 1.915000 0.000000 0.000000
 1.917500 0.000000 0.000000
 1.920000 0.000000 0.000000
 1.922500 0.000000 0.000000
 1.925000 0.000000 0.000000
 1.927500 0.000000 0.000000
 1.930000 0.000000 0.000000
 1.932500 0.000000 0.000000
 1.935000 0.000000 0.000000
 1.937500 0.000000 0.000000
 1.940000 0.000000 0.000000
 1.942500 0.000000 0.000000
 1.945000 0.000000 0.000000
 1.947500 0.000000 0.000000
 1.950000 0.000000 0.000000
 1.952500 0.000000 0.000000
 1.955000 0.000000 0.000000
 1.957500 0.000000 0.000000
 1.960000 0.000000 0.000000
 1.962500 0.000000 0.000000
 1.965000 0.000000 0.000000
 1.967500 0.000000 0.000000
 1.970000 0.000000 0.000000
 1.972500 0.000000 0.000000
 1.975000 0.000000 0.000000
 1.977500 0.000000 0.000000
 1.980000 0.000000 0.000000
 1.982500 0.000000 0.000000
 1.985000 0.000000 0.000000
 1.987500 0.000000 0.000000
 1.990000 0.000000 0.000000
 1.992500 0.000000 0.000000
 1.995000 0.000000 0.000000
 1.997500 0.000000 0.000000
 2.000000 0.000000 0.000000
