#! FIELDS es hh dhh_es
#! SET normalisation  2000.000000
#! SET min_es -0.5
#! SET max_es 2
#! SET nbins_es  1000
#! SET periodic_es false
 -0.500000 0.000000 0.000000
 -0.497500 0.000000 0.000000
 -0.495000 0.000000 0.000000
 -0.492500 0.000000 0.000000
 -0.490000 0.000000 0.000000
 -0.487500 0.000000 0.000000
 -0.485000 0.000000 0.000000
 -0.482500 0.000000 0.000000
 -0.480000 0.000000 0.000000
 -0.477500 0.000000 0.000000
 -0.475000 0.000000 0.000000
 -0.472500 0.000000 0.000000
 -0.470000 0.000000 0.000000
 -0.467500 0.000000 0.000000
 -0.465000 0.000000 0.000000
 -0.462500 0.000000 0.000000
 -0.460000 0.000000 0.000000
 -0.457500 0.000000 0.000000
 -0.455000 0.000000 0.000000
 -0.452500 0.000000 0.000000
 -0.450000 0.000000 0.000000
 -0.447500 0.000000 0.000000
 -0.445000 0.000000 0.000000
 -0.442500 0.000000 0.000000
 -0.440000 0.000000 0.000000
 -0.437500 0.000000 0.000000
 -0.435000 0.000000 0.000000
 -0.432500 0.000000 0.000000
 -0.430000 0.000000 0.000000
 -0.427500 0.000000 0.000000
 -0.425000 0.000000 0.000000
 -0.422500 0.000000 0.000000
 -0.420000 0.000000 0.000000
 -0.417500 0.000000 0.000000
 -0.415000 0.000000 0.000000
 -0.412500 0.000000 0.000000
 -0.410000 0.000000 0.000000
 -0.407500 0.000000 0.000000
 -0.405000 0.000000 0.000000
 -0.402500 0.000000 0.000000
 -0.400000 0.000000 0.000000
 -0.397500 0.000000 0.000000
 -0.395000 0.000000 0.000000
 -0.392500 0.000000 0.000000
 -0.390000 0.000000 0.000000
 -0.387500 0.000000 0.000000
 -0.385000 0.000000 0.000000
 -0.382500 0.000000 0.000000
 -0.380000 0.000000 0.000000
 -0.377500 0.000000 0.000000
 -0.375000 0.000000 0.000000
 -0.372500 0.000000 0.000000
 -0.370000 0.000000 0.000000
 -0.367500 0.000000 0.000000
 -0.365000 0.000000 0.000000
 -0.362500 0.000000 0.000000
 -0.360000 0.000000 0.000000
 -0.357500 0.000000 0.000000
 -0.355000 0.000000 0.000000
 -0.352500 0.000000 0.000000
 -0.350000 0.000000 0.000000
 -0.347500 0.000000 0.000000
 -0.345000 0.000000 0.000000
 -0.342500 0.000000 0.000000
 -0.340000 0.000000 0.000000
 -0.337500 0.000000 0.000000
 -0.335000 0.000000 0.000000
 -0.332500 0.000000 0.000000
 -0.330000 0.000000 0.000000
 -0.327500 0.000000 0.000000
 -0.325000 0.000000 0.000000
 -0.322500 0.000000 0.000000
 -0.320000 0.000000 0.000000
 -0.317500 0.000000 0.000000
 -0.315000 0.000000 0.000000
 -0.312500 0.000000 0.000000
 -0.310000 0.000000 0.000000
 -0.307500 0.000000 0.000000
 -0.305000 0.000000 0.000000
 -0.302500 0.000000 0.000000
 -0.300000 0.000000 0.000000
 -0.297500 0.000000 0.000000
 -0.295000 0.000000 0.000000
 -0.292500 0.000000 0.000000
 -0.290000 0.000000 0.000000
 -0.287500 0.000000 0.000000
 -0.285000 0.000000 0.000000
 -0.282500 0.000000 0.000000
 -0.280000 0.000000 0.000000
 -0.277500 0.000000 0.000000
 -0.275000 0.000000 0.000000
 -0.272500 0.000000 0.000000
 -0.270000 0.000000 0.000000
 -0.267500 0.000000 0.000000
 -0.265000 0.000000 0.000000
 -0.262500 0.000000 0.000000
 -0.260000 0.000000 0.000000
 -0.257500 0.000000 0.000000
 -0.255000 0.000000 0.000000
 -0.252500 0.000000 0.000000
 -0.250000 0.000000 0.000000
 -0.247500 0.000000 0.000000
 -0.245000 0.000000 0.000000
 -0.242500 0.000000 0.000000
 -0.240000 0.000000 0.000000
 -0.237500 0.000000 0.000000
 -0.235000 0.000000 0.000000
 -0.232500 0.000000 0.000000
 -0.230000 0.000000 0.000000
 -0.227500 0.000000 0.000000
 -0.225000 0.000000 0.000000
 -0.222500 0.000000 0.000000
 -0.220000 0.000000 0.000000
 -0.217500 0.000000 0.000000
 -0.215000 0.000000 0.000000
 -0.212500 0.000000 0.000000
 -0.210000 0.000000 0.000000
 -0.207500 0.000000 0.000000
 -0.205000 0.000000 0.000000
 -0.202500 0.000000 0.000000
 -0.200000 0.000000 0.000000
 -0.197500 0.000000 0.000000
 -0.195000 0.000000 0.000000
 -0.192500 0.000000 0.000000
 -0.190000 0.000000 0.000000
 -0.187500 0.000000 0.000000
 -0.185000 0.000000 0.000000
 -0.182500 0.000000 0.000000
 -0.180000 0.000000 0.000000
 -0.177500 0.000000 0.000000
 -0.175000 0.000000 0.000000
 -0.172500 0.000000 0.000000
 -0.170000 0.000000 0.000000
 -0.167500 0.000000 0.000000
 -0.165000 0.000000 0.000000
 -0.162500 0.000000 0.000000
 -0.160000 0.000000 0.000000
 -0.157500 0.000000 0.000000
 -0.155000 0.000000 0.000000
 -0.152500 0.000000 0.000000
 -0.150000 0.000000 0.000000
 -0.147500 0.000000 0.000000
 -0.145000 0.000000 0.000000
 -0.142500 0.000000 0.000000
 -0.140000 0.000000 0.000000
 -0.137500 0.000000 0.000000
 -0.135000 0.000000 0.000000
 -0.132500 0.000000 0.000000
 -0.130000 0.000000 0.000000
 -0.127500 0.000000 0.000000
 -0.125000 0.000000 0.000000
 -0.122500 0.000000 0.000000
 -0.120000 0.000000 0.000000
 -0.117500 0.000000 0.000000
 -0.115000 0.000000 0.000000
 -0.112500 0.000000 0.000000
 -0.110000 0.000000 0.000000
 -0.107500 0.000000 0.000000
 -0.105000 0.000000 0.000000
 -0.102500 0.000000 0.000000
 -0.100000 0.000000 0.000000
 -0.097500 0.000000 0.000000
 -0.095000 0.000000 0.000000
 -0.092500 0.000000 0.000000
 -0.090000 0.000000 0.000000
 -0.087500 0.000000 0.000000
 -0.085000 0.000000 0.000000
 -0.082500 0.000000 0.000000
 -0.080000 0.000000 0.000000
 -0.077500 0.000000 0.000000
 -0.075000 0.000000 0.000000
 -0.072500 0.000000 0.000000
 -0.070000 0.000000 0.000000
 -0.067500 0.000000 0.000000
 -0.065000 0.000000 0.000000
 -0.062500 0.000000 0.000000
 -0.060000 0.000000 0.000000
 -0.057500 0.000000 0.000000
 -0.055000 0.000000 0.000000
 -0.052500 0.000000 0.000000
 -0.050000 0.000000 0.000000
 -0.047500 0.000000 0.000000
 -0.045000 0.000000 0.000000
 -0.042500 0.000000 0.000000
 -0.040000 0.000000 0.000000
 -0.037500 0.000000 0.000000
 -0.035000 0.000000 0.000000
 -0.032500 0.000000 0.000000
 -0.030000 0.000000 0.000000
 -0.027500 0.000000 0.000000
 -0.025000 0.000000 0.000000
 -0.022500 0.000000 0.000000
 -0.020000 0.000000 0.000000
 -0.017500 0.000000 0.000029
 -0.015000 0.000000 0.000067
 -0.012500 0.000000 0.000146
 -0.010000 0.000001 0.000295
 -0.007500 0.000002 0.000557
 -0.005000 0.000004 0.000981
 -0.002500 0.000007 0.001607
 0.000000 0.000012 0.002441
 0.002500 0.000019 0.003430
 0.005000 0.000029 0.004438
 0.007500 0.000041 0.005247
 0.010000 0.000055 0.005600
 0.012500 0.000069 0.005274
 0.015000 0.000081 0.004170
 0.017500 0.000089 0.002369
 0.020000 0.000092 0.000145
 0.022500 0.000090 -0.002105
 0.025000 0.000082 -0.003977
 0.027500 0.000071 -0.005179
 0.030000 0.000057 -0.005577
 0.032500 0.000043 -0.005267
 0.035000 0.000031 -0.004435
 0.037500 0.000021 -0.003311
 0.040000 0.000015 -0.002080
 0.042500 0.000011 -0.000843
 0.045000 0.000010 0.000382
 0.047500 0.000013 0.001614
 0.050000 0.000018 0.002854
 0.052500 0.000027 0.004035
 0.055000 0.000039 0.005031
 0.057500 0.000052 0.005601
 0.060000 0.000066 0.005569
 0.062500 0.000079 0.004827
 0.065000 0.000090 0.003470
 0.067500 0.000096 0.001799
 0.070000 0.000099 0.000259
 0.072500 0.000098 -0.000668
 0.075000 0.000096 -0.000615
 0.077500 0.000096 0.000480
 0.080000 0.000100 0.002490
 0.082500 0.000109 0.005091
 0.085000 0.000125 0.007846
 0.087500 0.000148 0.010496
 0.090000 0.000178 0.012960
 0.092500 0.000213 0.015431
 0.095000 0.000255 0.018275
 0.097500 0.000305 0.021677
 0.100000 0.000364 0.025634
 0.102500 0.000433 0.029677
 0.105000 0.000512 0.032981
 0.107500 0.000597 0.034497
 0.110000 0.000682 0.033439
 0.112500 0.000762 0.029664
 0.115000 0.000829 0.023872
 0.117500 0.000881 0.017457
 0.120000 0.000918 0.012319
 0.122500 0.000945 0.010093
 0.125000 0.000971 0.011728
 0.127500 0.001007 0.016998
 0.130000 0.001058 0.024601
 0.132500 0.001130 0.032468
 0.135000 0.001219 0.038365
 0.137500 0.001319 0.040713
 0.140000 0.001420 0.039114
 0.142500 0.001512 0.034238
 0.145000 0.001590 0.027770
 0.147500 0.001651 0.021527
 0.150000 0.001699 0.017005
 0.152500 0.001738 0.014933
 0.155000 0.001776 0.015318
 0.157500 0.001817 0.017817
 0.160000 0.001866 0.021988
 0.162500 0.001928 0.027567
 0.165000 0.002006 0.034483
 0.167500 0.002102 0.042924
 0.170000 0.002222 0.053156
 0.172500 0.002370 0.065468
 0.175000 0.002551 0.079459
 0.177500 0.002768 0.094316
 0.180000 0.003022 0.108324
 0.182500 0.003307 0.119353
 0.185000 0.003615 0.125328
 0.187500 0.003929 0.124940
 0.190000 0.004234 0.118437
 0.192500 0.004517 0.107399
 0.195000 0.004770 0.094489
 0.197500 0.004991 0.082717
 0.200000 0.005186 0.074386
 0.202500 0.005367 0.071083
 0.205000 0.005547 0.072819
 0.207500 0.005736 0.078905
 0.210000 0.005944 0.087536
 0.212500 0.006174 0.096671
 0.215000 0.006426 0.104021
 0.217500 0.006692 0.108052
 0.220000 0.006964 0.108467
 0.222500 0.007233 0.106423
 0.225000 0.007497 0.104864
 0.227500 0.007761 0.107233
 0.230000 0.008039 0.116850
 0.232500 0.008353 0.135544
 0.235000 0.008725 0.162723
 0.237500 0.009173 0.195723
 0.240000 0.009705 0.230144
 0.242500 0.010321 0.260818
 0.245000 0.011005 0.284632
 0.247500 0.011738 0.300273
 0.250000 0.012502 0.310022
 0.252500 0.013287 0.318294
 0.255000 0.014098 0.330793
 0.257500 0.014950 0.352290
 0.260000 0.015870 0.384515
 0.262500 0.016881 0.426208
 0.265000 0.018004 0.471147
 0.267500 0.019236 0.512267
 0.270000 0.020557 0.541930
 0.272500 0.021933 0.555656
 0.275000 0.023323 0.553064
 0.277500 0.024690 0.539052
 0.280000 0.026016 0.521436
 0.282500 0.027303 0.508832
 0.285000 0.028572 0.507395
 0.287500 0.029852 0.518025
 0.290000 0.031170 0.536942
 0.292500 0.032538 0.556341
 0.295000 0.033948 0.569058
 0.297500 0.035375 0.570299
 0.300000 0.036791 0.560504
 0.302500 0.038174 0.545529
 0.305000 0.039523 0.533304
 0.307500 0.040853 0.532743
 0.310000 0.042202 0.548805
 0.312500 0.043613 0.582107
 0.315000 0.045125 0.628306
 0.317500 0.046759 0.679692
 0.320000 0.048523 0.729604
 0.322500 0.050406 0.775943
 0.325000 0.052401 0.819544
 0.327500 0.054509 0.866489
 0.330000 0.056745 0.923969
 0.332500 0.059143 0.996178
 0.335000 0.061739 1.082818
 0.337500 0.064565 1.178038
 0.340000 0.067629 1.272697
 0.342500 0.070917 1.354637
 0.345000 0.074385 1.415805
 0.347500 0.077974 1.448676
 0.350000 0.081606 1.451541
 0.352500 0.085208 1.424808
 0.355000 0.088710 1.372732
 0.357500 0.092059 1.302460
 0.360000 0.095221 1.226381
 0.362500 0.098198 1.157531
 0.365000 0.101032 1.114648
 0.367500 0.103810 1.114944
 0.370000 0.106656 1.170723
 0.372500 0.109717 1.286202
 0.375000 0.113132 1.452146
 0.377500 0.117008 1.650530
 0.380000 0.121393 1.856304
 0.382500 0.126277 2.046308
 0.385000 0.131598 2.203423
 0.387500 0.137265 2.322578
 0.390000 0.143183 2.406148
 0.392500 0.149273 2.461777
 0.395000 0.155476 2.496097
 0.397500 0.161743 2.514604
 0.400000 0.168038 2.519667
 0.402500 0.174331 2.513078
 0.405000 0.180602 2.501733
 0.407500 0.186846 2.494429
 0.410000 0.193087 2.500969
 0.412500 0.199373 2.530769
 0.415000 0.205765 2.586112
 0.417500 0.212324 2.662505
 0.420000 0.219092 2.750315
 0.422500 0.226082 2.840280
 0.425000 0.233288 2.923600
 0.427500 0.240692 2.999581
 0.430000 0.248281 3.070917
 0.432500 0.256049 3.144157
 0.435000 0.264009 3.225261
 0.437500 0.272186 3.317943
 0.440000 0.280611 3.423507
 0.442500 0.289316 3.544673
 0.445000 0.298342 3.679991
 0.447500 0.307721 3.825702
 0.450000 0.317471 3.975093
 0.452500 0.327588 4.115815
 0.455000 0.338035 4.237881
 0.457500 0.348759 4.335622
 0.460000 0.359693 4.409276
 0.462500 0.370790 4.466609
 0.465000 0.382019 4.518921
 0.467500 0.393383 4.574726
 0.470000 0.404904 4.645947
 0.472500 0.416631 4.740790
 0.475000 0.428636 4.868965
 0.477500 0.441008 5.037665
 0.480000 0.453858 5.248927
 0.482500 0.467282 5.497701
 0.485000 0.481360 5.766646
 0.487500 0.496116 6.034679
 0.490000 0.511521 6.283795
 0.492500 0.527508 6.501770
 0.495000 0.543999 6.690317
 0.497500 0.560938 6.861819
 0.500000 0.578298 7.031625
 0.502500 0.596099 7.213415
 0.505000 0.614376 7.410918
 0.507500 0.633161 7.617540
 0.510000 0.652453 7.816251
 0.512500 0.672214 7.986844
 0.515000 0.692343 8.110472
 0.517500 0.712711 8.179700
 0.520000 0.733196 8.204025
 0.522500 0.753714 8.213100
 0.525000 0.774277 8.247304
 0.527500 0.795001 8.350560
 0.530000 0.816098 8.547946
 0.532500 0.837812 8.841698
 0.535000 0.860350 9.202968
 0.537500 0.883823 9.579355
 0.540000 0.908200 9.918240
 0.542500 0.933331 10.179265
 0.545000 0.959001 10.345236
 0.547500 0.984976 10.430565
 0.550000 1.011089 10.462953
 0.552500 1.037259 10.484510
 0.555000 1.063504 10.524593
 0.557500 1.089901 10.606686
 0.560000 1.116556 10.734449
 0.562500 1.143586 10.903664
 0.565000 1.171071 11.101281
 0.567500 1.199079 11.318180
 0.570000 1.227652 11.551518
 0.572500 1.256836 11.809557
 0.575000 1.286712 12.109096
 0.577500 1.317405 12.466618
 0.580000 1.349077 12.897818
 0.582500 1.381913 13.398863
 0.585000 1.416076 13.952034
 0.587500 1.451650 14.517530
 0.590000 1.488595 15.044334
 0.592500 1.526745 15.473782
 0.595000 1.565803 15.764217
 0.597500 1.605386 15.893724
 0.600000 1.645087 15.867128
 0.602500 1.684568 15.717698
 0.605000 1.723571 15.497207
 0.607500 1.761995 15.264358
 0.610000 1.799872 15.069787
 0.612500 1.837346 14.948639
 0.615000 1.874623 14.914005
 0.617500 1.911931 14.968003
 0.620000 1.949468 15.098980
 0.622500 1.987416 15.299546
 0.625000 2.025948 15.569122
 0.627500 2.065255 15.915812
 0.630000 2.105522 16.341107
 0.632500 2.146930 16.824921
 0.635000 2.189566 17.320183
 0.637500 2.233386 17.754861
 0.640000 2.278137 18.064239
 0.642500 2.323445 18.193022
 0.645000 2.368838 18.135741
 0.647500 2.413878 17.918969
 0.650000 2.458234 17.594935
 0.652500 2.501708 17.226736
 0.655000 2.544246 16.853620
 0.657500 2.585871 16.499161
 0.660000 2.626640 16.167056
 0.662500 2.666596 15.860302
 0.665000 2.705829 15.591977
 0.667500 2.744469 15.393245
 0.670000 2.782746 15.310877
 0.672500 2.821009 15.387261
 0.675000 2.859672 15.631724
 0.677500 2.899118 16.001511
 0.680000 2.939556 16.417117
 0.682500 2.980958 16.752702
 0.685000 3.022982 16.902594
 0.687500 3.065060 16.793789
 0.690000 3.106536 16.427681
 0.692500 3.146833 15.857059
 0.695000 3.185534 15.186779
 0.697500 3.222541 14.513163
 0.700000 3.257941 13.914401
 0.702500 3.291986 13.427964
 0.705000 3.324948 13.056186
 0.707500 3.357098 12.767738
 0.710000 3.388575 12.520151
 0.712500 3.419432 12.257611
 0.715000 3.449561 11.934853
 0.717500 3.478762 11.507613
 0.720000 3.506745 10.956625
 0.722500 3.533189 10.292969
 0.725000 3.557870 9.555820
 0.727500 3.580655 8.803758
 0.730000 3.601617 8.101572
 0.732500 3.620941 7.501311
 0.735000 3.638907 7.016870
 0.737500 3.655770 6.620239
 0.740000 3.671701 6.247985
 0.742500 3.686641 5.828885
 0.745000 3.700387 5.280915
 0.747500 3.712546 4.552160
 0.750000 3.722627 3.627512
 0.752500 3.730166 2.528060
 0.755000 3.734802 1.313290
 0.757500 3.736341 0.072285
 0.760000 3.734830 -1.104850
 0.762500 3.730534 -2.135033
 0.765000 3.723907 -2.974379
 0.767500 3.715437 -3.601467
 0.770000 3.705627 -4.051285
 0.772500 3.694844 -4.397862
 0.775000 3.683242 -4.717343
 0.777500 3.670772 -5.103941
 0.780000 3.657159 -5.640641
 0.782500 3.641948 -6.390924
 0.785000 3.624551 -7.382705
 0.787500 3.604367 -8.620188
 0.790000 3.580819 -10.065915
 0.792500 3.553463 -11.642561
 0.795000 3.522098 -13.251580
 0.797500 3.486788 -14.776105
 0.800000 3.447888 -16.108838
 0.802500 3.405994 -17.159846
 0.805000 3.361867 -17.897258
 0.807500 3.316278 -18.331368
 0.810000 3.269899 -18.545187
 0.812500 3.223140 -18.653722
 0.815000 3.176099 -18.799392
 0.817500 3.128504 -19.107783
 0.820000 3.079834 -19.673854
 0.822500 3.029388 -20.520934
 0.825000 2.976510 -21.608311
 0.827500 2.920720 -22.828453
 0.830000 2.861847 -24.053311
 0.832500 2.800036 -25.157079
 0.835000 2.735694 -26.070811
 0.837500 2.669332 -26.780750
 0.840000 2.601419 -27.322922
 0.842500 2.532291 -27.769520
 0.845000 2.462102 -28.179857
 0.847500 2.390877 -28.594106
 0.850000 2.318621 -29.021387
 0.852500 2.245316 -29.420642
 0.855000 2.171087 -29.752826
 0.857500 2.096155 -29.980149
 0.860000 2.020808 -30.082731
 0.862500 1.945362 -30.062743
 0.865000 1.870097 -29.942499
 0.867500 1.795228 -29.756139
 0.870000 1.720878 -29.538453
 0.872500 1.647086 -29.317484
 0.875000 1.573837 -29.109389
 0.877500 1.501091 -28.921699
 0.880000 1.428797 -28.743710
 0.882500 1.356958 -28.559244
 0.885000 1.285615 -28.337838
 0.887500 1.214905 -28.060091
 0.890000 1.144997 -27.697745
 0.892500 1.076117 -27.241289
 0.895000 1.008501 -26.693166
 0.897500 0.942361 -26.063094
 0.900000 0.877889 -25.370766
 0.902500 0.815224 -24.626208
 0.905000 0.754486 -23.829043
 0.907500 0.695816 -22.978922
 0.910000 0.639354 -22.059120
 0.912500 0.585295 -21.063232
 0.915000 0.533835 -19.985571
 0.917500 0.485170 -18.833338
 0.920000 0.439461 -17.630664
 0.922500 0.396791 -16.409270
 0.925000 0.357165 -15.211972
 0.927500 0.320474 -14.070329
 0.930000 0.286547 -13.009422
 0.932500 0.255170 -12.035936
 0.935000 0.226128 -11.140288
 0.937500 0.199252 -10.306123
 0.940000 0.174413 -9.510228
 0.942500 0.151542 -8.735729
 0.945000 0.130596 -7.971901
 0.947500 0.111553 -7.219061
 0.950000 0.094379 -6.482192
 0.952500 0.079022 -5.767775
 0.955000 0.065419 -5.084175
 0.957500 0.053490 -4.435916
 0.960000 0.043139 -3.823267
 0.962500 0.034275 -3.249638
 0.965000 0.026798 -2.718459
 0.967500 0.020593 -2.232683
 0.970000 0.015542 -1.798689
 0.972500 0.011511 -1.419735
 0.975000 0.008360 -1.097005
 0.977500 0.005948 -0.829358
 0.980000 0.004141 -0.613200
 0.982500 0.002818 -0.442820
 0.985000 0.001873 -0.312427
 0.987500 0.001214 -0.214761
 0.990000 0.000764 -0.143249
 0.992500 0.000468 -0.092816
 0.995000 0.000277 -0.058196
 0.997500 0.000159 -0.035288
 1.000000 0.000088 -0.020701
 1.002500 0.000047 -0.011721
 1.005000 0.000024 -0.006325
 1.007500 0.000012 -0.003208
 1.010000 0.000005 -0.001546
 1.012500 0.000002 -0.000765
 1.015000 0.000001 -0.000249
 1.017500 0.000000 -0.000121
 1.020000 0.000000 -0.000055
 1.022500 0.000000 0.000000
 1.025000 0.000000 0.000000
 1.027500 0.000000 0.000000
 1.030000 0.000000 0.000000
 1.032500 0.000000 0.000000
 1.035000 0.000000 0.000000
 1.037500 0.000000 0.000000
 1.040000 0.000000 0.000000
 1.042500 0.000000 0.000000
 1.045000 0.000000 0.000000
 1.047500 0.000000 0.000000
 1.050000 0.000000 0.000000
 1.052500 0.000000 0.000000
 1.055000 0.000000 0.000000
 1.057500 0.000000 0.000000
 1.060000 0.000000 0.000000
 1.062500 0.000000 0.000000
 1.065000 0.000000 0.000000
 1.067500 0.000000 0.000000
 1.070000 0.000000 0.000000
 1.072500 0.000000 0.000000
 1.075000 0.000000 0.000000
 1.077500 0.000000 0.000000
 1.080000 0.000000 0.000000
 1.082500 0.000000 0.000000
 1.085000 0.000000 0.000000
 1.087500 0.000000 0.000000
 1.090000 0.000000 0.000000
 1.092500 0.000000 0.000000
 1.095000 0.000000 0.000000
 1.097500 0.000000 0.000000
 1.100000 0.000000 0.000000
 1.102500 0.000000 0.000000
 1.105000 0.000000 0.000000
 1.107500 0.000000 0.000000
 1.110000 0.000000 0.000000
 1.112500 0.000000 0.000000
 1.115000 0.000000 0.000000
 1.117500 0.000000 0.000000
 1.120000 0.000000 0.000000
 1.122500 0.000000 0.000000
 1.125000 0.000000 0.000000
 1.127500 0.000000 0.000000
 1.130000 0.000000 0.000000
 1.132500 0.000000 0.000000
 1.135000 0.000000 0.000000
 1.137500 0.000000 0.000000
 1.140000 0.000000 0.000000
 1.142500 0.000000 0.000000
 1.145000 0.000000 0.000000
 1.147500 0.000000 0.000000
 1.150000 0.000000 0.000000
 1.152500 0.000000 0.000000
 1.155000 0.000000 0.000000
 1.157500 0.000000 0.000000
 1.160000 0.000000 0.000000
 1.162500 0.000000 0.000000
 1.165000 0.000000 0.000000
 1.167500 0.000000 0.000000
 1.170000 0.000000 0.000000
 1.172500 0.000000 0.000000
 1.175000 0.000000 0.000000
 1.177500 0.000000 0.000000
 1.180000 0.000000 0.000000
 1.182500 0.000000 0.000000
 1.185000 0.000000 0.000000
 1.187500 0.000000 0.000000
 1.190000 0.000000 0.000000
 1.192500 0.000000 0.000000
 1.195000 0.000000 0.000000
 1.197500 0.000000 0.000000
 1.200000 0.000000 0.000000
 1.202500 0.000000 0.000000
 1.205000 0.000000 0.000000
 1.207500 0.000000 0.000000
 1.210000 0.000000 0.000000
 1.212500 0.000000 0.000000
 1.215000 0.000000 0.000000
 1.217500 0.000000 0.000000
 1.220000 0.000000 0.000000
 1.222500 0.000000 0.000000
 1.225000 0.000000 0.000000
 1.227500 0.000000 0.000000
 1.230000 0.000000 0.000000
 1.232500 0.000000 0.000000
 1.235000 0.000000 0.000000
 1.237500 0.000000 0.000000
 1.240000 0.000000 0.000000
 1.242500 0.000000 0.000000
 1.245000 0.000000 0.000000
 1.247500 0.000000 0.000000
 1.250000 0.000000 0.000000
 1.252500 0.000000 0.000000
 1.255000 0.000000 0.000000
 1.257500 0.000000 0.000000
 1.260000 0.000000 0.000000
 1.262500 0.000000 0.000000
 1.265000 0.000000 0.000000
 1.267500 0.000000 0.000000
 1.270000 0.000000 0.000000
 1.272500 0.000000 0.000000
 1.275000 0.000000 0.000000
 1.277500 0.000000 0.000000
 1.280000 0.000000 0.000000
 1.282500 0.000000 0.000000
 1.285000 0.000000 0.000000
 1.287500 0.000000 0.000000
 1.290000 0.000000 0.000000
 1.292500 0.000000 0.000000
 1.295000 0.000000 0.000000
 1.297500 0.000000 0.000000
 1.300000 0.000000 0.000000
 1.302500 0.000000 0.000000
 1.305000 0.000000 0.000000
 1.307500 0.000000 0.000000
 1.310000 0.000000 0.000000
 1.312500 0.000000 0.000000
 1.315000 0.000000 0.000000
 1.317500 0.000000 0.000000
 1.320000 0.000000 0.000000
 1.322500 0.000000 0.000000
 1.325000 0.000000 0.000000
 1.327500 0.000000 0.000000
 1.330000 0.000000 0.000000
 1.332500 0.000000 0.000000
 1.335000 0.000000 0.000000
 1.337500 0.000000 0.000000
 1.340000 0.000000 0.000000
 1.342500 0.000000 0.000000
 1.345000 0.000000 0.000000
 1.347500 0.000000 0.000000
 1.350000 0.000000 0.000000
 1.352500 0.000000 0.000000
 1.355000 0.000000 0.000000
 1.357500 0.000000 0.000000
 1.360000 0.000000 0.000000
 1.362500 0.000000 0.000000
 1.365000 0.000000 0.000000
 1.367500 0.000000 0.000000
 1.370000 0.000000 0.000000
 1.372500 0.000000 0.000000
 1.375000 0.000000 0.000000
 1.377500 0.000000 0.000000
 1.380000 0.000000 0.000000
 1.382500 0.000000 0.000000
 1.385000 0.000000 0.000000
 1.387500 0.000000 0.000000
 1.390000 0.000000 0.000000
 1.392500 0.000000 0.000000
 1.395000 0.000000 0.000000
 1.397500 0.000000 0.000000
 1.400000 0.000000 0.000000
 1.402500 0.000000 0.000000
 1.405000 0.000000 0.000000
 1.407500 0.000000 0.000000
 1.410000 0.000000 0.000000
 1.412500 0.000000 0.000000
 1.415000 0.000000 0.000000
 1.417500 0.000000 0.000000
 1.420000 0.000000 0.000000
 1.422500 0.000000 0.000000
 1.425000 0.000000 0.000000
 1.427500 0.000000 0.000000
 1.430000 0.000000 0.000000
 1.432500 0.000000 0.000000
 1.435000 0.000000 0.000000
 1.437500 0.000000 0.000000
 1.440000 0.000000 0.000000
 1.442500 0.000000 0.000000
 1.445000 0.000000 0.000000
 1.447500 0.000000 0.000000
 1.450000 0.000000 0.000000
 1.452500 0.000000 0.000000
 1.455000 0.000000 0.000000
 1.457500 0.000000 0.000000
 1.460000 0.000000 0.000000
 1.462500 0.000000 0.000000
 1.465000 0.000000 0.000000
 1.467500 0.000000 0.000000
 1.470000 0.000000 0.000000
 1.472500 0.000000 0.000000
 1.475000 0.000000 0.000000
 1.477500 0.000000 0.000000
 1.480000 0.000000 0.000000
 1.482500 0.000000 0.000000
 1.485000 0.000000 0.000000
 1.487500 0.000000 0.000000
 1.490000 0.000000 0.000000
 1.492500 0.000000 0.000000
 1.495000 0.000000 0.000000
 1.497500 0.000000 0.000000
 1.500000 0.000000 0.000000
 1.502500 0.000000 0.000000
 1.505000 0.000000 0.000000
 1.507500 0.000000 0.000000
 1.510000 0.000000 0.000000
 1.512500 0.000000 0.000000
 1.515000 0.000000 0.000000
 1.517500 0.000000 0.000000
 1.520000 0.000000 0.000000
 1.522500 0.000000 0.000000
 1.525000 0.000000 0.000000
 1.527500 0.000000 0.000000
 1.530000 0.000000 0.000000
 1.532500 0.000000 0.000000
 1.535000 0.000000 0.000000
 1.537500 0.000000 0.000000
 1.540000 0.000000 0.000000
 1.542500 0.000000 0.000000
 1.545000 0.000000 0.000000
 1.547500 0.000000 0.000000
 1.550000 0.000000 0.000000
 1.552500 0.000000 0.000000
 1.555000 0.000000 0.000000
 1.557500 0.000000 0.000000
 1.560000 0.000000 0.000000
 1.562500 0.000000 0.000000
 1.565000 0.000000 0.000000
 1.567500 0.000000 0.000000
 1.570000 0.000000 0.000000
 1.572500 0.000000 0.000000
 1.575000 0.000000 0.000000
 1.577500 0.000000 0.000000
 1.580000 0.000000 0.000000
 1.582500 0.000000 0.000000
 1.585000 0.000000 0.000000
 1.587500 0.000000 0.000000
 1.590000 0.000000 0.000000
 1.592500 0.000000 0.000000
 1.595000 0.000000 0.000000
 1.597500 0.000000 0.000000
 1.600000 0.000000 0.000000
 1.602500 0.000000 0.000000
 1.605000 0.000000 0.000000
 1.607500 0.000000 0.000000
 1.610000 0.000000 0.000000
 1.612500 0.000000 0.000000
 1.615000 0.000000 0.000000
 1.617500 0.000000 0.000000
 1.620000 0.000000 0.000000
 1.622500 0.000000 0.000000
 1.625000 0.000000 0.000000
 1.627500 0.000000 0.000000
 1.630000 0.000000 0.000000
 1.632500 0.000000 0.000000
 1.635000 0.000000 0.000000
 1.637500 0.000000 0.000000
 1.640000 0.000000 0.000000
 1.642500 0.000000 0.000000
 1.645000 0.000000 0.000000
 1.647500 0.000000 0.000000
 1.650000 0.000000 0.000000
 1.652500 0.000000 0.000000
 1.655000 0.000000 0.000000
 1.657500 0.000000 0.000000
 1.660000 0.000000 0.000000
 1.662500 0.000000 0.000000
 1.665000 0.000000 0.000000
 1.667500 0.000000 0.000000
 1.670000 0.000000 0.000000
 1.672500 0.000000 0.000000
 1.675000 0.000000 0.000000
 1.677500 0.000000 0.000000
 1.680000 0.000000 0.000000
 1.682500 0.000000 0.000000
 1.685000 0.000000 0.000000
 1.687500 0.000000 0.000000
 1.690000 0.000000 0.000000
 1.692500 0.000000 0.000000
 1.695000 0.000000 0.000000
 1.697500 0.000000 0.000000
 1.700000 0.000000 0.000000
 1.702500 0.000000 0.000000
 1.705000 0.000000 0.000000
 1.707500 0.000000 0.000000
 1.710000 0.000000 0.000000
 1.712500 0.000000 0.000000
 1.715000 0.000000 0.000000
 1.717500 0.000000 0.000000
 1.720000 0.000000 0.000000
 1.722500 0.000000 0.000000
 1.725000 0.000000 0.000000
 1.727500 0.000000 0.000000
 1.730000 0.000000 0.000000
 1.732500 0.000000 0.000000
 1.735000 0.000000 0.000000
 1.737500 0.000000 0.000000
 1.740000 0.000000 0.000000
 1.742500 0.000000 0.000000
 1.745000 0.000000 0.000000
 1.747500 0.000000 0.000000
 1.750000 0.000000 0.000000
 1.752500 0.000000 0.000000
 1.755000 0.000000 0.000000
 1.757500 0.000000 0.000000
 1.760000 0.000000 0.000000
 1.762500 0.000000 0.000000
 1.765000 0.000000 0.000000
 1.767500 0.000000 0.000000
 1.770000 0.000000 0.000000
 1.772500 0.000000 0.000000
 1.775000 0.000000 0.000000
 1.777500 0.000000 0.000000
 1.780000 0.000000 0.000000
 1.782500 0.000000 0.000000
 1.785000 0.000000 0.000000
 1.787500 0.000000 0.000000
 1.790000 0.000000 0.000000
 1.792500 0.000000 0.000000
 1.795000 0.000000 0.000000
 1.797500 0.000000 0.000000
 1.800000 0.000000 0.000000
 1.802500 0.000000 0.000000
 1.805000 0.000000 0.000000
 1.807500 0.000000 0.000000
 1.810000 0.000000 0.000000
 1.812500 0.000000 0.000000
 1.815000 0.000000 0.000000
 1.817500 0.000000 0.000000
 1.820000 0.000000 0.000000
 1.822500 0.000000 0.000000
 1.825000 0.000000 0.000000
 1.827500 0.000000 0.000000
 1.830000 0.000000 0.000000
 1.832500 0.000000 0.000000
 1.835000 0.000000 0.000000
 1.837500 0.000000 0.000000
 1.840000 0.000000 0.000000
 1.842500 0.000000 0.000000
 1.845000 0.000000 0.000000
 1.847500 0.000000 0.000000
 1.850000 0.000000 0.000000
 1.852500 0.000000 0.000000
 1.855000 0.000000 0.000000
 1.857500 0.000000 0.000000
 1.860000 0.000000 0.000000
 1.862500 0.000000 0.000000
 1.865000 0.000000 0.000000
 1.867500 0.000000 0.000000
 1.870000 0.000000 0.000000
 1.872500 0.000000 0.000000
 1.875000 0.000000 0.000000
 1.877500 0.000000 0.000000
 1.880000 0.000000 0.000000
 1.882500 0.000000 0.000000
 1.885000 0.000000 0.000000
 1.887500 0.000000 0.000000
 1.890000 0.000000 0.000000
 1.892500 0.000000 0.000000
 1.895000 0.000000 0.000000
 1.897500 0.000000 0.000000
 1.900000 0.000000 0.000000
 1.902500 0.000000 0.000000
 1.905000 0.000000 0.000000
 1.907500 0.000000 0.000000
 1.910000 0.000000 0.000000
 1.912500 0.000000 0.000000
 1.915000 0.000000 0.000000
 1.917500 0.000000 0.000000
 1.920000 0.000000 0.000000
 1.922500 0.000000 0.000000
 1.925000 0.000000 0.000000
 1.927500 0.000000 0.000000
 1.930000 0.000000 0.000000
 1.932500 0.000000 0.000000
 1.935000 0.000000 0.000000
 1.937500 0.000000 0.000000
 1.940000 0.000000 0.000000
 1.942500 0.000000 0.000000
 1.945000 0.000000 0.000000
 1.947500 0.000000 0.000000
 1.950000 0.000000 0.000000
 1.952500 0.000000 0.000000
 1.955000 0.000000 0.000000
 1.957500 0.000000 0.000000
 1.960000 0.000000 0.000000
 1.962500 0.000000 0.000000
 1.965000 0.000000 0.000000
 1.967500 0.000000 0.000000
 1.970000 0.000000 0.000000
 1.972500 0.000000 0.000000
 1.975000 0.000000 0.000000
 1.977500 0.000000 0.000000
 1.980000 0.000000 0.000000
 1.982500 0.000000 0.000000
 1.985000 0.000000 0.000000
 1.987500 0.000000 0.000000
 1.990000 0.000000 0.000000
 1.992500 0.000000 0.000000
 1.995000 0.000000 0.000000
 1.997500 0.000000 0.000000
 2.000000 0.000000 0.000000
