#! FIELDS es hh dhh_es
#! SET normalisation  2000.000000
#! SET min_es -0.5
#! SET max_es 2
#! SET nbins_es  1000
#! SET periodic_es false
 -0.500000 0.000000 0.000000
 -0.497500 0.000000 0.000000
 -0.495000 0.000000 0.000000
 -0.492500 0.000000 0.000000
 -0.490000 0.000000 0.000000
 -0.487500 0.000000 0.000000
 -0.485000 0.000000 0.000000
 -0.482500 0.000000 0.000000
 -0.480000 0.000000 0.000000
 -0.477500 0.000000 0.000000
 -0.475000 0.000000 0.000000
 -0.472500 0.000000 0.000000
 -0.470000 0.000000 0.000000
 -0.467500 0.000000 0.000000
 -0.465000 0.000000 0.000000
 -0.462500 0.000000 0.000000
 -0.460000 0.000000 0.000000
 -0.457500 0.000000 0.000000
 -0.455000 0.000000 0.000000
 -0.452500 0.000000 0.000000
 -0.450000 0.000000 0.000000
 -0.447500 0.000000 0.000000
 -0.445000 0.000000 0.000000
 -0.442500 0.000000 0.000000
 -0.440000 0.000000 0.000000
 -0.437500 0.000000 0.000000
 -0.435000 0.000000 0.000000
 -0.432500 0.000000 0.000000
 -0.430000 0.000000 0.000000
 -0.427500 0.000000 0.000000
 -0.425000 0.000000 0.000000
 -0.422500 0.000000 0.000000
 -0.420000 0.000000 0.000000
 -0.417500 0.000000 0.000000
 -0.415000 0.000000 0.000000
 -0.412500 0.000000 0.000000
 -0.410000 0.000000 0.000000
 -0.407500 0.000000 0.000000
 -0.405000 0.000000 0.000000
 -0.402500 0.000000 0.000000
 -0.400000 0.000000 0.000000
 -0.397500 0.000000 0.000000
 -0.395000 0.000000 0.000000
 -0.392500 0.000000 0.000000
 -0.390000 0.000000 0.000000
 -0.387500 0.000000 0.000000
 -0.385000 0.000000 0.000000
 -0.382500 0.000000 0.000000
 -0.380000 0.000000 0.000000
 -0.377500 0.000000 0.000000
 -0.375000 0.000000 0.000000
 -0.372500 0.000000 0.000000
 -0.370000 0.000000 0.000000
 -0.367500 0.000000 0.000000
 -0.365000 0.000000 0.000000
 -0.362500 0.000000 0.000000
 -0.360000 0.000000 0.000000
 -0.357500 0.000000 0.000000
 -0.355000 0.000000 0.000000
 -0.352500 0.000000 0.000000
 -0.350000 0.000000 0.000000
 -0.347500 0.000000 0.000000
 -0.345000 0.000000 0.000000
 -0.342500 0.000000 0.000000
 -0.340000 0.000000 0.000000
 -0.337500 0.000000 0.000000
 -0.335000 0.000000 0.000000
 -0.332500 0.000000 0.000000
 -0.330000 0.000000 0.000000
 -0.327500 0.000000 0.000000
 -0.325000 0.000000 0.000000
 -0.322500 0.000000 0.000000
 -0.320000 0.000000 0.000000
 -0.317500 0.000000 0.000000
 -0.315000 0.000000 0.000000
 -0.312500 0.000000 0.000000
 -0.310000 0.000000 0.000000
 -0.307500 0.000000 0.000000
 -0.305000 0.000000 0.000000
 -0.302500 0.000000 0.000000
 -0.300000 0.000000 0.000000
 -0.297500 0.000000 0.000000
 -0.295000 0.000000 0.000000
 -0.292500 0.000000 0.000000
 -0.290000 0.000000 0.000000
 -0.287500 0.000000 0.000000
 -0.285000 0.000000 0.000000
 -0.282500 0.000000 0.000000
 -0.280000 0.000000 0.000000
 -0.277500 0.000000 0.000000
 -0.275000 0.000000 0.000000
 -0.272500 0.000000 0.000000
 -0.270000 0.000000 0.000000
 -0.267500 0.000000 0.000000
 -0.265000 0.000000 0.000000
 -0.262500 0.000000 0.000000
 -0.260000 0.000000 0.000000
 -0.257500 0.000000 0.000000
 -0.255000 0.000000 0.000000
 -0.252500 0.000000 0.000000
 -0.250000 0.000000 0.000000
 -0.247500 0.000000 0.000000
 -0.245000 0.000000 0.000000
 -0.242500 0.000000 0.000000
 -0.240000 0.000000 0.000000
 -0.237500 0.000000 0.000000
 -0.235000 0.000000 0.000000
 -0.232500 0.000000 0.000000
 -0.230000 0.000000 0.000000
 -0.227500 0.000000 0.000000
 -0.225000 0.000000 0.000000
 -0.222500 0.000000 0.000000
 -0.220000 0.000000 0.000000
 -0.217500 0.000000 0.000000
 -0.215000 0.000000 0.000000
 -0.212500 0.000000 0.000000
 -0.210000 0.000000 0.000000
 -0.207500 0.000000 0.000000
 -0.205000 0.000000 0.000000
 -0.202500 0.000000 0.000000
 -0.200000 0.000000 0.000000
 -0.197500 0.000000 0.000000
 -0.195000 0.000000 0.000000
 -0.192500 0.000000 0.000000
 -0.190000 0.000000 0.000000
 -0.187500 0.000000 0.000000
 -0.185000 0.000000 0.000000
 -0.182500 0.000000 0.000000
 -0.180000 0.000000 0.000000
 -0.177500 0.000000 0.000000
 -0.175000 0.000000 0.000000
 -0.172500 0.000000 0.000000
 -0.170000 0.000000 0.000000
 -0.167500 0.000000 0.000000
 -0.165000 0.000000 0.000000
 -0.162500 0.000000 0.000000
 -0.160000 0.000000 0.000000
 -0.157500 0.000000 0.000000
 -0.155000 0.000000 0.000000
 -0.152500 0.000000 0.000000
 -0.150000 0.000000 0.000000
 -0.147500 0.000000 0.000000
 -0.145000 0.000000 0.000000
 -0.142500 0.000000 0.000000
 -0.140000 0.000000 0.000000
 -0.137500 0.000000 0.000000
 -0.135000 0.000000 0.000000
 -0.132500 0.000000 0.000000
 -0.130000 0.000000 0.000000
 -0.127500 0.000000 0.000000
 -0.125000 0.000000 0.000000
 -0.122500 0.000000 0.000000
 -0.120000 0.000000 0.000000
 -0.117500 0.000000 0.000000
 -0.115000 0.000000 0.000000
 -0.112500 0.000000 0.000000
 -0.110000 0.000000 0.000000
 -0.107500 0.000000 0.000000
 -0.105000 0.000000 0.000000
 -0.102500 0.000000 0.000000
 -0.100000 0.000000 0.000000
 -0.097500 0.000000 0.000000
 -0.095000 0.000000 0.000000
 -0.092500 0.000000 0.000000
 -0.090000 0.000000 0.000000
 -0.087500 0.000000 0.000000
 -0.085000 0.000000 0.000000
 -0.082500 0.000000 0.000000
 -0.080000 0.000000 0.000000
 -0.077500 0.000000 0.000000
 -0.075000 0.000000 0.000000
 -0.072500 0.000000 0.000000
 -0.070000 0.000000 0.000000
 -0.067500 0.000000 0.000000
 -0.065000 0.000000 0.000000
 -0.062500 0.000000 0.000000
 -0.060000 0.000000 0.000000
 -0.057500 0.000000 0.000000
 -0.055000 0.000000 0.000000
 -0.052500 0.000000 0.000000
 -0.050000 0.000000 0.000000
 -0.047500 0.000000 0.000000
 -0.045000 0.000000 0.000000
 -0.042500 0.000000 0.000000
 -0.040000 0.000000 0.000000
 -0.037500 0.000000 0.000000
 -0.035000 0.000000 0.000000
 -0.032500 0.000000 0.000000
 -0.030000 0.000000 0.000000
 -0.027500 0.000000 0.000000
 -0.025000 0.000000 0.000000
 -0.022500 0.000000 0.000000
 -0.020000 0.000000 0.000000
 -0.017500 0.000000 0.000000
 -0.015000 0.000000 0.000000
 -0.012500 0.000000 0.000000
 -0.010000 0.000000 0.000000
 -0.007500 0.000000 0.000000
 -0.005000 0.000000 0.000000
 -0.002500 0.000000 0.000000
 0.000000 0.000000 0.000000
 0.002500 0.000000 0.000000
 0.005000 0.000000 0.000000
 0.007500 0.000000 0.000000
 0.010000 0.000000 0.000000
 0.012500 0.000000 0.000000
 0.015000 0.000000 0.000000
 0.017500 0.000000 0.000000
 0.020000 0.000000 0.000000
 0.022500 0.000000 0.000019
 0.025000 0.000000 0.000046
 0.027500 0.000000 0.000103
 0.030000 0.000001 0.000215
 0.032500 0.000001 0.000419
 0.035000 0.000003 0.000762
 0.037500 0.000005 0.001291
 0.040000 0.000010 0.002031
 0.042500 0.000016 0.002961
 0.045000 0.000024 0.003982
 0.047500 0.000036 0.004914
 0.050000 0.000049 0.005509
 0.052500 0.000063 0.005519
 0.055000 0.000076 0.004776
 0.057500 0.000086 0.003274
 0.060000 0.000092 0.001201
 0.062500 0.000092 -0.001089
 0.065000 0.000086 -0.003182
 0.067500 0.000076 -0.004719
 0.070000 0.000063 -0.005501
 0.072500 0.000049 -0.005526
 0.075000 0.000036 -0.004954
 0.077500 0.000025 -0.004033
 0.080000 0.000016 -0.003010
 0.082500 0.000010 -0.002073
 0.085000 0.000006 -0.001323
 0.087500 0.000003 -0.000784
 0.090000 0.000002 -0.000433
 0.092500 0.000001 -0.000222
 0.095000 0.000000 -0.000107
 0.097500 0.000000 -0.000048
 0.100000 0.000000 0.000000
 0.102500 0.000000 0.000000
 0.105000 0.000000 0.000000
 0.107500 0.000000 0.000000
 0.110000 0.000000 0.000014
 0.112500 0.000000 0.000034
 0.115000 0.000000 0.000077
 0.117500 0.000001 0.000166
 0.120000 0.000001 0.000331
 0.122500 0.000002 0.000618
 0.125000 0.000004 0.001075
 0.127500 0.000008 0.001738
 0.130000 0.000013 0.002619
 0.132500 0.000021 0.003643
 0.135000 0.000031 0.004676
 0.137500 0.000044 0.005511
 0.140000 0.000059 0.005923
 0.142500 0.000073 0.005748
 0.145000 0.000087 0.004988
 0.147500 0.000098 0.003782
 0.150000 0.000106 0.002459
 0.152500 0.000110 0.001390
 0.155000 0.000113 0.000858
 0.157500 0.000115 0.000952
 0.160000 0.000118 0.001528
 0.162500 0.000123 0.002314
 0.165000 0.000130 0.002942
 0.167500 0.000138 0.003198
 0.170000 0.000145 0.003005
 0.172500 0.000152 0.002464
 0.175000 0.000158 0.001818
 0.177500 0.000162 0.001411
 0.180000 0.000165 0.001597
 0.182500 0.000170 0.002651
 0.185000 0.000180 0.004820
 0.187500 0.000195 0.008114
 0.190000 0.000221 0.012216
 0.192500 0.000257 0.016664
 0.195000 0.000304 0.020788
 0.197500 0.000360 0.023953
 0.200000 0.000423 0.025658
 0.202500 0.000487 0.025669
 0.205000 0.000550 0.024042
 0.207500 0.000606 0.021107
 0.210000 0.000654 0.017349
 0.212500 0.000693 0.013513
 0.215000 0.000723 0.010554
 0.217500 0.000747 0.009525
 0.220000 0.000773 0.011342
 0.222500 0.000807 0.016324
 0.225000 0.000857 0.023975
 0.227500 0.000928 0.032868
 0.230000 0.001021 0.040978
 0.232500 0.001130 0.046300
 0.235000 0.001249 0.047370
 0.237500 0.001363 0.043645
 0.240000 0.001463 0.035728
 0.242500 0.001540 0.024869
 0.245000 0.001587 0.012960
 0.247500 0.001605 0.001819
 0.250000 0.001598 -0.006804
 0.252500 0.001574 -0.011553
 0.255000 0.001545 -0.011454
 0.257500 0.001521 -0.006404
 0.260000 0.001517 0.003256
 0.262500 0.001541 0.016541
 0.265000 0.001601 0.031858
 0.267500 0.001701 0.047389
 0.270000 0.001837 0.061048
 0.272500 0.002003 0.071103
 0.275000 0.002188 0.076458
 0.277500 0.002381 0.076962
 0.280000 0.002570 0.073721
 0.282500 0.002748 0.068688
 0.285000 0.002914 0.064076
 0.287500 0.003070 0.061811
 0.290000 0.003225 0.062290
 0.292500 0.003384 0.064896
 0.295000 0.003551 0.068407
 0.297500 0.003726 0.071352
 0.300000 0.003907 0.072946
 0.302500 0.004090 0.073537
 0.305000 0.004275 0.074026
 0.307500 0.004462 0.075624
 0.310000 0.004655 0.079185
 0.312500 0.004859 0.085006
 0.315000 0.005082 0.093201
 0.317500 0.005328 0.103961
 0.320000 0.005604 0.117461
 0.322500 0.005916 0.132557
 0.325000 0.006267 0.147067
 0.327500 0.006648 0.157493
 0.330000 0.007048 0.159656
 0.332500 0.007438 0.150472
 0.335000 0.007791 0.129709
 0.337500 0.008081 0.101448
 0.340000 0.008298 0.072943
 0.342500 0.008453 0.053145
 0.345000 0.008578 0.049835
 0.347500 0.008720 0.067172
 0.350000 0.008931 0.104627
 0.352500 0.009257 0.157344
 0.355000 0.009725 0.217755
 0.357500 0.010346 0.278251
 0.360000 0.011111 0.331422
 0.362500 0.011994 0.372383
 0.365000 0.012962 0.398351
 0.367500 0.013974 0.409029
 0.370000 0.014997 0.406512
 0.372500 0.016001 0.395837
 0.375000 0.016975 0.383753
 0.377500 0.017926 0.378031
 0.380000 0.018877 0.384854
 0.382500 0.019864 0.407692
 0.385000 0.020928 0.445118
 0.387500 0.022099 0.491644
 0.390000 0.023389 0.538949
 0.392500 0.024789 0.577896
 0.395000 0.026268 0.601137
 0.397500 0.027780 0.605193
 0.400000 0.029279 0.590676
 0.402500 0.030726 0.563747
 0.405000 0.032096 0.531886
 0.407500 0.033390 0.504052
 0.410000 0.034626 0.486844
 0.412500 0.035838 0.484671
 0.415000 0.037066 0.499798
 0.417500 0.038351 0.531461
 0.420000 0.039735 0.576728
 0.422500 0.041246 0.631942
 0.425000 0.042900 0.691319
 0.427500 0.044702 0.748614
 0.430000 0.046638 0.798060
 0.432500 0.048685 0.835799
 0.435000 0.050810 0.861868
 0.437500 0.052989 0.879462
 0.440000 0.055207 0.894957
 0.442500 0.057468 0.914256
 0.445000 0.059789 0.943454
 0.447500 0.062199 0.985985
 0.450000 0.064731 1.041693
 0.452500 0.067422 1.112069
 0.455000 0.070305 1.195814
 0.457500 0.073415 1.292964
 0.460000 0.076781 1.401156
 0.462500 0.080427 1.514465
 0.465000 0.084356 1.624747
 0.467500 0.088543 1.720383
 0.470000 0.092940 1.790722
 0.472500 0.097474 1.829242
 0.475000 0.102062 1.835165
 0.477500 0.106632 1.815456
 0.480000 0.111133 1.783620
 0.482500 0.115554 1.754402
 0.485000 0.119928 1.746572
 0.487500 0.124324 1.775854
 0.490000 0.128850 1.851787
 0.492500 0.133629 1.978388
 0.495000 0.138782 2.149317
 0.497500 0.144403 2.349534
 0.500000 0.150538 2.555752
 0.502500 0.157169 2.741624
 0.505000 0.164216 2.884093
 0.507500 0.171545 2.967173
 0.510000 0.179002 2.986651
 0.512500 0.186435 2.950903
 0.515000 0.193730 2.879773
 0.517500 0.200828 2.798876
 0.520000 0.207741 2.733214
 0.522500 0.214531 2.705730
 0.525000 0.221316 2.731320
 0.527500 0.228242 2.816424
 0.530000 0.235451 2.959307
 0.532500 0.243080 3.147428
 0.535000 0.251218 3.365227
 0.537500 0.259921 3.595839
 0.540000 0.269201 3.821780
 0.542500 0.279025 4.033851
 0.545000 0.289358 4.226758
 0.547500 0.300151 4.403845
 0.550000 0.311371 4.568544
 0.552500 0.322990 4.725341
 0.555000 0.334997 4.880012
 0.557500 0.347392 5.037630
 0.560000 0.360194 5.203506
 0.562500 0.373429 5.385335
 0.565000 0.387137 5.582033
 0.567500 0.401354 5.788943
 0.570000 0.416085 5.991723
 0.572500 0.431302 6.173806
 0.575000 0.446931 6.320228
 0.577500 0.462879 6.430294
 0.580000 0.479073 6.519553
 0.582500 0.495492 6.619783
 0.585000 0.512216 6.768355
 0.587500 0.529408 6.996317
 0.590000 0.547283 7.314933
 0.592500 0.566054 7.708172
 0.595000 0.585863 8.140330
 0.597500 0.606753 8.567264
 0.600000 0.628666 8.952141
 0.602500 0.651471 9.277574
 0.605000 0.675013 9.546725
 0.607500 0.699177 9.776785
 0.610000 0.723897 9.995540
 0.612500 0.749171 10.220107
 0.615000 0.775021 10.463348
 0.617500 0.801500 10.721632
 0.620000 0.828639 10.987253
 0.622500 0.856444 11.258303
 0.625000 0.884941 11.540900
 0.627500 0.914173 11.850377
 0.630000 0.944233 12.203449
 0.632500 0.975239 12.608859
 0.635000 1.007318 13.054051
 0.637500 1.040518 13.503910
 0.640000 1.074800 13.909182
 0.642500 1.109992 14.225333
 0.645000 1.145834 14.430768
 0.647500 1.182052 14.531116
 0.650000 1.218436 14.568568
 0.652500 1.254886 14.597983
 0.655000 1.291474 14.686015
 0.657500 1.328407 14.884215
 0.660000 1.366016 15.225781
 0.662500 1.404656 15.713492
 0.665000 1.444686 16.330798
 0.667500 1.486368 17.031565
 0.670000 1.529862 17.770379
 0.672500 1.575209 18.508974
 0.675000 1.622382 19.227899
 0.677500 1.671327 19.930984
 0.680000 1.722016 20.628042
 0.682500 1.774436 21.313990
 0.685000 1.828545 21.973149
 0.687500 1.884219 22.564681
 0.690000 1.941232 23.032018
 0.692500 1.999211 23.331303
 0.695000 2.057706 23.445542
 0.697500 2.116268 23.392967
 0.700000 2.174542 23.225154
 0.702500 2.232339 23.027883
 0.705000 2.289683 22.878268
 0.707500 2.346795 22.848216
 0.710000 2.404027 22.978356
 0.712500 2.461788 23.278216
 0.715000 2.520479 23.715672
 0.717500 2.580391 24.251163
 0.720000 2.641715 24.836888
 0.722500 2.704510 25.421804
 0.725000 2.768724 25.962089
 0.727500 2.834180 26.419506
 0.730000 2.900640 26.755498
 0.732500 2.967758 26.952569
 0.735000 3.035183 26.999934
 0.737500 3.102537 26.907548
 0.740000 3.169503 26.689688
 0.742500 3.235803 26.392004
 0.745000 3.301300 26.049739
 0.747500 3.365925 25.710160
 0.750000 3.429753 25.415410
 0.752500 3.492936 25.199300
 0.755000 3.555682 25.067823
 0.757500 3.618170 25.001334
 0.760000 3.680527 24.950056
 0.762500 3.742719 24.862089
 0.765000 3.804586 24.682696
 0.767500 3.865839 24.379389
 0.770000 3.926171 23.943692
 0.772500 3.985250 23.391453
 0.775000 4.042822 22.745145
 0.777500 4.098688 22.033837
 0.780000 4.152711 21.284347
 0.782500 4.204827 20.507135
 0.785000 4.254976 19.715014
 0.787500 4.303121 18.913964
 0.790000 4.349223 18.086803
 0.792500 4.393209 17.221661
 0.795000 4.434968 16.294001
 0.797500 4.474304 15.295109
 0.800000 4.511034 14.208675
 0.802500 4.544928 13.039988
 0.805000 4.575802 11.796439
 0.807500 4.603486 10.494541
 0.810000 4.627856 9.142627
 0.812500 4.648761 7.738189
 0.815000 4.666067 6.264899
 0.817500 4.679586 4.709899
 0.820000 4.689114 3.084552
 0.822500 4.694508 1.416245
 0.825000 4.695722 -0.248574
 0.827500 4.692843 -1.850063
 0.830000 4.686041 -3.366827
 0.832500 4.675521 -4.836333
 0.835000 4.661323 -6.331788
 0.837500 4.643216 -7.964749
 0.840000 4.620737 -9.843517
 0.842500 4.593176 -12.020826
 0.845000 4.559810 -14.479029
 0.847500 4.520046 -17.109498
 0.850000 4.473645 -19.756108
 0.852500 4.420770 -22.265203
 0.855000 4.361926 -24.509288
 0.857500 4.297851 -26.440863
 0.860000 4.229297 -28.098549
 0.862500 4.156837 -29.585294
 0.865000 4.080733 -31.023528
 0.867500 4.000974 -32.533275
 0.870000 3.917272 -34.174892
 0.872500 3.829292 -35.957110
 0.875000 3.736727 -37.828572
 0.877500 3.639438 -39.717286
 0.880000 3.537472 -41.557002
 0.882500 3.431022 -43.295509
 0.885000 3.320380 -44.906530
 0.887500 3.205887 -46.369159
 0.890000 3.087941 -47.670173
 0.892500 2.966985 -48.777660
 0.895000 2.843533 -49.660292
 0.897500 2.718181 -50.298975
 0.900000 2.591544 -50.695250
 0.902500 2.464203 -50.878874
 0.905000 2.336618 -50.883761
 0.907500 2.209192 -50.768957
 0.910000 2.082179 -50.562230
 0.912500 1.955791 -50.270039
 0.915000 1.830260 -49.882534
 0.917500 1.705857 -49.365109
 0.920000 1.582959 -48.683380
 0.922500 1.462017 -47.801307
 0.925000 1.343566 -46.695678
 0.927500 1.228175 -45.348556
 0.930000 1.116470 -43.762831
 0.932500 1.009040 -41.937037
 0.935000 0.906473 -39.883767
 0.937500 0.809314 -37.626290
 0.940000 0.718030 -35.202330
 0.942500 0.632972 -32.662631
 0.945000 0.554348 -30.067877
 0.947500 0.482225 -27.489173
 0.950000 0.416487 -24.975766
 0.952500 0.356917 -22.566262
 0.955000 0.303226 -20.278245
 0.957500 0.255115 -18.115974
 0.960000 0.212277 -16.066629
 0.962500 0.174444 -14.121087
 0.965000 0.141361 -12.271416
 0.967500 0.112791 -10.522952
 0.970000 0.088467 -8.882439
 0.972500 0.068103 -7.365321
 0.975000 0.051373 -5.986015
 0.977500 0.037912 -4.758294
 0.980000 0.027330 -3.692375
 0.982500 0.019212 -2.790187
 0.985000 0.013154 -2.050931
 0.987500 0.008757 -1.463161
 0.990000 0.005660 -1.011359
 0.992500 0.003546 -0.676005
 0.995000 0.002152 -0.436947
 0.997500 0.001262 -0.272307
 1.000000 0.000714 -0.163437
 1.002500 0.000388 -0.094012
 1.005000 0.000203 -0.051818
 1.007500 0.000100 -0.026951
 1.010000 0.000048 -0.013527
 1.012500 0.000022 -0.006362
 1.015000 0.000009 -0.002790
 1.017500 0.000003 -0.001063
 1.020000 0.000001 -0.000463
 1.022500 0.000000 -0.000109
 1.025000 0.000000 -0.000049
 1.027500 0.000000 0.000000
 1.030000 0.000000 0.000000
 1.032500 0.000000 0.000000
 1.035000 0.000000 0.000000
 1.037500 0.000000 0.000000
 1.040000 0.000000 0.000000
 1.042500 0.000000 0.000000
 1.045000 0.000000 0.000000
 1.047500 0.000000 0.000000
 1.050000 0.000000 0.000000
 1.052500 0.000000 0.000000
 1.055000 0.000000 0.000000
 1.057500 0.000000 0.000000
 1.060000 0.000000 0.000000
 1.062500 0.000000 0.000000
 1.065000 0.000000 0.000000
 1.067500 0.000000 0.000000
 1.070000 0.000000 0.000000
 1.072500 0.000000 0.000000
 1.075000 0.000000 0.000000
 1.077500 0.000000 0.000000
 1.080000 0.000000 0.000000
 1.082500 0.000000 0.000000
 1.085000 0.000000 0.000000
 1.087500 0.000000 0.000000
 1.090000 0.000000 0.000000
 1.092500 0.000000 0.000000
 1.095000 0.000000 0.000000
 1.097500 0.000000 0.000000
 1.100000 0.000000 0.000000
 1.102500 0.000000 0.000000
 1.105000 0.000000 0.000000
 1.107500 0.000000 0.000000
 1.110000 0.000000 0.000000
 1.112500 0.000000 0.000000
 1.115000 0.000000 0.000000
 1.117500 0.000000 0.000000
 1.120000 0.000000 0.000000
 1.122500 0.000000 0.000000
 1.125000 0.000000 0.000000
 1.127500 0.000000 0.000000
 1.130000 0.000000 0.000000
 1.132500 0.000000 0.000000
 1.135000 0.000000 0.000000
 1.137500 0.000000 0.000000
 1.140000 0.000000 0.000000
 1.142500 0.000000 0.000000
 1.145000 0.000000 0.000000
 1.147500 0.000000 0.000000
 1.150000 0.000000 0.000000
 1.152500 0.000000 0.000000
 1.155000 0.000000 0.000000
 1.157500 0.000000 0.000000
 1.160000 0.000000 0.000000
 1.162500 0.000000 0.000000
 1.165000 0.000000 0.000000
 1.167500 0.000000 0.000000
 1.170000 0.000000 0.000000
 1.172500 0.000000 0.000000
 1.175000 0.000000 0.000000
 1.177500 0.000000 0.000000
 1.180000 0.000000 0.000000
 1.182500 0.000000 0.000000
 1.185000 0.000000 0.000000
 1.187500 0.000000 0.000000
 1.190000 0.000000 0.000000
 1.192500 0.000000 0.000000
 1.195000 0.000000 0.000000
 1.197500 0.000000 0.000000
 1.200000 0.000000 0.000000
 1.202500 0.000000 0.000000
 1.205000 0.000000 0.000000
 1.207500 0.000000 0.000000
 1.210000 0.000000 0.000000
 1.212500 0.000000 0.000000
 1.215000 0.000000 0.000000
 1.217500 0.000000 0.000000
 1.220000 0.000000 0.000000
 1.222500 0.000000 0.000000
 1.225000 0.000000 0.000000
 1.227500 0.000000 0.000000
 1.230000 0.000000 0.000000
 1.232500 0.000000 0.000000
 1.235000 0.000000 0.000000
 1.237500 0.000000 0.000000
 1.240000 0.000000 0.000000
 1.242500 0.000000 0.000000
 1.245000 0.000000 0.000000
 1.247500 0.000000 0.000000
 1.250000 0.000000 0.000000
 1.252500 0.000000 0.000000
 1.255000 0.000000 0.000000
 1.257500 0.000000 0.000000
 1.260000 0.000000 0.000000
 1.262500 0.000000 0.000000
 1.265000 0.000000 0.000000
 1.267500 0.000000 0.000000
 1.270000 0.000000 0.000000
 1.272500 0.000000 0.000000
 1.275000 0.000000 0.000000
 1.277500 0.000000 0.000000
 1.280000 0.000000 0.000000
 1.282500 0.000000 0.000000
 1.285000 0.000000 0.000000
 1.287500 0.000000 0.000000
 1.290000 0.000000 0.000000
 1.292500 0.000000 0.000000
 1.295000 0.000000 0.000000
 1.297500 0.000000 0.000000
 1.300000 0.000000 0.000000
 1.302500 0.000000 0.000000
 1.305000 0.000000 0.000000
 1.307500 0.000000 0.000000
 1.310000 0.000000 0.000000
 1.312500 0.000000 0.000000
 1.315000 0.000000 0.000000
 1.317500 0.000000 0.000000
 1.320000 0.000000 0.000000
 1.322500 0.000000 0.000000
 1.325000 0.000000 0.000000
 1.327500 0.000000 0.000000
 1.330000 0.000000 0.000000
 1.332500 0.000000 0.000000
 1.335000 0.000000 0.000000
 1.337500 0.000000 0.000000
 1.340000 0.000000 0.000000
 1.342500 0.000000 0.000000
 1.345000 0.000000 0.000000
 1.347500 0.000000 0.000000
 1.350000 0.000000 0.000000
 1.352500 0.000000 0.000000
 1.355000 0.000000 0.000000
 1.357500 0.000000 0.000000
 1.360000 0.000000 0.000000
 1.362500 0.000000 0.000000
 1.365000 0.000000 0.000000
 1.367500 0.000000 0.000000
 1.370000 0.000000 0.000000
 1.372500 0.000000 0.000000
 1.375000 0.000000 0.000000
 1.377500 0.000000 0.000000
 1.380000 0.000000 0.000000
 1.382500 0.000000 0.000000
 1.385000 0.000000 0.000000
 1.387500 0.000000 0.000000
 1.390000 0.000000 0.000000
 1.392500 0.000000 0.000000
 1.395000 0.000000 0.000000
 1.397500 0.000000 0.000000
 1.400000 0.000000 0.000000
 1.402500 0.000000 0.000000
 1.405000 0.000000 0.000000
 1.407500 0.000000 0.000000
 1.410000 0.000000 0.000000
 1.412500 0.000000 0.000000
 1.415000 0.000000 0.000000
 1.417500 0.000000 0.000000
 1.420000 0.000000 0.000000
 1.422500 0.000000 0.000000
 1.425000 0.000000 0.000000
 1.427500 0.000000 0.000000
 1.430000 0.000000 0.000000
 1.432500 0.000000 0.000000
 1.435000 0.000000 0.000000
 1.437500 0.000000 0.000000
 1.440000 0.000000 0.000000
 1.442500 0.000000 0.000000
 1.445000 0.000000 0.000000
 1.447500 0.000000 0.000000
 1.450000 0.000000 0.000000
 1.452500 0.000000 0.000000
 1.455000 0.000000 0.000000
 1.457500 0.000000 0.000000
 1.460000 0.000000 0.000000
 1.462500 0.000000 0.000000
 1.465000 0.000000 0.000000
 1.467500 0.000000 0.000000
 1.470000 0.000000 0.000000
 1.472500 0.000000 0.000000
 1.475000 0.000000 0.000000
 1.477500 0.000000 0.000000
 1.480000 0.000000 0.000000
 1.482500 0.000000 0.000000
 1.485000 0.000000 0.000000
 1.487500 0.000000 0.000000
 1.490000 0.000000 0.000000
 1.492500 0.000000 0.000000
 1.495000 0.000000 0.000000
 1.497500 0.000000 0.000000
 1.500000 0.000000 0.000000
 1.502500 0.000000 0.000000
 1.505000 0.000000 0.000000
 1.507500 0.000000 0.000000
 1.510000 0.000000 0.000000
 1.512500 0.000000 0.000000
 1.515000 0.000000 0.000000
 1.517500 0.000000 0.000000
 1.520000 0.000000 0.000000
 1.522500 0.000000 0.000000
 1.525000 0.000000 0.000000
 1.527500 0.000000 0.000000
 1.530000 0.000000 0.000000
 1.532500 0.000000 0.000000
 1.535000 0.000000 0.000000
 1.537500 0.000000 0.000000
 1.540000 0.000000 0.000000
 1.542500 0.000000 0.000000
 1.545000 0.000000 0.000000
 1.547500 0.000000 0.000000
 1.550000 0.000000 0.000000
 1.552500 0.000000 0.000000
 1.555000 0.000000 0.000000
 1.557500 0.000000 0.000000
 1.560000 0.000000 0.000000
 1.562500 0.000000 0.000000
 1.565000 0.000000 0.000000
 1.567500 0.000000 0.000000
 1.570000 0.000000 0.000000
 1.572500 0.000000 0.000000
 1.575000 0.000000 0.000000
 1.577500 0.000000 0.000000
 1.580000 0.000000 0.000000
 1.582500 0.000000 0.000000
 1.585000 0.000000 0.000000
 1.587500 0.000000 0.000000
 1.590000 0.000000 0.000000
 1.592500 0.000000 0.000000
 1.595000 0.000000 0.000000
 1.597500 0.000000 0.000000
 1.600000 0.000000 0.000000
 1.602500 0.000000 0.000000
 1.605000 0.000000 0.000000
 1.607500 0.000000 0.000000
 1.610000 0.000000 0.000000
 1.612500 0.000000 0.000000
 1.615000 0.000000 0.000000
 1.617500 0.000000 0.000000
 1.620000 0.000000 0.000000
 1.622500 0.000000 0.000000
 1.625000 0.000000 0.000000
 1.627500 0.000000 0.000000
 1.630000 0.000000 0.000000
 1.632500 0.000000 0.000000
 1.635000 0.000000 0.000000
 1.637500 0.000000 0.000000
 1.640000 0.000000 0.000000
 1.642500 0.000000 0.000000
 1.645000 0.000000 0.000000
 1.647500 0.000000 0.000000
 1.650000 0.000000 0.000000
 1.652500 0.000000 0.000000
 1.655000 0.000000 0.000000
 1.657500 0.000000 0.000000
 1.660000 0.000000 0.000000
 1.662500 0.000000 0.000000
 1.665000 0.000000 0.000000
 1.667500 0.000000 0.000000
 1.670000 0.000000 0.000000
 1.672500 0.000000 0.000000
 1.675000 0.000000 0.000000
 1.677500 0.000000 0.000000
 1.680000 0.000000 0.000000
 1.682500 0.000000 0.000000
 1.685000 0.000000 0.000000
 1.687500 0.000000 0.000000
 1.690000 0.000000 0.000000
 1.692500 0.000000 0.000000
 1.695000 0.000000 0.000000
 1.697500 0.000000 0.000000
 1.700000 0.000000 0.000000
 1.702500 0.000000 0.000000
 1.705000 0.000000 0.000000
 1.707500 0.000000 0.000000
 1.710000 0.000000 0.000000
 1.712500 0.000000 0.000000
 1.715000 0.000000 0.000000
 1.717500 0.000000 0.000000
 1.720000 0.000000 0.000000
 1.722500 0.000000 0.000000
 1.725000 0.000000 0.000000
 1.727500 0.000000 0.000000
 1.730000 0.000000 0.000000
 1.732500 0.000000 0.000000
 1.735000 0.000000 0.000000
 1.737500 0.000000 0.000000
 1.740000 0.000000 0.000000
 1.742500 0.000000 0.000000
 1.745000 0.000000 0.000000
 1.747500 0.000000 0.000000
 1.750000 0.000000 0.000000
 1.752500 0.000000 0.000000
 1.755000 0.000000 0.000000
 1.757500 0.000000 0.000000
 1.760000 0.000000 0.000000
 1.762500 0.000000 0.000000
 1.765000 0.000000 0.000000
 1.767500 0.000000 0.000000
 1.770000 0.000000 0.000000
 1.772500 0.000000 0.000000
 1.775000 0.000000 0.000000
 1.777500 0.000000 0.000000
 1.780000 0.000000 0.000000
 1.782500 0.000000 0.000000
 1.785000 0.000000 0.000000
 1.787500 0.000000 0.000000
 1.790000 0.000000 0.000000
 1.792500 0.000000 0.000000
 1.795000 0.000000 0.000000
 1.797500 0.000000 0.000000
 1.800000 0.000000 0.000000
 1.802500 0.000000 0.000000
 1.805000 0.000000 0.000000
 1.807500 0.000000 0.000000
 1.810000 0.000000 0.000000
 1.812500 0.000000 0.000000
 1.815000 0.000000 0.000000
 1.817500 0.000000 0.000000
 1.820000 0.000000 0.000000
 1.822500 0.000000 0.000000
 1.825000 0.000000 0.000000
 1.827500 0.000000 0.000000
 1.830000 0.000000 0.000000
 1.832500 0.000000 0.000000
 1.835000 0.000000 0.000000
 1.837500 0.000000 0.000000
 1.840000 0.000000 0.000000
 1.842500 0.000000 0.000000
 1.845000 0.000000 0.000000
 1.847500 0.000000 0.000000
 1.850000 0.000000 0.000000
 1.852500 0.000000 0.000000
 1.855000 0.000000 0.000000
 1.857500 0.000000 0.000000
 1.860000 0.000000 0.000000
 1.862500 0.000000 0.000000
 1.865000 0.000000 0.000000
 1.867500 0.000000 0.000000
 1.870000 0.000000 0.000000
 1.872500 0.000000 0.000000
 1.875000 0.000000 0.000000
 1.877500 0.000000 0.000000
 1.880000 0.000000 0.000000
 1.882500 0.000000 0.000000
 1.885000 0.000000 0.000000
 1.887500 0.000000 0.000000
 1.890000 0.000000 0.000000
 1.892500 0.000000 0.000000
 1.895000 0.000000 0.000000
 1.897500 0.000000 0.000000
 1.900000 0.000000 0.000000
 1.902500 0.000000 0.000000
 1.905000 0.000000 0.000000
 1.907500 0.000000 0.000000
 1.910000 0.000000 0.000000
 1.912500 0.000000 0.000000
 1.915000 0.000000 0.000000
 1.917500 0.000000 0.000000
 1.920000 0.000000 0.000000
 1.922500 0.000000 0.000000
 1.925000 0.000000 0.000000
 1.927500 0.000000 0.000000
 1.930000 0.000000 0.000000
 1.932500 0.000000 0.000000
 1.935000 0.000000 0.000000
 1.937500 0.000000 0.000000
 1.940000 0.000000 0.000000
 1.942500 0.000000 0.000000
 1.945000 0.000000 0.000000
 1.947500 0.000000 0.000000
 1.950000 0.000000 0.000000
 1.952500 0.000000 0.000000
 1.955000 0.000000 0.000000
 1.957500 0.000000 0.000000
 1.960000 0.000000 0.000000
 1.962500 0.000000 0.000000
 1.965000 0.000000 0.000000
 1.967500 0.000000 0.000000
 1.970000 0.000000 0.000000
 1.972500 0.000000 0.000000
 1.975000 0.000000 0.000000
 1.977500 0.000000 0.000000
 1.980000 0.000000 0.000000
 1.982500 0.000000 0.000000
 1.985000 0.000000 0.000000
 1.987500 0.000000 0.000000
 1.990000 0.000000 0.000000
 1.992500 0.000000 0.000000
 1.995000 0.000000 0.000000
 1.997500 0.000000 0.000000
 2.000000 0.000000 0.000000
