#! FIELDS es hh dhh_es
#! SET normalisation  2000.000000
#! SET min_es -0.5
#! SET max_es 2
#! SET nbins_es  1000
#! SET periodic_es false
 -0.500000 0.000000 0.000000
 -0.497500 0.000000 0.000000
 -0.495000 0.000000 0.000000
 -0.492500 0.000000 0.000000
 -0.490000 0.000000 0.000000
 -0.487500 0.000000 0.000000
 -0.485000 0.000000 0.000000
 -0.482500 0.000000 0.000000
 -0.480000 0.000000 0.000000
 -0.477500 0.000000 0.000000
 -0.475000 0.000000 0.000000
 -0.472500 0.000000 0.000000
 -0.470000 0.000000 0.000000
 -0.467500 0.000000 0.000000
 -0.465000 0.000000 0.000000
 -0.462500 0.000000 0.000000
 -0.460000 0.000000 0.000000
 -0.457500 0.000000 0.000000
 -0.455000 0.000000 0.000000
 -0.452500 0.000000 0.000000
 -0.450000 0.000000 0.000000
 -0.447500 0.000000 0.000000
 -0.445000 0.000000 0.000000
 -0.442500 0.000000 0.000000
 -0.440000 0.000000 0.000000
 -0.437500 0.000000 0.000000
 -0.435000 0.000000 0.000000
 -0.432500 0.000000 0.000000
 -0.430000 0.000000 0.000000
 -0.427500 0.000000 0.000000
 -0.425000 0.000000 0.000000
 -0.422500 0.000000 0.000000
 -0.420000 0.000000 0.000000
 -0.417500 0.000000 0.000000
 -0.415000 0.000000 0.000000
 -0.412500 0.000000 0.000000
 -0.410000 0.000000 0.000000
 -0.407500 0.000000 0.000000
 -0.405000 0.000000 0.000000
 -0.402500 0.000000 0.000000
 -0.400000 0.000000 0.000000
 -0.397500 0.000000 0.000000
 -0.395000 0.000000 0.000000
 -0.392500 0.000000 0.000000
 -0.390000 0.000000 0.000000
 -0.387500 0.000000 0.000000
 -0.385000 0.000000 0.000000
 -0.382500 0.000000 0.000000
 -0.380000 0.000000 0.000000
 -0.377500 0.000000 0.000000
 -0.375000 0.000000 0.000000
 -0.372500 0.000000 0.000000
 -0.370000 0.000000 0.000000
 -0.367500 0.000000 0.000000
 -0.365000 0.000000 0.000000
 -0.362500 0.000000 0.000000
 -0.360000 0.000000 0.000000
 -0.357500 0.000000 0.000000
 -0.355000 0.000000 0.000000
 -0.352500 0.000000 0.000000
 -0.350000 0.000000 0.000000
 -0.347500 0.000000 0.000000
 -0.345000 0.000000 0.000000
 -0.342500 0.000000 0.000000
 -0.340000 0.000000 0.000000
 -0.337500 0.000000 0.000000
 -0.335000 0.000000 0.000000
 -0.332500 0.000000 0.000000
 -0.330000 0.000000 0.000000
 -0.327500 0.000000 0.000000
 -0.325000 0.000000 0.000000
 -0.322500 0.000000 0.000000
 -0.320000 0.000000 0.000000
 -0.317500 0.000000 0.000000
 -0.315000 0.000000 0.000000
 -0.312500 0.000000 0.000000
 -0.310000 0.000000 0.000000
 -0.307500 0.000000 0.000000
 -0.305000 0.000000 0.000000
 -0.302500 0.000000 0.000000
 -0.300000 0.000000 0.000000
 -0.297500 0.000000 0.000000
 -0.295000 0.000000 0.000000
 -0.292500 0.000000 0.000000
 -0.290000 0.000000 0.000000
 -0.287500 0.000000 0.000000
 -0.285000 0.000000 0.000000
 -0.282500 0.000000 0.000000
 -0.280000 0.000000 0.000000
 -0.277500 0.000000 0.000000
 -0.275000 0.000000 0.000000
 -0.272500 0.000000 0.000000
 -0.270000 0.000000 0.000000
 -0.267500 0.000000 0.000000
 -0.265000 0.000000 0.000000
 -0.262500 0.000000 0.000000
 -0.260000 0.000000 0.000000
 -0.257500 0.000000 0.000000
 -0.255000 0.000000 0.000000
 -0.252500 0.000000 0.000000
 -0.250000 0.000000 0.000000
 -0.247500 0.000000 0.000000
 -0.245000 0.000000 0.000000
 -0.242500 0.000000 0.000000
 -0.240000 0.000000 0.000000
 -0.237500 0.000000 0.000000
 -0.235000 0.000000 0.000000
 -0.232500 0.000000 0.000000
 -0.230000 0.000000 0.000000
 -0.227500 0.000000 0.000000
 -0.225000 0.000000 0.000000
 -0.222500 0.000000 0.000000
 -0.220000 0.000000 0.000000
 -0.217500 0.000000 0.000000
 -0.215000 0.000000 0.000000
 -0.212500 0.000000 0.000000
 -0.210000 0.000000 0.000000
 -0.207500 0.000000 0.000000
 -0.205000 0.000000 0.000000
 -0.202500 0.000000 0.000000
 -0.200000 0.000000 0.000000
 -0.197500 0.000000 0.000000
 -0.195000 0.000000 0.000000
 -0.192500 0.000000 0.000000
 -0.190000 0.000000 0.000000
 -0.187500 0.000000 0.000000
 -0.185000 0.000000 0.000000
 -0.182500 0.000000 0.000000
 -0.180000 0.000000 0.000000
 -0.177500 0.000000 0.000000
 -0.175000 0.000000 0.000000
 -0.172500 0.000000 0.000000
 -0.170000 0.000000 0.000000
 -0.167500 0.000000 0.000000
 -0.165000 0.000000 0.000000
 -0.162500 0.000000 0.000000
 -0.160000 0.000000 0.000000
 -0.157500 0.000000 0.000000
 -0.155000 0.000000 0.000000
 -0.152500 0.000000 0.000000
 -0.150000 0.000000 0.000000
 -0.147500 0.000000 0.000000
 -0.145000 0.000000 0.000000
 -0.142500 0.000000 0.000000
 -0.140000 0.000000 0.000000
 -0.137500 0.000000 0.000000
 -0.135000 0.000000 0.000000
 -0.132500 0.000000 0.000000
 -0.130000 0.000000 0.000000
 -0.127500 0.000000 0.000000
 -0.125000 0.000000 0.000000
 -0.122500 0.000000 0.000000
 -0.120000 0.000000 0.000000
 -0.117500 0.000000 0.000000
 -0.115000 0.000000 0.000000
 -0.112500 0.000000 0.000000
 -0.110000 0.000000 0.000000
 -0.107500 0.000000 0.000000
 -0.105000 0.000000 0.000000
 -0.102500 0.000000 0.000000
 -0.100000 0.000000 0.000000
 -0.097500 0.000000 0.000000
 -0.095000 0.000000 0.000000
 -0.092500 0.000000 0.000000
 -0.090000 0.000000 0.000000
 -0.087500 0.000000 0.000000
 -0.085000 0.000000 0.000000
 -0.082500 0.000000 0.000000
 -0.080000 0.000000 0.000000
 -0.077500 0.000000 0.000000
 -0.075000 0.000000 0.000000
 -0.072500 0.000000 0.000000
 -0.070000 0.000000 0.000000
 -0.067500 0.000000 0.000000
 -0.065000 0.000000 0.000000
 -0.062500 0.000000 0.000000
 -0.060000 0.000000 0.000000
 -0.057500 0.000000 0.000000
 -0.055000 0.000000 0.000000
 -0.052500 0.000000 0.000000
 -0.050000 0.000000 0.000000
 -0.047500 0.000000 0.000000
 -0.045000 0.000000 0.000000
 -0.042500 0.000000 0.000000
 -0.040000 0.000000 0.000000
 -0.037500 0.000000 0.000000
 -0.035000 0.000000 0.000000
 -0.032500 0.000000 0.000000
 -0.030000 0.000000 0.000000
 -0.027500 0.000000 0.000000
 -0.025000 0.000000 0.000000
 -0.022500 0.000000 0.000000
 -0.020000 0.000000 0.000000
 -0.017500 0.000000 0.000000
 -0.015000 0.000000 0.000000
 -0.012500 0.000000 0.000000
 -0.010000 0.000000 0.000000
 -0.007500 0.000000 0.000000
 -0.005000 0.000000 0.000000
 -0.002500 0.000000 0.000000
 0.000000 0.000000 0.000000
 0.002500 0.000000 0.000000
 0.005000 0.000000 0.000000
 0.007500 0.000000 0.000000
 0.010000 0.000000 0.000000
 0.012500 0.000000 0.000026
 0.015000 0.000000 0.000060
 0.017500 0.000000 0.000132
 0.020000 0.000001 0.000270
 0.022500 0.000002 0.000515
 0.025000 0.000004 0.000915
 0.027500 0.000007 0.001512
 0.030000 0.000011 0.002321
 0.032500 0.000018 0.003296
 0.035000 0.000028 0.004312
 0.037500 0.000040 0.005161
 0.040000 0.000053 0.005588
 0.042500 0.000067 0.005361
 0.045000 0.000079 0.004358
 0.047500 0.000088 0.002636
 0.050000 0.000092 0.000447
 0.052500 0.000090 -0.001824
 0.055000 0.000083 -0.003766
 0.057500 0.000072 -0.005065
 0.060000 0.000059 -0.005588
 0.062500 0.000045 -0.005391
 0.065000 0.000032 -0.004674
 0.067500 0.000022 -0.003695
 0.070000 0.000014 -0.002684
 0.072500 0.000008 -0.001802
 0.075000 0.000005 -0.001122
 0.077500 0.000002 -0.000649
 0.080000 0.000001 -0.000350
 0.082500 0.000001 -0.000176
 0.085000 0.000000 -0.000083
 0.087500 0.000000 -0.000036
 0.090000 0.000000 0.000000
 0.092500 0.000000 0.000025
 0.095000 0.000000 0.000059
 0.097500 0.000000 0.000129
 0.100000 0.000001 0.000264
 0.102500 0.000002 0.000505
 0.105000 0.000004 0.000900
 0.107500 0.000006 0.001491
 0.110000 0.000011 0.002293
 0.112500 0.000018 0.003264
 0.115000 0.000028 0.004305
 0.117500 0.000040 0.005196
 0.120000 0.000053 0.005707
 0.122500 0.000068 0.005633
 0.125000 0.000081 0.004888
 0.127500 0.000092 0.003594
 0.130000 0.000099 0.002026
 0.132500 0.000102 0.000610
 0.135000 0.000102 -0.000251
 0.137500 0.000101 -0.000317
 0.140000 0.000101 0.000400
 0.142500 0.000104 0.001638
 0.145000 0.000110 0.003005
 0.147500 0.000119 0.004094
 0.150000 0.000130 0.004594
 0.152500 0.000141 0.004473
 0.155000 0.000152 0.003859
 0.157500 0.000160 0.003138
 0.160000 0.000168 0.002675
 0.162500 0.000174 0.002937
 0.165000 0.000183 0.004300
 0.167500 0.000197 0.007005
 0.170000 0.000219 0.011050
 0.172500 0.000253 0.016045
 0.175000 0.000300 0.021366
 0.177500 0.000360 0.026113
 0.180000 0.000429 0.029335
 0.182500 0.000504 0.030275
 0.185000 0.000579 0.028587
 0.187500 0.000645 0.024379
 0.190000 0.000699 0.018473
 0.192500 0.000737 0.012034
 0.195000 0.000760 0.006604
 0.197500 0.000773 0.003830
 0.200000 0.000783 0.004865
 0.202500 0.000801 0.010079
 0.205000 0.000836 0.018835
 0.207500 0.000896 0.029330
 0.210000 0.000982 0.039342
 0.212500 0.001091 0.046623
 0.215000 0.001212 0.049543
 0.217500 0.001334 0.047500
 0.220000 0.001446 0.040931
 0.222500 0.001536 0.031133
 0.225000 0.001600 0.019706
 0.227500 0.001635 0.008419
 0.230000 0.001644 -0.001165
 0.232500 0.001632 -0.007718
 0.235000 0.001609 -0.010123
 0.237500 0.001585 -0.007963
 0.240000 0.001573 -0.001053
 0.242500 0.001584 0.010057
 0.245000 0.001626 0.024216
 0.247500 0.001706 0.039741
 0.250000 0.001825 0.054593
 0.252500 0.001977 0.067117
 0.255000 0.002157 0.076010
 0.257500 0.002354 0.081089
 0.260000 0.002560 0.083119
 0.262500 0.002768 0.083232
 0.265000 0.002976 0.082626
 0.267500 0.003182 0.082176
 0.270000 0.003386 0.081441
 0.272500 0.003588 0.079998
 0.275000 0.003785 0.077281
 0.277500 0.003974 0.073260
 0.280000 0.004152 0.068657
 0.282500 0.004318 0.064772
 0.285000 0.004478 0.062921
 0.287500 0.004635 0.063871
 0.290000 0.004800 0.067850
 0.292500 0.004977 0.074698
 0.295000 0.005175 0.084316
 0.297500 0.005402 0.097046
 0.300000 0.005663 0.112663
 0.302500 0.005966 0.129853
 0.305000 0.006312 0.146022
 0.307500 0.006693 0.157102
 0.310000 0.007090 0.159132
 0.312500 0.007480 0.150005
 0.315000 0.007832 0.130592
 0.317500 0.008128 0.105831
 0.320000 0.008363 0.083030
 0.322500 0.008553 0.070177
 0.325000 0.008728 0.073078
 0.327500 0.008934 0.093897
 0.330000 0.009212 0.131164
 0.332500 0.009599 0.179920
 0.335000 0.010117 0.234055
 0.337500 0.010770 0.287416
 0.340000 0.011550 0.334363
 0.342500 0.012435 0.370998
 0.345000 0.013396 0.395200
 0.347500 0.014401 0.406710
 0.350000 0.015422 0.407884
 0.352500 0.016437 0.403195
 0.355000 0.017439 0.399093
 0.357500 0.018438 0.401494
 0.360000 0.019457 0.415130
 0.362500 0.020524 0.441057
 0.365000 0.021670 0.476012
 0.367500 0.022909 0.514420
 0.370000 0.024241 0.549174
 0.372500 0.025649 0.573924
 0.375000 0.027101 0.585688
 0.377500 0.028566 0.583565
 0.380000 0.030011 0.569554
 0.382500 0.031410 0.547209
 0.385000 0.032747 0.521500
 0.387500 0.034019 0.496355
 0.390000 0.035235 0.477935
 0.392500 0.036420 0.471600
 0.395000 0.037608 0.482451
 0.397500 0.038849 0.513010
 0.400000 0.040192 0.563368
 0.402500 0.041680 0.627979
 0.405000 0.043339 0.698809
 0.407500 0.045174 0.766741
 0.410000 0.047165 0.822577
 0.412500 0.049274 0.861202
 0.415000 0.051457 0.881979
 0.417500 0.053675 0.889485
 0.420000 0.055902 0.891857
 0.422500 0.058141 0.900063
 0.425000 0.060417 0.922997
 0.427500 0.062775 0.965600
 0.430000 0.065264 1.028940
 0.432500 0.067937 1.111267
 0.435000 0.070833 1.207586
 0.437500 0.073985 1.313271
 0.440000 0.077405 1.421907
 0.442500 0.081093 1.526111
 0.445000 0.085028 1.617134
 0.447500 0.089162 1.684685
 0.450000 0.093429 1.721725
 0.452500 0.097747 1.726461
 0.455000 0.102042 1.704507
 0.457500 0.106262 1.668659
 0.460000 0.110391 1.635425
 0.462500 0.114458 1.622083
 0.465000 0.118532 1.640911
 0.467500 0.122702 1.701285
 0.470000 0.127077 1.804741
 0.472500 0.131763 1.947806
 0.475000 0.136849 2.123166
 0.477500 0.142398 2.317616
 0.480000 0.148440 2.513965
 0.482500 0.154955 2.692400
 0.485000 0.161876 2.835044
 0.487500 0.169092 2.926305
 0.490000 0.176462 2.958121
 0.492500 0.183838 2.932765
 0.495000 0.191089 2.862733
 0.497500 0.198133 2.768525
 0.500000 0.204938 2.677127
 0.502500 0.211547 2.615431
 0.505000 0.218062 2.605120
 0.507500 0.224629 2.658202
 0.510000 0.231413 2.778308
 0.512500 0.238572 2.954722
 0.515000 0.246222 3.169939
 0.517500 0.254438 3.401686
 0.520000 0.263233 3.629678
 0.522500 0.272578 3.840998
 0.525000 0.282419 4.025217
 0.527500 0.292690 4.185895
 0.530000 0.303332 4.324957
 0.532500 0.314303 4.449668
 0.535000 0.325576 4.568779
 0.537500 0.337149 4.689859
 0.540000 0.349038 4.824957
 0.542500 0.361294 4.982644
 0.545000 0.373978 5.168487
 0.547500 0.387159 5.377831
 0.550000 0.400878 5.595259
 0.552500 0.415130 5.800848
 0.555000 0.429856 5.970781
 0.557500 0.444951 6.096660
 0.560000 0.460310 6.182798
 0.562500 0.475859 6.256046
 0.565000 0.491609 6.350638
 0.567500 0.507661 6.501519
 0.570000 0.524191 6.732390
 0.572500 0.541397 7.042547
 0.575000 0.559460 7.413911
 0.577500 0.578490 7.809921
 0.580000 0.598503 8.196569
 0.582500 0.619439 8.543487
 0.585000 0.641179 8.836842
 0.587500 0.663588 9.079732
 0.590000 0.686552 9.286290
 0.592500 0.710014 9.478346
 0.595000 0.733954 9.676092
 0.597500 0.758408 9.888931
 0.600000 0.783415 10.120037
 0.602500 0.809017 10.359519
 0.605000 0.835216 10.603088
 0.607500 0.862028 10.847150
 0.610000 0.889471 11.107555
 0.612500 0.917602 11.404481
 0.615000 0.946534 11.752176
 0.617500 0.976402 12.148546
 0.620000 1.007295 12.568673
 0.622500 1.039225 12.968385
 0.625000 1.072075 13.300633
 0.627500 1.105641 13.535361
 0.630000 1.139657 13.668665
 0.632500 1.173905 13.720882
 0.635000 1.208229 13.739661
 0.637500 1.242606 13.772941
 0.640000 1.277141 13.871428
 0.642500 1.312046 14.074355
 0.645000 1.347619 14.405739
 0.647500 1.384176 14.869148
 0.650000 1.422038 15.442859
 0.652500 1.461437 16.094837
 0.655000 1.502529 16.785695
 0.657500 1.545359 17.481535
 0.660000 1.589913 18.165538
 0.662500 1.636153 18.832096
 0.665000 1.684030 19.477104
 0.667500 1.733486 20.090562
 0.670000 1.784406 20.649509
 0.672500 1.836620 21.113351
 0.675000 1.889837 21.444116
 0.677500 1.943681 21.618434
 0.680000 1.997760 21.636504
 0.682500 2.051719 21.527906
 0.685000 2.105307 21.352124
 0.687500 2.158443 21.182802
 0.690000 2.211236 21.083468
 0.692500 2.263929 21.105924
 0.695000 2.316844 21.273665
 0.697500 2.370355 21.576615
 0.700000 2.424758 21.987051
 0.702500 2.480276 22.458603
 0.705000 2.537002 22.950301
 0.707500 2.594944 23.423569
 0.710000 2.654010 23.851046
 0.712500 2.714061 24.209681
 0.715000 2.774894 24.475008
 0.717500 2.836257 24.635483
 0.720000 2.897874 24.680632
 0.722500 2.959461 24.612757
 0.725000 3.020740 24.440390
 0.727500 3.081471 24.184563
 0.730000 3.141493 23.876576
 0.732500 3.200721 23.561462
 0.735000 3.259198 23.279775
 0.737500 3.317047 23.071804
 0.740000 3.374489 22.958988
 0.742500 3.431760 22.928768
 0.745000 3.489006 22.939675
 0.747500 3.546265 22.928268
 0.750000 3.603411 22.840168
 0.752500 3.660182 22.630563
 0.755000 3.716254 22.281897
 0.757500 3.771286 21.811639
 0.760000 3.825012 21.247186
 0.762500 3.877249 20.623470
 0.765000 3.927872 19.969287
 0.767500 3.976837 19.298106
 0.770000 4.024110 18.621708
 0.772500 4.069678 17.934397
 0.775000 4.113498 17.234189
 0.777500 4.155539 16.510044
 0.780000 4.195720 15.747809
 0.782500 4.233934 14.936449
 0.785000 4.270046 14.067848
 0.787500 4.303897 13.132134
 0.790000 4.335316 12.136142
 0.792500 4.364164 11.078094
 0.795000 4.390302 9.970477
 0.797500 4.413613 8.818453
 0.800000 4.433973 7.618342
 0.802500 4.451255 6.351776
 0.805000 4.465266 5.005630
 0.807500 4.475790 3.573869
 0.810000 4.482642 2.076725
 0.812500 4.485706 0.557482
 0.815000 4.485012 -0.920816
 0.817500 4.480718 -2.299503
 0.820000 4.473125 -3.556333
 0.822500 4.462509 -4.732731
 0.825000 4.448968 -5.907925
 0.827500 4.432357 -7.199385
 0.830000 4.412235 -8.728775
 0.832500 4.387918 -10.562704
 0.835000 4.358620 -12.694458
 0.837500 4.323702 -15.040440
 0.840000 4.282792 -17.451718
 0.842500 4.235946 -19.767212
 0.845000 4.183577 -21.845340
 0.847500 4.126385 -23.606398
 0.850000 4.065183 -25.057994
 0.852500 4.000661 -26.281326
 0.855000 3.933237 -27.396249
 0.857500 3.863016 -28.539981
 0.860000 3.789790 -29.811882
 0.862500 3.713175 -31.252323
 0.865000 3.632757 -32.844853
 0.867500 3.548233 -34.515759
 0.870000 3.459513 -36.186282
 0.872500 3.366699 -37.783377
 0.875000 3.270025 -39.264388
 0.877500 3.169803 -40.621373
 0.880000 3.066342 -41.858017
 0.882500 2.959944 -42.969326
 0.885000 2.850946 -43.942825
 0.887500 2.739718 -44.739559
 0.890000 2.626753 -45.337432
 0.892500 2.512565 -45.720219
 0.895000 2.397688 -45.901075
 0.897500 2.282568 -45.910956
 0.900000 2.167581 -45.808751
 0.902500 2.052956 -45.628667
 0.905000 1.938851 -45.400538
 0.907500 1.825388 -45.121817
 0.910000 1.712709 -44.770560
 0.912500 1.601044 -44.318214
 0.915000 1.490683 -43.724911
 0.917500 1.382014 -42.964799
 0.920000 1.275471 -42.017324
 0.922500 1.171553 -40.883275
 0.925000 1.070725 -39.553327
 0.927500 0.973467 -38.028578
 0.930000 0.880269 -36.319561
 0.932500 0.791578 -34.435167
 0.935000 0.707806 -32.396538
 0.937500 0.629297 -30.239601
 0.940000 0.556283 -28.012466
 0.942500 0.488879 -25.775501
 0.945000 0.427033 -23.578099
 0.947500 0.370594 -21.465226
 0.950000 0.319314 -19.459493
 0.952500 0.272918 -17.567200
 0.955000 0.231131 -15.778776
 0.957500 0.193712 -14.080464
 0.960000 0.160447 -12.456976
 0.962500 0.131161 -10.906353
 0.965000 0.105671 -9.429276
 0.967500 0.083780 -8.033649
 0.970000 0.065275 -6.733040
 0.972500 0.049896 -5.537550
 0.975000 0.037365 -4.461853
 0.977500 0.027378 -3.516970
 0.980000 0.019588 -2.702529
 0.982500 0.013673 -2.024287
 0.985000 0.009296 -1.473838
 0.987500 0.006147 -1.041869
 0.990000 0.003949 -0.714066
 0.992500 0.002462 -0.474253
 0.995000 0.001485 -0.304094
 0.997500 0.000867 -0.188497
 1.000000 0.000488 -0.112427
 1.002500 0.000264 -0.064339
 1.005000 0.000137 -0.035084
 1.007500 0.000068 -0.018326
 1.010000 0.000032 -0.009122
 1.012500 0.000015 -0.004348
 1.015000 0.000006 -0.001833
 1.017500 0.000002 -0.000772
 1.020000 0.000001 -0.000218
 1.022500 0.000000 -0.000086
 1.025000 0.000000 -0.000038
 1.027500 0.000000 0.000000
 1.030000 0.000000 0.000000
 1.032500 0.000000 0.000000
 1.035000 0.000000 0.000000
 1.037500 0.000000 0.000000
 1.040000 0.000000 0.000000
 1.042500 0.000000 0.000000
 1.045000 0.000000 0.000000
 1.047500 0.000000 0.000000
 1.050000 0.000000 0.000000
 1.052500 0.000000 0.000000
 1.055000 0.000000 0.000000
 1.057500 0.000000 0.000000
 1.060000 0.000000 0.000000
 1.062500 0.000000 0.000000
 1.065000 0.000000 0.000000
 1.067500 0.000000 0.000000
 1.070000 0.000000 0.000000
 1.072500 0.000000 0.000000
 1.075000 0.000000 0.000000
 1.077500 0.000000 0.000000
 1.080000 0.000000 0.000000
 1.082500 0.000000 0.000000
 1.085000 0.000000 0.000000
 1.087500 0.000000 0.000000
 1.090000 0.000000 0.000000
 1.092500 0.000000 0.000000
 1.095000 0.000000 0.000000
 1.097500 0.000000 0.000000
 1.100000 0.000000 0.000000
 1.102500 0.000000 0.000000
 1.105000 0.000000 0.000000
 1.107500 0.000000 0.000000
 1.110000 0.000000 0.000000
 1.112500 0.000000 0.000000
 1.115000 0.000000 0.000000
 1.117500 0.000000 0.000000
 1.120000 0.000000 0.000000
 1.122500 0.000000 0.000000
 1.125000 0.000000 0.000000
 1.127500 0.000000 0.000000
 1.130000 0.000000 0.000000
 1.132500 0.000000 0.000000
 1.135000 0.000000 0.000000
 1.137500 0.000000 0.000000
 1.140000 0.000000 0.000000
 1.142500 0.000000 0.000000
 1.145000 0.000000 0.000000
 1.147500 0.000000 0.000000
 1.150000 0.000000 0.000000
 1.152500 0.000000 0.000000
 1.155000 0.000000 0.000000
 1.157500 0.000000 0.000000
 1.160000 0.000000 0.000000
 1.162500 0.000000 0.000000
 1.165000 0.000000 0.000000
 1.167500 0.000000 0.000000
 1.170000 0.000000 0.000000
 1.172500 0.000000 0.000000
 1.175000 0.000000 0.000000
 1.177500 0.000000 0.000000
 1.180000 0.000000 0.000000
 1.182500 0.000000 0.000000
 1.185000 0.000000 0.000000
 1.187500 0.000000 0.000000
 1.190000 0.000000 0.000000
 1.192500 0.000000 0.000000
 1.195000 0.000000 0.000000
 1.197500 0.000000 0.000000
 1.200000 0.000000 0.000000
 1.202500 0.000000 0.000000
 1.205000 0.000000 0.000000
 1.207500 0.000000 0.000000
 1.210000 0.000000 0.000000
 1.212500 0.000000 0.000000
 1.215000 0.000000 0.000000
 1.217500 0.000000 0.000000
 1.220000 0.000000 0.000000
 1.222500 0.000000 0.000000
 1.225000 0.000000 0.000000
 1.227500 0.000000 0.000000
 1.230000 0.000000 0.000000
 1.232500 0.000000 0.000000
 1.235000 0.000000 0.000000
 1.237500 0.000000 0.000000
 1.240000 0.000000 0.000000
 1.242500 0.000000 0.000000
 1.245000 0.000000 0.000000
 1.247500 0.000000 0.000000
 1.250000 0.000000 0.000000
 1.252500 0.000000 0.000000
 1.255000 0.000000 0.000000
 1.257500 0.000000 0.000000
 1.260000 0.000000 0.000000
 1.262500 0.000000 0.000000
 1.265000 0.000000 0.000000
 1.267500 0.000000 0.000000
 1.270000 0.000000 0.000000
 1.272500 0.000000 0.000000
 1.275000 0.000000 0.000000
 1.277500 0.000000 0.000000
 1.280000 0.000000 0.000000
 1.282500 0.000000 0.000000
 1.285000 0.000000 0.000000
 1.287500 0.000000 0.000000
 1.290000 0.000000 0.000000
 1.292500 0.000000 0.000000
 1.295000 0.000000 0.000000
 1.297500 0.000000 0.000000
 1.300000 0.000000 0.000000
 1.302500 0.000000 0.000000
 1.305000 0.000000 0.000000
 1.307500 0.000000 0.000000
 1.310000 0.000000 0.000000
 1.312500 0.000000 0.000000
 1.315000 0.000000 0.000000
 1.317500 0.000000 0.000000
 1.320000 0.000000 0.000000
 1.322500 0.000000 0.000000
 1.325000 0.000000 0.000000
 1.327500 0.000000 0.000000
 1.330000 0.000000 0.000000
 1.332500 0.000000 0.000000
 1.335000 0.000000 0.000000
 1.337500 0.000000 0.000000
 1.340000 0.000000 0.000000
 1.342500 0.000000 0.000000
 1.345000 0.000000 0.000000
 1.347500 0.000000 0.000000
 1.350000 0.000000 0.000000
 1.352500 0.000000 0.000000
 1.355000 0.000000 0.000000
 1.357500 0.000000 0.000000
 1.360000 0.000000 0.000000
 1.362500 0.000000 0.000000
 1.365000 0.000000 0.000000
 1.367500 0.000000 0.000000
 1.370000 0.000000 0.000000
 1.372500 0.000000 0.000000
 1.375000 0.000000 0.000000
 1.377500 0.000000 0.000000
 1.380000 0.000000 0.000000
 1.382500 0.000000 0.000000
 1.385000 0.000000 0.000000
 1.387500 0.000000 0.000000
 1.390000 0.000000 0.000000
 1.392500 0.000000 0.000000
 1.395000 0.000000 0.000000
 1.397500 0.000000 0.000000
 1.400000 0.000000 0.000000
 1.402500 0.000000 0.000000
 1.405000 0.000000 0.000000
 1.407500 0.000000 0.000000
 1.410000 0.000000 0.000000
 1.412500 0.000000 0.000000
 1.415000 0.000000 0.000000
 1.417500 0.000000 0.000000
 1.420000 0.000000 0.000000
 1.422500 0.000000 0.000000
 1.425000 0.000000 0.000000
 1.427500 0.000000 0.000000
 1.430000 0.000000 0.000000
 1.432500 0.000000 0.000000
 1.435000 0.000000 0.000000
 1.437500 0.000000 0.000000
 1.440000 0.000000 0.000000
 1.442500 0.000000 0.000000
 1.445000 0.000000 0.000000
 1.447500 0.000000 0.000000
 1.450000 0.000000 0.000000
 1.452500 0.000000 0.000000
 1.455000 0.000000 0.000000
 1.457500 0.000000 0.000000
 1.460000 0.000000 0.000000
 1.462500 0.000000 0.000000
 1.465000 0.000000 0.000000
 1.467500 0.000000 0.000000
 1.470000 0.000000 0.000000
 1.472500 0.000000 0.000000
 1.475000 0.000000 0.000000
 1.477500 0.000000 0.000000
 1.480000 0.000000 0.000000
 1.482500 0.000000 0.000000
 1.485000 0.000000 0.000000
 1.487500 0.000000 0.000000
 1.490000 0.000000 0.000000
 1.492500 0.000000 0.000000
 1.495000 0.000000 0.000000
 1.497500 0.000000 0.000000
 1.500000 0.000000 0.000000
 1.502500 0.000000 0.000000
 1.505000 0.000000 0.000000
 1.507500 0.000000 0.000000
 1.510000 0.000000 0.000000
 1.512500 0.000000 0.000000
 1.515000 0.000000 0.000000
 1.517500 0.000000 0.000000
 1.520000 0.000000 0.000000
 1.522500 0.000000 0.000000
 1.525000 0.000000 0.000000
 1.527500 0.000000 0.000000
 1.530000 0.000000 0.000000
 1.532500 0.000000 0.000000
 1.535000 0.000000 0.000000
 1.537500 0.000000 0.000000
 1.540000 0.000000 0.000000
 1.542500 0.000000 0.000000
 1.545000 0.000000 0.000000
 1.547500 0.000000 0.000000
 1.550000 0.000000 0.000000
 1.552500 0.000000 0.000000
 1.555000 0.000000 0.000000
 1.557500 0.000000 0.000000
 1.560000 0.000000 0.000000
 1.562500 0.000000 0.000000
 1.565000 0.000000 0.000000
 1.567500 0.000000 0.000000
 1.570000 0.000000 0.000000
 1.572500 0.000000 0.000000
 1.575000 0.000000 0.000000
 1.577500 0.000000 0.000000
 1.580000 0.000000 0.000000
 1.582500 0.000000 0.000000
 1.585000 0.000000 0.000000
 1.587500 0.000000 0.000000
 1.590000 0.000000 0.000000
 1.592500 0.000000 0.000000
 1.595000 0.000000 0.000000
 1.597500 0.000000 0.000000
 1.600000 0.000000 0.000000
 1.602500 0.000000 0.000000
 1.605000 0.000000 0.000000
 1.607500 0.000000 0.000000
 1.610000 0.000000 0.000000
 1.612500 0.000000 0.000000
 1.615000 0.000000 0.000000
 1.617500 0.000000 0.000000
 1.620000 0.000000 0.000000
 1.622500 0.000000 0.000000
 1.625000 0.000000 0.000000
 1.627500 0.000000 0.000000
 1.630000 0.000000 0.000000
 1.632500 0.000000 0.000000
 1.635000 0.000000 0.000000
 1.637500 0.000000 0.000000
 1.640000 0.000000 0.000000
 1.642500 0.000000 0.000000
 1.645000 0.000000 0.000000
 1.647500 0.000000 0.000000
 1.650000 0.000000 0.000000
 1.652500 0.000000 0.000000
 1.655000 0.000000 0.000000
 1.657500 0.000000 0.000000
 1.660000 0.000000 0.000000
 1.662500 0.000000 0.000000
 1.665000 0.000000 0.000000
 1.667500 0.000000 0.000000
 1.670000 0.000000 0.000000
 1.672500 0.000000 0.000000
 1.675000 0.000000 0.000000
 1.677500 0.000000 0.000000
 1.680000 0.000000 0.000000
 1.682500 0.000000 0.000000
 1.685000 0.000000 0.000000
 1.687500 0.000000 0.000000
 1.690000 0.000000 0.000000
 1.692500 0.000000 0.000000
 1.695000 0.000000 0.000000
 1.697500 0.000000 0.000000
 1.700000 0.000000 0.000000
 1.702500 0.000000 0.000000
 1.705000 0.000000 0.000000
 1.707500 0.000000 0.000000
 1.710000 0.000000 0.000000
 1.712500 0.000000 0.000000
 1.715000 0.000000 0.000000
 1.717500 0.000000 0.000000
 1.720000 0.000000 0.000000
 1.722500 0.000000 0.000000
 1.725000 0.000000 0.000000
 1.727500 0.000000 0.000000
 1.730000 0.000000 0.000000
 1.732500 0.000000 0.000000
 1.735000 0.000000 0.000000
 1.737500 0.000000 0.000000
 1.740000 0.000000 0.000000
 1.742500 0.000000 0.000000
 1.745000 0.000000 0.000000
 1.747500 0.000000 0.000000
 1.750000 0.000000 0.000000
 1.752500 0.000000 0.000000
 1.755000 0.000000 0.000000
 1.757500 0.000000 0.000000
 1.760000 0.000000 0.000000
 1.762500 0.000000 0.000000
 1.765000 0.000000 0.000000
 1.767500 0.000000 0.000000
 1.770000 0.000000 0.000000
 1.772500 0.000000 0.000000
 1.775000 0.000000 0.000000
 1.777500 0.000000 0.000000
 1.780000 0.000000 0.000000
 1.782500 0.000000 0.000000
 1.785000 0.000000 0.000000
 1.787500 0.000000 0.000000
 1.790000 0.000000 0.000000
 1.792500 0.000000 0.000000
 1.795000 0.000000 0.000000
 1.797500 0.000000 0.000000
 1.800000 0.000000 0.000000
 1.802500 0.000000 0.000000
 1.805000 0.000000 0.000000
 1.807500 0.000000 0.000000
 1.810000 0.000000 0.000000
 1.812500 0.000000 0.000000
 1.815000 0.000000 0.000000
 1.817500 0.000000 0.000000
 1.820000 0.000000 0.000000
 1.822500 0.000000 0.000000
 1.825000 0.000000 0.000000
 1.827500 0.000000 0.000000
 1.830000 0.000000 0.000000
 1.832500 0.000000 0.000000
 1.835000 0.000000 0.000000
 1.837500 0.000000 0.000000
 1.840000 0.000000 0.000000
 1.842500 0.000000 0.000000
 1.845000 0.000000 0.000000
 1.847500 0.000000 0.000000
 1.850000 0.000000 0.000000
 1.852500 0.000000 0.000000
 1.855000 0.000000 0.000000
 1.857500 0.000000 0.000000
 1.860000 0.000000 0.000000
 1.862500 0.000000 0.000000
 1.865000 0.000000 0.000000
 1.867500 0.000000 0.000000
 1.870000 0.000000 0.000000
 1.872500 0.000000 0.000000
 1.875000 0.000000 0.000000
 1.877500 0.000000 0.000000
 1.880000 0.000000 0.000000
 1.882500 0.000000 0.000000
 1.885000 0.000000 0.000000
 1.887500 0.000000 0.000000
 1.890000 0.000000 0.000000
 1.892500 0.000000 0.000000
 1.895000 0.000000 0.000000
 1.897500 0.000000 0.000000
 1.900000 0.000000 0.000000
 1.902500 0.000000 0.000000
 1.905000 0.000000 0.000000
 1.907500 0.000000 0.000000
 1.910000 0.000000 0.000000
 1.912500 0.000000 0.000000
 1.915000 0.000000 0.000000
 1.917500 0.000000 0.000000
 1.920000 0.000000 0.000000
 1.922500 0.000000 0.000000
 1.925000 0.000000 0.000000
 1.927500 0.000000 0.000000
 1.930000 0.000000 0.000000
 1.932500 0.000000 0.000000
 1.935000 0.000000 0.000000
 1.937500 0.000000 0.000000
 1.940000 0.000000 0.000000
 1.942500 0.000000 0.000000
 1.945000 0.000000 0.000000
 1.947500 0.000000 0.000000
 1.950000 0.000000 0.000000
 1.952500 0.000000 0.000000
 1.955000 0.000000 0.000000
 1.957500 0.000000 0.000000
 1.960000 0.000000 0.000000
 1.962500 0.000000 0.000000
 1.965000 0.000000 0.000000
 1.967500 0.000000 0.000000
 1.970000 0.000000 0.000000
 1.972500 0.000000 0.000000
 1.975000 0.000000 0.000000
 1.977500 0.000000 0.000000
 1.980000 0.000000 0.000000
 1.982500 0.000000 0.000000
 1.985000 0.000000 0.000000
 1.987500 0.000000 0.000000
 1.990000 0.000000 0.000000
 1.992500 0.000000 0.000000
 1.995000 0.000000 0.000000
 1.997500 0.000000 0.000000
 2.000000 0.000000 0.000000
