#! FIELDS es hh dhh_es
#! SET normalisation  2000.000000
#! SET min_es -0.5
#! SET max_es 2
#! SET nbins_es  1000
#! SET periodic_es false
 -0.500000 0.000000 0.000000
 -0.497500 0.000000 0.000000
 -0.495000 0.000000 0.000000
 -0.492500 0.000000 0.000000
 -0.490000 0.000000 0.000000
 -0.487500 0.000000 0.000000
 -0.485000 0.000000 0.000000
 -0.482500 0.000000 0.000000
 -0.480000 0.000000 0.000000
 -0.477500 0.000000 0.000000
 -0.475000 0.000000 0.000000
 -0.472500 0.000000 0.000000
 -0.470000 0.000000 0.000000
 -0.467500 0.000000 0.000000
 -0.465000 0.000000 0.000000
 -0.462500 0.000000 0.000000
 -0.460000 0.000000 0.000000
 -0.457500 0.000000 0.000000
 -0.455000 0.000000 0.000000
 -0.452500 0.000000 0.000000
 -0.450000 0.000000 0.000000
 -0.447500 0.000000 0.000000
 -0.445000 0.000000 0.000000
 -0.442500 0.000000 0.000000
 -0.440000 0.000000 0.000000
 -0.437500 0.000000 0.000000
 -0.435000 0.000000 0.000000
 -0.432500 0.000000 0.000000
 -0.430000 0.000000 0.000000
 -0.427500 0.000000 0.000000
 -0.425000 0.000000 0.000000
 -0.422500 0.000000 0.000000
 -0.420000 0.000000 0.000000
 -0.417500 0.000000 0.000000
 -0.415000 0.000000 0.000000
 -0.412500 0.000000 0.000000
 -0.410000 0.000000 0.000000
 -0.407500 0.000000 0.000000
 -0.405000 0.000000 0.000000
 -0.402500 0.000000 0.000000
 -0.400000 0.000000 0.000000
 -0.397500 0.000000 0.000000
 -0.395000 0.000000 0.000000
 -0.392500 0.000000 0.000000
 -0.390000 0.000000 0.000000
 -0.387500 0.000000 0.000000
 -0.385000 0.000000 0.000000
 -0.382500 0.000000 0.000000
 -0.380000 0.000000 0.000000
 -0.377500 0.000000 0.000000
 -0.375000 0.000000 0.000000
 -0.372500 0.000000 0.000000
 -0.370000 0.000000 0.000000
 -0.367500 0.000000 0.000000
 -0.365000 0.000000 0.000000
 -0.362500 0.000000 0.000000
 -0.360000 0.000000 0.000000
 -0.357500 0.000000 0.000000
 -0.355000 0.000000 0.000000
 -0.352500 0.000000 0.000000
 -0.350000 0.000000 0.000000
 -0.347500 0.000000 0.000000
 -0.345000 0.000000 0.000000
 -0.342500 0.000000 0.000000
 -0.340000 0.000000 0.000000
 -0.337500 0.000000 0.000000
 -0.335000 0.000000 0.000000
 -0.332500 0.000000 0.000000
 -0.330000 0.000000 0.000000
 -0.327500 0.000000 0.000000
 -0.325000 0.000000 0.000000
 -0.322500 0.000000 0.000000
 -0.320000 0.000000 0.000000
 -0.317500 0.000000 0.000000
 -0.315000 0.000000 0.000000
 -0.312500 0.000000 0.000000
 -0.310000 0.000000 0.000000
 -0.307500 0.000000 0.000000
 -0.305000 0.000000 0.000000
 -0.302500 0.000000 0.000000
 -0.300000 0.000000 0.000000
 -0.297500 0.000000 0.000000
 -0.295000 0.000000 0.000000
 -0.292500 0.000000 0.000000
 -0.290000 0.000000 0.000000
 -0.287500 0.000000 0.000000
 -0.285000 0.000000 0.000000
 -0.282500 0.000000 0.000000
 -0.280000 0.000000 0.000000
 -0.277500 0.000000 0.000000
 -0.275000 0.000000 0.000000
 -0.272500 0.000000 0.000000
 -0.270000 0.000000 0.000000
 -0.267500 0.000000 0.000000
 -0.265000 0.000000 0.000000
 -0.262500 0.000000 0.000000
 -0.260000 0.000000 0.000000
 -0.257500 0.000000 0.000000
 -0.255000 0.000000 0.000000
 -0.252500 0.000000 0.000000
 -0.250000 0.000000 0.000000
 -0.247500 0.000000 0.000000
 -0.245000 0.000000 0.000000
 -0.242500 0.000000 0.000000
 -0.240000 0.000000 0.000000
 -0.237500 0.000000 0.000000
 -0.235000 0.000000 0.000000
 -0.232500 0.000000 0.000000
 -0.230000 0.000000 0.000000
 -0.227500 0.000000 0.000000
 -0.225000 0.000000 0.000000
 -0.222500 0.000000 0.000000
 -0.220000 0.000000 0.000000
 -0.217500 0.000000 0.000000
 -0.215000 0.000000 0.000000
 -0.212500 0.000000 0.000000
 -0.210000 0.000000 0.000000
 -0.207500 0.000000 0.000000
 -0.205000 0.000000 0.000000
 -0.202500 0.000000 0.000000
 -0.200000 0.000000 0.000000
 -0.197500 0.000000 0.000000
 -0.195000 0.000000 0.000000
 -0.192500 0.000000 0.000000
 -0.190000 0.000000 0.000000
 -0.187500 0.000000 0.000000
 -0.185000 0.000000 0.000000
 -0.182500 0.000000 0.000000
 -0.180000 0.000000 0.000000
 -0.177500 0.000000 0.000000
 -0.175000 0.000000 0.000000
 -0.172500 0.000000 0.000000
 -0.170000 0.000000 0.000000
 -0.167500 0.000000 0.000000
 -0.165000 0.000000 0.000000
 -0.162500 0.000000 0.000000
 -0.160000 0.000000 0.000000
 -0.157500 0.000000 0.000000
 -0.155000 0.000000 0.000000
 -0.152500 0.000000 0.000000
 -0.150000 0.000000 0.000000
 -0.147500 0.000000 0.000000
 -0.145000 0.000000 0.000000
 -0.142500 0.000000 0.000000
 -0.140000 0.000000 0.000000
 -0.137500 0.000000 0.000000
 -0.135000 0.000000 0.000000
 -0.132500 0.000000 0.000000
 -0.130000 0.000000 0.000000
 -0.127500 0.000000 0.000000
 -0.125000 0.000000 0.000000
 -0.122500 0.000000 0.000000
 -0.120000 0.000000 0.000000
 -0.117500 0.000000 0.000000
 -0.115000 0.000000 0.000000
 -0.112500 0.000000 0.000000
 -0.110000 0.000000 0.000000
 -0.107500 0.000000 0.000000
 -0.105000 0.000000 0.000000
 -0.102500 0.000000 0.000000
 -0.100000 0.000000 0.000000
 -0.097500 0.000000 0.000000
 -0.095000 0.000000 0.000000
 -0.092500 0.000000 0.000000
 -0.090000 0.000000 0.000000
 -0.087500 0.000000 0.000000
 -0.085000 0.000000 0.000000
 -0.082500 0.000000 0.000000
 -0.080000 0.000000 0.000000
 -0.077500 0.000000 0.000000
 -0.075000 0.000000 0.000000
 -0.072500 0.000000 0.000000
 -0.070000 0.000000 0.000000
 -0.067500 0.000000 0.000000
 -0.065000 0.000000 0.000000
 -0.062500 0.000000 0.000000
 -0.060000 0.000000 0.000000
 -0.057500 0.000000 0.000000
 -0.055000 0.000000 0.000000
 -0.052500 0.000000 0.000000
 -0.050000 0.000000 0.000000
 -0.047500 0.000000 0.000000
 -0.045000 0.000000 0.000000
 -0.042500 0.000000 0.000000
 -0.040000 0.000000 0.000000
 -0.037500 0.000000 0.000000
 -0.035000 0.000000 0.000000
 -0.032500 0.000000 0.000000
 -0.030000 0.000000 0.000000
 -0.027500 0.000000 0.000000
 -0.025000 0.000000 0.000000
 -0.022500 0.000000 0.000000
 -0.020000 0.000000 0.000000
 -0.017500 0.000000 0.000000
 -0.015000 0.000000 0.000000
 -0.012500 0.000000 0.000000
 -0.010000 0.000000 0.000000
 -0.007500 0.000000 0.000000
 -0.005000 0.000000 0.000000
 -0.002500 0.000000 0.000000
 0.000000 0.000000 0.000000
 0.002500 0.000000 0.000000
 0.005000 0.000000 0.000000
 0.007500 0.000000 0.000000
 0.010000 0.000000 0.000000
 0.012500 0.000000 0.000000
 0.015000 0.000000 0.000000
 0.017500 0.000000 0.000000
 0.020000 0.000000 0.000000
 0.022500 0.000000 0.000000
 0.025000 0.000000 0.000000
 0.027500 0.000000 0.000000
 0.030000 0.000000 0.000000
 0.032500 0.000000 0.000000
 0.035000 0.000000 0.000000
 0.037500 0.000000 0.000000
 0.040000 0.000000 0.000000
 0.042500 0.000000 0.000000
 0.045000 0.000000 0.000000
 0.047500 0.000000 0.000000
 0.050000 0.000000 0.000000
 0.052500 0.000000 0.000000
 0.055000 0.000000 0.000000
 0.057500 0.000000 0.000000
 0.060000 0.000000 0.000000
 0.062500 0.000000 0.000020
 0.065000 0.000000 0.000049
 0.067500 0.000000 0.000108
 0.070000 0.000001 0.000225
 0.072500 0.000002 0.000437
 0.075000 0.000003 0.000792
 0.077500 0.000006 0.001334
 0.080000 0.000010 0.002089
 0.082500 0.000016 0.003028
 0.085000 0.000025 0.004051
 0.087500 0.000036 0.004968
 0.090000 0.000050 0.005531
 0.092500 0.000064 0.005494
 0.095000 0.000076 0.004698
 0.097500 0.000086 0.003149
 0.100000 0.000092 0.001049
 0.102500 0.000092 -0.001241
 0.105000 0.000086 -0.003306
 0.107500 0.000075 -0.004796
 0.110000 0.000062 -0.005525
 0.112500 0.000048 -0.005503
 0.115000 0.000035 -0.004900
 0.117500 0.000024 -0.003964
 0.120000 0.000016 -0.002943
 0.122500 0.000009 -0.002016
 0.125000 0.000005 -0.001280
 0.127500 0.000003 -0.000755
 0.130000 0.000001 -0.000414
 0.132500 0.000001 -0.000212
 0.135000 0.000000 -0.000101
 0.137500 0.000000 -0.000045
 0.140000 0.000000 0.000000
 0.142500 0.000000 0.000000
 0.145000 0.000000 0.000000
 0.147500 0.000000 0.000000
 0.150000 0.000000 0.000000
 0.152500 0.000000 0.000000
 0.155000 0.000000 0.000000
 0.157500 0.000000 0.000000
 0.160000 0.000000 0.000000
 0.162500 0.000000 0.000000
 0.165000 0.000000 0.000000
 0.167500 0.000000 0.000000
 0.170000 0.000000 0.000030
 0.172500 0.000000 0.000070
 0.175000 0.000000 0.000150
 0.177500 0.000001 0.000304
 0.180000 0.000002 0.000572
 0.182500 0.000004 0.001004
 0.185000 0.000007 0.001653
 0.187500 0.000012 0.002518
 0.190000 0.000020 0.003558
 0.192500 0.000030 0.004657
 0.195000 0.000043 0.005628
 0.197500 0.000058 0.006275
 0.200000 0.000074 0.006417
 0.202500 0.000090 0.006015
 0.205000 0.000104 0.005176
 0.207500 0.000116 0.004140
 0.210000 0.000125 0.003190
 0.212500 0.000132 0.002565
 0.215000 0.000138 0.002313
 0.217500 0.000144 0.002349
 0.220000 0.000150 0.002493
 0.222500 0.000156 0.002530
 0.225000 0.000162 0.002347
 0.227500 0.000168 0.001947
 0.230000 0.000172 0.001495
 0.232500 0.000175 0.001113
 0.235000 0.000178 0.001014
 0.237500 0.000181 0.001336
 0.240000 0.000185 0.002163
 0.242500 0.000192 0.003449
 0.245000 0.000202 0.005031
 0.247500 0.000217 0.006772
 0.250000 0.000236 0.008441
 0.252500 0.000259 0.009988
 0.255000 0.000286 0.011362
 0.257500 0.000316 0.012659
 0.260000 0.000350 0.014002
 0.262500 0.000386 0.015578
 0.265000 0.000428 0.017454
 0.267500 0.000474 0.019706
 0.270000 0.000527 0.022250
 0.272500 0.000586 0.024942
 0.275000 0.000652 0.027753
 0.277500 0.000724 0.030511
 0.280000 0.000804 0.033305
 0.282500 0.000891 0.036142
 0.285000 0.000985 0.038722
 0.287500 0.001084 0.040443
 0.290000 0.001186 0.040411
 0.292500 0.001284 0.037564
 0.295000 0.001371 0.031384
 0.297500 0.001438 0.022140
 0.300000 0.001480 0.010977
 0.302500 0.001494 0.000083
 0.305000 0.001483 -0.008250
 0.307500 0.001456 -0.011826
 0.310000 0.001428 -0.009682
 0.312500 0.001413 -0.001920
 0.315000 0.001423 0.010094
 0.317500 0.001465 0.024154
 0.320000 0.001543 0.037639
 0.322500 0.001651 0.048434
 0.325000 0.001782 0.055374
 0.327500 0.001924 0.058011
 0.330000 0.002069 0.056979
 0.332500 0.002207 0.053302
 0.335000 0.002335 0.048588
 0.337500 0.002450 0.044070
 0.340000 0.002556 0.040757
 0.342500 0.002656 0.039130
 0.345000 0.002753 0.039187
 0.347500 0.002853 0.040819
 0.350000 0.002959 0.044201
 0.352500 0.003076 0.049578
 0.355000 0.003209 0.057289
 0.357500 0.003365 0.067571
 0.360000 0.003549 0.079551
 0.362500 0.003764 0.091885
 0.365000 0.004007 0.102857
 0.367500 0.004276 0.111258
 0.370000 0.004562 0.116999
 0.372500 0.004859 0.120850
 0.375000 0.005165 0.123984
 0.377500 0.005480 0.127625
 0.380000 0.005804 0.132097
 0.382500 0.006141 0.136498
 0.385000 0.006486 0.139386
 0.387500 0.006835 0.138833
 0.390000 0.007177 0.133738
 0.392500 0.007500 0.124029
 0.395000 0.007795 0.110963
 0.397500 0.008055 0.097112
 0.400000 0.008283 0.085548
 0.402500 0.008489 0.079944
 0.405000 0.008690 0.082711
 0.407500 0.008912 0.095908
 0.410000 0.009179 0.119719
 0.412500 0.009519 0.153567
 0.415000 0.009954 0.195494
 0.417500 0.010502 0.242542
 0.420000 0.011169 0.290747
 0.422500 0.011954 0.335531
 0.425000 0.012841 0.372141
 0.427500 0.013806 0.397525
 0.430000 0.014819 0.410268
 0.432500 0.015850 0.412387
 0.435000 0.016877 0.408882
 0.437500 0.017895 0.405895
 0.440000 0.018915 0.411139
 0.442500 0.019963 0.428440
 0.445000 0.021069 0.458542
 0.447500 0.022265 0.498455
 0.450000 0.023566 0.541433
 0.452500 0.024970 0.580357
 0.455000 0.026461 0.609681
 0.457500 0.028010 0.625881
 0.460000 0.029582 0.628837
 0.462500 0.031147 0.621035
 0.465000 0.032683 0.606127
 0.467500 0.034178 0.589084
 0.470000 0.035633 0.575068
 0.472500 0.037062 0.568998
 0.475000 0.038488 0.574567
 0.477500 0.039947 0.593509
 0.480000 0.041471 0.626578
 0.482500 0.043091 0.670195
 0.485000 0.044829 0.720240
 0.487500 0.046695 0.771514
 0.490000 0.048688 0.820784
 0.492500 0.050800 0.867909
 0.495000 0.053029 0.915128
 0.497500 0.055382 0.966582
 0.500000 0.057872 1.026037
 0.502500 0.060521 1.093862
 0.505000 0.063350 1.168585
 0.507500 0.066370 1.245587
 0.510000 0.069579 1.320654
 0.512500 0.072973 1.392824
 0.515000 0.076546 1.464048
 0.517500 0.080301 1.540276
 0.520000 0.084258 1.625749
 0.522500 0.088444 1.722873
 0.525000 0.092885 1.829619
 0.527500 0.097598 1.937908
 0.530000 0.102573 2.037381
 0.532500 0.107773 2.117101
 0.535000 0.113140 2.169431
 0.537500 0.118602 2.192927
 0.540000 0.124093 2.195112
 0.542500 0.129575 2.189103
 0.545000 0.135054 2.194820
 0.547500 0.140582 2.233060
 0.550000 0.146262 2.317848
 0.552500 0.152216 2.451098
 0.555000 0.158556 2.623082
 0.557500 0.165349 2.810336
 0.560000 0.172600 2.982802
 0.562500 0.180236 3.115081
 0.565000 0.188132 3.190028
 0.567500 0.196144 3.207587
 0.570000 0.204140 3.181586
 0.572500 0.212045 3.139247
 0.575000 0.219856 3.112158
 0.577500 0.227649 3.129241
 0.580000 0.235559 3.207854
 0.582500 0.243751 3.354123
 0.585000 0.252384 3.559271
 0.587500 0.261588 3.806848
 0.590000 0.271447 4.080075
 0.592500 0.282006 4.363243
 0.595000 0.293272 4.645109
 0.597500 0.305233 4.918561
 0.600000 0.317866 5.180475
 0.602500 0.331130 5.425480
 0.605000 0.344984 5.652446
 0.607500 0.359381 5.860617
 0.610000 0.374283 6.054942
 0.612500 0.389662 6.243060
 0.615000 0.405508 6.430893
 0.617500 0.421831 6.623931
 0.620000 0.438642 6.821634
 0.622500 0.455951 7.022130
 0.625000 0.473767 7.225984
 0.627500 0.492099 7.437181
 0.630000 0.510983 7.668330
 0.632500 0.530484 7.935337
 0.635000 0.550712 8.253502
 0.637500 0.571815 8.630755
 0.640000 0.593925 9.058141
 0.642500 0.617142 9.510533
 0.645000 0.641487 9.959484
 0.647500 0.666924 10.375986
 0.650000 0.693346 10.747968
 0.652500 0.720646 11.081032
 0.655000 0.748752 11.396714
 0.657500 0.777653 11.720246
 0.660000 0.807396 12.073979
 0.662500 0.838071 12.465410
 0.665000 0.869769 12.891955
 0.667500 0.902570 13.347248
 0.670000 0.936533 13.821786
 0.672500 0.971701 14.305800
 0.675000 1.008081 14.790539
 0.677500 1.045662 15.268694
 0.680000 1.084412 15.719720
 0.682500 1.124250 16.134203
 0.685000 1.165064 16.499480
 0.687500 1.206724 16.816138
 0.690000 1.249127 17.099414
 0.692500 1.292223 17.371456
 0.695000 1.336024 17.672936
 0.697500 1.380648 18.032947
 0.700000 1.426274 18.475310
 0.702500 1.473127 19.017592
 0.705000 1.521458 19.656170
 0.707500 1.571493 20.382838
 0.710000 1.623439 21.179502
 0.712500 1.677452 22.033340
 0.715000 1.733649 22.934674
 0.717500 1.792153 23.869592
 0.720000 1.853028 24.829932
 0.722500 1.916309 25.790910
 0.725000 1.981959 26.722793
 0.727500 2.049853 27.576129
 0.730000 2.119723 28.295359
 0.732500 2.191175 28.834142
 0.735000 2.263717 29.162726
 0.737500 2.336816 29.289516
 0.740000 2.410019 29.258539
 0.742500 2.483033 29.152360
 0.745000 2.555797 29.076778
 0.747500 2.628515 29.131599
 0.750000 2.701601 29.385628
 0.752500 2.775606 29.866696
 0.755000 2.851081 30.556436
 0.757500 2.928472 31.385443
 0.760000 3.008020 32.272882
 0.762500 3.089760 33.122905
 0.765000 3.173494 33.856819
 0.767500 3.258850 34.420248
 0.770000 3.345363 34.775304
 0.772500 3.432472 34.910739
 0.775000 3.519655 34.838568
 0.777500 3.606426 34.586557
 0.780000 3.692391 34.212059
 0.782500 3.777316 33.773438
 0.785000 3.861138 33.336950
 0.787500 3.943914 32.953089
 0.790000 4.025840 32.652932
 0.792500 4.107117 32.430567
 0.795000 4.187895 32.257582
 0.797500 4.268234 32.078037
 0.800000 4.348046 31.821928
 0.802500 4.427064 31.442220
 0.805000 4.504920 30.896893
 0.807500 4.581178 30.168654
 0.810000 4.655398 29.275756
 0.812500 4.727200 28.245912
 0.815000 4.796291 27.119841
 0.817500 4.862480 25.935687
 0.820000 4.925647 24.711307
 0.822500 4.985689 23.440033
 0.825000 5.042455 22.097711
 0.827500 5.095740 20.645715
 0.830000 5.145235 19.067225
 0.832500 5.190609 17.364832
 0.835000 5.231569 15.542624
 0.837500 5.267846 13.629432
 0.840000 5.299227 11.634594
 0.842500 5.325506 9.556188
 0.845000 5.346462 7.382384
 0.847500 5.361838 5.107049
 0.850000 5.371405 2.733394
 0.852500 5.374926 0.294369
 0.855000 5.372274 -2.201121
 0.857500 5.363301 -4.753715
 0.860000 5.347823 -7.417136
 0.862500 5.325462 -10.258478
 0.865000 5.295694 -13.350200
 0.867500 5.257846 -16.702268
 0.870000 5.211315 -20.275804
 0.872500 5.155697 -23.945275
 0.875000 5.090928 -27.559472
 0.877500 5.017327 -30.984038
 0.880000 4.935477 -34.147694
 0.882500 4.846047 -37.054988
 0.885000 4.749582 -39.782488
 0.887500 4.646409 -42.430055
 0.890000 4.536597 -45.091445
 0.892500 4.420062 -47.823165
 0.895000 4.296603 -50.614255
 0.897500 4.166136 -53.424936
 0.900000 4.028690 -56.176047
 0.902500 3.884515 -58.791992
 0.905000 3.734042 -61.194631
 0.907500 3.577900 -63.316227
 0.910000 3.416862 -65.099901
 0.912500 3.251828 -66.515784
 0.915000 3.083737 -67.550232
 0.917500 2.913522 -68.222019
 0.920000 2.742050 -68.568756
 0.922500 2.570088 -68.632082
 0.925000 2.398290 -68.434852
 0.927500 2.227305 -67.989442
 0.930000 2.057766 -67.272184
 0.932500 1.890412 -66.249752
 0.935000 1.726055 -64.868986
 0.937500 1.565651 -63.093816
 0.940000 1.410224 -60.896854
 0.942500 1.260840 -58.271420
 0.945000 1.118541 -55.236714
 0.947500 0.984310 -51.848553
 0.950000 0.858932 -48.170317
 0.952500 0.743032 -44.302934
 0.955000 0.636954 -40.342970
 0.957500 0.540806 -36.387238
 0.960000 0.454461 -32.513907
 0.962500 0.377650 -28.789366
 0.965000 0.309948 -25.242054
 0.967500 0.250885 -21.890963
 0.970000 0.199959 -18.745052
 0.972500 0.156648 -15.814866
 0.975000 0.120397 -13.113042
 0.977500 0.090610 -10.656584
 0.980000 0.066649 -8.466612
 0.982500 0.047827 -6.560578
 0.985000 0.033418 -4.945135
 0.987500 0.022698 -3.618395
 0.990000 0.014962 -2.565730
 0.992500 0.009552 -1.757820
 0.995000 0.005898 -1.162130
 0.997500 0.003515 -0.739796
 1.000000 0.002017 -0.452186
 1.002500 0.001114 -0.265441
 1.005000 0.000589 -0.148605
 1.007500 0.000299 -0.079646
 1.010000 0.000143 -0.040165
 1.012500 0.000065 -0.018912
 1.015000 0.000028 -0.008458
 1.017500 0.000011 -0.003556
 1.020000 0.000004 -0.001242
 1.022500 0.000001 -0.000451
 1.025000 0.000000 -0.000089
 1.027500 0.000000 -0.000039
 1.030000 0.000000 0.000000
 1.032500 0.000000 0.000000
 1.035000 0.000000 0.000000
 1.037500 0.000000 0.000000
 1.040000 0.000000 0.000000
 1.042500 0.000000 0.000000
 1.045000 0.000000 0.000000
 1.047500 0.000000 0.000000
 1.050000 0.000000 0.000000
 1.052500 0.000000 0.000000
 1.055000 0.000000 0.000000
 1.057500 0.000000 0.000000
 1.060000 0.000000 0.000000
 1.062500 0.000000 0.000000
 1.065000 0.000000 0.000000
 1.067500 0.000000 0.000000
 1.070000 0.000000 0.000000
 1.072500 0.000000 0.000000
 1.075000 0.000000 0.000000
 1.077500 0.000000 0.000000
 1.080000 0.000000 0.000000
 1.082500 0.000000 0.000000
 1.085000 0.000000 0.000000
 1.087500 0.000000 0.000000
 1.090000 0.000000 0.000000
 1.092500 0.000000 0.000000
 1.095000 0.000000 0.000000
 1.097500 0.000000 0.000000
 1.100000 0.000000 0.000000
 1.102500 0.000000 0.000000
 1.105000 0.000000 0.000000
 1.107500 0.000000 0.000000
 1.110000 0.000000 0.000000
 1.112500 0.000000 0.000000
 1.115000 0.000000 0.000000
 1.117500 0.000000 0.000000
 1.120000 0.000000 0.000000
 1.122500 0.000000 0.000000
 1.125000 0.000000 0.000000
 1.127500 0.000000 0.000000
 1.130000 0.000000 0.000000
 1.132500 0.000000 0.000000
 1.135000 0.000000 0.000000
 1.137500 0.000000 0.000000
 1.140000 0.000000 0.000000
 1.142500 0.000000 0.000000
 1.145000 0.000000 0.000000
 1.147500 0.000000 0.000000
 1.150000 0.000000 0.000000
 1.152500 0.000000 0.000000
 1.155000 0.000000 0.000000
 1.157500 0.000000 0.000000
 1.160000 0.000000 0.000000
 1.162500 0.000000 0.000000
 1.165000 0.000000 0.000000
 1.167500 0.000000 0.000000
 1.170000 0.000000 0.000000
 1.172500 0.000000 0.000000
 1.175000 0.000000 0.000000
 1.177500 0.000000 0.000000
 1.180000 0.000000 0.000000
 1.182500 0.000000 0.000000
 1.185000 0.000000 0.000000
 1.187500 0.000000 0.000000
 1.190000 0.000000 0.000000
 1.192500 0.000000 0.000000
 1.195000 0.000000 0.000000
 1.197500 0.000000 0.000000
 1.200000 0.000000 0.000000
 1.202500 0.000000 0.000000
 1.205000 0.000000 0.000000
 1.207500 0.000000 0.000000
 1.210000 0.000000 0.000000
 1.212500 0.000000 0.000000
 1.215000 0.000000 0.000000
 1.217500 0.000000 0.000000
 1.220000 0.000000 0.000000
 1.222500 0.000000 0.000000
 1.225000 0.000000 0.000000
 1.227500 0.000000 0.000000
 1.230000 0.000000 0.000000
 1.232500 0.000000 0.000000
 1.235000 0.000000 0.000000
 1.237500 0.000000 0.000000
 1.240000 0.000000 0.000000
 1.242500 0.000000 0.000000
 1.245000 0.000000 0.000000
 1.247500 0.000000 0.000000
 1.250000 0.000000 0.000000
 1.252500 0.000000 0.000000
 1.255000 0.000000 0.000000
 1.257500 0.000000 0.000000
 1.260000 0.000000 0.000000
 1.262500 0.000000 0.000000
 1.265000 0.000000 0.000000
 1.267500 0.000000 0.000000
 1.270000 0.000000 0.000000
 1.272500 0.000000 0.000000
 1.275000 0.000000 0.000000
 1.277500 0.000000 0.000000
 1.280000 0.000000 0.000000
 1.282500 0.000000 0.000000
 1.285000 0.000000 0.000000
 1.287500 0.000000 0.000000
 1.290000 0.000000 0.000000
 1.292500 0.000000 0.000000
 1.295000 0.000000 0.000000
 1.297500 0.000000 0.000000
 1.300000 0.000000 0.000000
 1.302500 0.000000 0.000000
 1.305000 0.000000 0.000000
 1.307500 0.000000 0.000000
 1.310000 0.000000 0.000000
 1.312500 0.000000 0.000000
 1.315000 0.000000 0.000000
 1.317500 0.000000 0.000000
 1.320000 0.000000 0.000000
 1.322500 0.000000 0.000000
 1.325000 0.000000 0.000000
 1.327500 0.000000 0.000000
 1.330000 0.000000 0.000000
 1.332500 0.000000 0.000000
 1.335000 0.000000 0.000000
 1.337500 0.000000 0.000000
 1.340000 0.000000 0.000000
 1.342500 0.000000 0.000000
 1.345000 0.000000 0.000000
 1.347500 0.000000 0.000000
 1.350000 0.000000 0.000000
 1.352500 0.000000 0.000000
 1.355000 0.000000 0.000000
 1.357500 0.000000 0.000000
 1.360000 0.000000 0.000000
 1.362500 0.000000 0.000000
 1.365000 0.000000 0.000000
 1.367500 0.000000 0.000000
 1.370000 0.000000 0.000000
 1.372500 0.000000 0.000000
 1.375000 0.000000 0.000000
 1.377500 0.000000 0.000000
 1.380000 0.000000 0.000000
 1.382500 0.000000 0.000000
 1.385000 0.000000 0.000000
 1.387500 0.000000 0.000000
 1.390000 0.000000 0.000000
 1.392500 0.000000 0.000000
 1.395000 0.000000 0.000000
 1.397500 0.000000 0.000000
 1.400000 0.000000 0.000000
 1.402500 0.000000 0.000000
 1.405000 0.000000 0.000000
 1.407500 0.000000 0.000000
 1.410000 0.000000 0.000000
 1.412500 0.000000 0.000000
 1.415000 0.000000 0.000000
 1.417500 0.000000 0.000000
 1.420000 0.000000 0.000000
 1.422500 0.000000 0.000000
 1.425000 0.000000 0.000000
 1.427500 0.000000 0.000000
 1.430000 0.000000 0.000000
 1.432500 0.000000 0.000000
 1.435000 0.000000 0.000000
 1.437500 0.000000 0.000000
 1.440000 0.000000 0.000000
 1.442500 0.000000 0.000000
 1.445000 0.000000 0.000000
 1.447500 0.000000 0.000000
 1.450000 0.000000 0.000000
 1.452500 0.000000 0.000000
 1.455000 0.000000 0.000000
 1.457500 0.000000 0.000000
 1.460000 0.000000 0.000000
 1.462500 0.000000 0.000000
 1.465000 0.000000 0.000000
 1.467500 0.000000 0.000000
 1.470000 0.000000 0.000000
 1.472500 0.000000 0.000000
 1.475000 0.000000 0.000000
 1.477500 0.000000 0.000000
 1.480000 0.000000 0.000000
 1.482500 0.000000 0.000000
 1.485000 0.000000 0.000000
 1.487500 0.000000 0.000000
 1.490000 0.000000 0.000000
 1.492500 0.000000 0.000000
 1.495000 0.000000 0.000000
 1.497500 0.000000 0.000000
 1.500000 0.000000 0.000000
 1.502500 0.000000 0.000000
 1.505000 0.000000 0.000000
 1.507500 0.000000 0.000000
 1.510000 0.000000 0.000000
 1.512500 0.000000 0.000000
 1.515000 0.000000 0.000000
 1.517500 0.000000 0.000000
 1.520000 0.000000 0.000000
 1.522500 0.000000 0.000000
 1.525000 0.000000 0.000000
 1.527500 0.000000 0.000000
 1.530000 0.000000 0.000000
 1.532500 0.000000 0.000000
 1.535000 0.000000 0.000000
 1.537500 0.000000 0.000000
 1.540000 0.000000 0.000000
 1.542500 0.000000 0.000000
 1.545000 0.000000 0.000000
 1.547500 0.000000 0.000000
 1.550000 0.000000 0.000000
 1.552500 0.000000 0.000000
 1.555000 0.000000 0.000000
 1.557500 0.000000 0.000000
 1.560000 0.000000 0.000000
 1.562500 0.000000 0.000000
 1.565000 0.000000 0.000000
 1.567500 0.000000 0.000000
 1.570000 0.000000 0.000000
 1.572500 0.000000 0.000000
 1.575000 0.000000 0.000000
 1.577500 0.000000 0.000000
 1.580000 0.000000 0.000000
 1.582500 0.000000 0.000000
 1.585000 0.000000 0.000000
 1.587500 0.000000 0.000000
 1.590000 0.000000 0.000000
 1.592500 0.000000 0.000000
 1.595000 0.000000 0.000000
 1.597500 0.000000 0.000000
 1.600000 0.000000 0.000000
 1.602500 0.000000 0.000000
 1.605000 0.000000 0.000000
 1.607500 0.000000 0.000000
 1.610000 0.000000 0.000000
 1.612500 0.000000 0.000000
 1.615000 0.000000 0.000000
 1.617500 0.000000 0.000000
 1.620000 0.000000 0.000000
 1.622500 0.000000 0.000000
 1.625000 0.000000 0.000000
 1.627500 0.000000 0.000000
 1.630000 0.000000 0.000000
 1.632500 0.000000 0.000000
 1.635000 0.000000 0.000000
 1.637500 0.000000 0.000000
 1.640000 0.000000 0.000000
 1.642500 0.000000 0.000000
 1.645000 0.000000 0.000000
 1.647500 0.000000 0.000000
 1.650000 0.000000 0.000000
 1.652500 0.000000 0.000000
 1.655000 0.000000 0.000000
 1.657500 0.000000 0.000000
 1.660000 0.000000 0.000000
 1.662500 0.000000 0.000000
 1.665000 0.000000 0.000000
 1.667500 0.000000 0.000000
 1.670000 0.000000 0.000000
 1.672500 0.000000 0.000000
 1.675000 0.000000 0.000000
 1.677500 0.000000 0.000000
 1.680000 0.000000 0.000000
 1.682500 0.000000 0.000000
 1.685000 0.000000 0.000000
 1.687500 0.000000 0.000000
 1.690000 0.000000 0.000000
 1.692500 0.000000 0.000000
 1.695000 0.000000 0.000000
 1.697500 0.000000 0.000000
 1.700000 0.000000 0.000000
 1.702500 0.000000 0.000000
 1.705000 0.000000 0.000000
 1.707500 0.000000 0.000000
 1.710000 0.000000 0.000000
 1.712500 0.000000 0.000000
 1.715000 0.000000 0.000000
 1.717500 0.000000 0.000000
 1.720000 0.000000 0.000000
 1.722500 0.000000 0.000000
 1.725000 0.000000 0.000000
 1.727500 0.000000 0.000000
 1.730000 0.000000 0.000000
 1.732500 0.000000 0.000000
 1.735000 0.000000 0.000000
 1.737500 0.000000 0.000000
 1.740000 0.000000 0.000000
 1.742500 0.000000 0.000000
 1.745000 0.000000 0.000000
 1.747500 0.000000 0.000000
 1.750000 0.000000 0.000000
 1.752500 0.000000 0.000000
 1.755000 0.000000 0.000000
 1.757500 0.000000 0.000000
 1.760000 0.000000 0.000000
 1.762500 0.000000 0.000000
 1.765000 0.000000 0.000000
 1.767500 0.000000 0.000000
 1.770000 0.000000 0.000000
 1.772500 0.000000 0.000000
 1.775000 0.000000 0.000000
 1.777500 0.000000 0.000000
 1.780000 0.000000 0.000000
 1.782500 0.000000 0.000000
 1.785000 0.000000 0.000000
 1.787500 0.000000 0.000000
 1.790000 0.000000 0.000000
 1.792500 0.000000 0.000000
 1.795000 0.000000 0.000000
 1.797500 0.000000 0.000000
 1.800000 0.000000 0.000000
 1.802500 0.000000 0.000000
 1.805000 0.000000 0.000000
 1.807500 0.000000 0.000000
 1.810000 0.000000 0.000000
 1.812500 0.000000 0.000000
 1.815000 0.000000 0.000000
 1.817500 0.000000 0.000000
 1.820000 0.000000 0.000000
 1.822500 0.000000 0.000000
 1.825000 0.000000 0.000000
 1.827500 0.000000 0.000000
 1.830000 0.000000 0.000000
 1.832500 0.000000 0.000000
 1.835000 0.000000 0.000000
 1.837500 0.000000 0.000000
 1.840000 0.000000 0.000000
 1.842500 0.000000 0.000000
 1.845000 0.000000 0.000000
 1.847500 0.000000 0.000000
 1.850000 0.000000 0.000000
 1.852500 0.000000 0.000000
 1.855000 0.000000 0.000000
 1.857500 0.000000 0.000000
 1.860000 0.000000 0.000000
 1.862500 0.000000 0.000000
 1.865000 0.000000 0.000000
 1.867500 0.000000 0.000000
 1.870000 0.000000 0.000000
 1.872500 0.000000 0.000000
 1.875000 0.000000 0.000000
 1.877500 0.000000 0.000000
 1.880000 0.000000 0.000000
 1.882500 0.000000 0.000000
 1.885000 0.000000 0.000000
 1.887500 0.000000 0.000000
 1.890000 0.000000 0.000000
 1.892500 0.000000 0.000000
 1.895000 0.000000 0.000000
 1.897500 0.000000 0.000000
 1.900000 0.000000 0.000000
 1.902500 0.000000 0.000000
 1.905000 0.000000 0.000000
 1.907500 0.000000 0.000000
 1.910000 0.000000 0.000000
 1.912500 0.000000 0.000000
 1.915000 0.000000 0.000000
 1.917500 0.000000 0.000000
 1.920000 0.000000 0.000000
 1.922500 0.000000 0.000000
 1.925000 0.000000 0.000000
 1.927500 0.000000 0.000000
 1.930000 0.000000 0.000000
 1.932500 0.000000 0.000000
 1.935000 0.000000 0.000000
 1.937500 0.000000 0.000000
 1.940000 0.000000 0.000000
 1.942500 0.000000 0.000000
 1.945000 0.000000 0.000000
 1.947500 0.000000 0.000000
 1.950000 0.000000 0.000000
 1.952500 0.000000 0.000000
 1.955000 0.000000 0.000000
 1.957500 0.000000 0.000000
 1.960000 0.000000 0.000000
 1.962500 0.000000 0.000000
 1.965000 0.000000 0.000000
 1.967500 0.000000 0.000000
 1.970000 0.000000 0.000000
 1.972500 0.000000 0.000000
 1.975000 0.000000 0.000000
 1.977500 0.000000 0.000000
 1.980000 0.000000 0.000000
 1.982500 0.000000 0.000000
 1.985000 0.000000 0.000000
 1.987500 0.000000 0.000000
 1.990000 0.000000 0.000000
 1.992500 0.000000 0.000000
 1.995000 0.000000 0.000000
 1.997500 0.000000 0.000000
 2.000000 0.000000 0.000000
