#! FIELDS es hh dhh_es
#! SET normalisation  2000.000000
#! SET min_es -0.5
#! SET max_es 2
#! SET nbins_es  1000
#! SET periodic_es false
 -0.500000 0.000000 0.000000
 -0.497500 0.000000 0.000000
 -0.495000 0.000000 0.000000
 -0.492500 0.000000 0.000000
 -0.490000 0.000000 0.000000
 -0.487500 0.000000 0.000000
 -0.485000 0.000000 0.000000
 -0.482500 0.000000 0.000000
 -0.480000 0.000000 0.000000
 -0.477500 0.000000 0.000000
 -0.475000 0.000000 0.000000
 -0.472500 0.000000 0.000000
 -0.470000 0.000000 0.000000
 -0.467500 0.000000 0.000000
 -0.465000 0.000000 0.000000
 -0.462500 0.000000 0.000000
 -0.460000 0.000000 0.000000
 -0.457500 0.000000 0.000000
 -0.455000 0.000000 0.000000
 -0.452500 0.000000 0.000000
 -0.450000 0.000000 0.000000
 -0.447500 0.000000 0.000000
 -0.445000 0.000000 0.000000
 -0.442500 0.000000 0.000000
 -0.440000 0.000000 0.000000
 -0.437500 0.000000 0.000000
 -0.435000 0.000000 0.000000
 -0.432500 0.000000 0.000000
 -0.430000 0.000000 0.000000
 -0.427500 0.000000 0.000000
 -0.425000 0.000000 0.000000
 -0.422500 0.000000 0.000000
 -0.420000 0.000000 0.000000
 -0.417500 0.000000 0.000000
 -0.415000 0.000000 0.000000
 -0.412500 0.000000 0.000000
 -0.410000 0.000000 0.000000
 -0.407500 0.000000 0.000000
 -0.405000 0.000000 0.000000
 -0.402500 0.000000 0.000000
 -0.400000 0.000000 0.000000
 -0.397500 0.000000 0.000000
 -0.395000 0.000000 0.000000
 -0.392500 0.000000 0.000000
 -0.390000 0.000000 0.000000
 -0.387500 0.000000 0.000000
 -0.385000 0.000000 0.000000
 -0.382500 0.000000 0.000000
 -0.380000 0.000000 0.000000
 -0.377500 0.000000 0.000000
 -0.375000 0.000000 0.000000
 -0.372500 0.000000 0.000000
 -0.370000 0.000000 0.000000
 -0.367500 0.000000 0.000000
 -0.365000 0.000000 0.000000
 -0.362500 0.000000 0.000000
 -0.360000 0.000000 0.000000
 -0.357500 0.000000 0.000000
 -0.355000 0.000000 0.000000
 -0.352500 0.000000 0.000000
 -0.350000 0.000000 0.000000
 -0.347500 0.000000 0.000000
 -0.345000 0.000000 0.000000
 -0.342500 0.000000 0.000000
 -0.340000 0.000000 0.000000
 -0.337500 0.000000 0.000000
 -0.335000 0.000000 0.000000
 -0.332500 0.000000 0.000000
 -0.330000 0.000000 0.000000
 -0.327500 0.000000 0.000000
 -0.325000 0.000000 0.000000
 -0.322500 0.000000 0.000000
 -0.320000 0.000000 0.000000
 -0.317500 0.000000 0.000000
 -0.315000 0.000000 0.000000
 -0.312500 0.000000 0.000000
 -0.310000 0.000000 0.000000
 -0.307500 0.000000 0.000000
 -0.305000 0.000000 0.000000
 -0.302500 0.000000 0.000000
 -0.300000 0.000000 0.000000
 -0.297500 0.000000 0.000000
 -0.295000 0.000000 0.000000
 -0.292500 0.000000 0.000000
 -0.290000 0.000000 0.000000
 -0.287500 0.000000 0.000000
 -0.285000 0.000000 0.000000
 -0.282500 0.000000 0.000000
 -0.280000 0.000000 0.000000
 -0.277500 0.000000 0.000000
 -0.275000 0.000000 0.000000
 -0.272500 0.000000 0.000000
 -0.270000 0.000000 0.000000
 -0.267500 0.000000 0.000000
 -0.265000 0.000000 0.000000
 -0.262500 0.000000 0.000000
 -0.260000 0.000000 0.000000
 -0.257500 0.000000 0.000000
 -0.255000 0.000000 0.000000
 -0.252500 0.000000 0.000000
 -0.250000 0.000000 0.000000
 -0.247500 0.000000 0.000000
 -0.245000 0.000000 0.000000
 -0.242500 0.000000 0.000000
 -0.240000 0.000000 0.000000
 -0.237500 0.000000 0.000000
 -0.235000 0.000000 0.000000
 -0.232500 0.000000 0.000000
 -0.230000 0.000000 0.000000
 -0.227500 0.000000 0.000000
 -0.225000 0.000000 0.000000
 -0.222500 0.000000 0.000000
 -0.220000 0.000000 0.000000
 -0.217500 0.000000 0.000000
 -0.215000 0.000000 0.000000
 -0.212500 0.000000 0.000000
 -0.210000 0.000000 0.000000
 -0.207500 0.000000 0.000000
 -0.205000 0.000000 0.000000
 -0.202500 0.000000 0.000000
 -0.200000 0.000000 0.000000
 -0.197500 0.000000 0.000000
 -0.195000 0.000000 0.000000
 -0.192500 0.000000 0.000000
 -0.190000 0.000000 0.000000
 -0.187500 0.000000 0.000000
 -0.185000 0.000000 0.000000
 -0.182500 0.000000 0.000000
 -0.180000 0.000000 0.000000
 -0.177500 0.000000 0.000000
 -0.175000 0.000000 0.000000
 -0.172500 0.000000 0.000000
 -0.170000 0.000000 0.000000
 -0.167500 0.000000 0.000000
 -0.165000 0.000000 0.000000
 -0.162500 0.000000 0.000000
 -0.160000 0.000000 0.000000
 -0.157500 0.000000 0.000000
 -0.155000 0.000000 0.000000
 -0.152500 0.000000 0.000000
 -0.150000 0.000000 0.000000
 -0.147500 0.000000 0.000000
 -0.145000 0.000000 0.000000
 -0.142500 0.000000 0.000000
 -0.140000 0.000000 0.000000
 -0.137500 0.000000 0.000000
 -0.135000 0.000000 0.000000
 -0.132500 0.000000 0.000000
 -0.130000 0.000000 0.000000
 -0.127500 0.000000 0.000000
 -0.125000 0.000000 0.000000
 -0.122500 0.000000 0.000000
 -0.120000 0.000000 0.000000
 -0.117500 0.000000 0.000000
 -0.115000 0.000000 0.000000
 -0.112500 0.000000 0.000000
 -0.110000 0.000000 0.000000
 -0.107500 0.000000 0.000000
 -0.105000 0.000000 0.000000
 -0.102500 0.000000 0.000000
 -0.100000 0.000000 0.000000
 -0.097500 0.000000 0.000000
 -0.095000 0.000000 0.000000
 -0.092500 0.000000 0.000000
 -0.090000 0.000000 0.000000
 -0.087500 0.000000 0.000000
 -0.085000 0.000000 0.000000
 -0.082500 0.000000 0.000000
 -0.080000 0.000000 0.000000
 -0.077500 0.000000 0.000000
 -0.075000 0.000000 0.000000
 -0.072500 0.000000 0.000000
 -0.070000 0.000000 0.000000
 -0.067500 0.000000 0.000000
 -0.065000 0.000000 0.000000
 -0.062500 0.000000 0.000000
 -0.060000 0.000000 0.000000
 -0.057500 0.000000 0.000000
 -0.055000 0.000000 0.000000
 -0.052500 0.000000 0.000000
 -0.050000 0.000000 0.000000
 -0.047500 0.000000 0.000000
 -0.045000 0.000000 0.000000
 -0.042500 0.000000 0.000000
 -0.040000 0.000000 0.000000
 -0.037500 0.000000 0.000000
 -0.035000 0.000000 0.000000
 -0.032500 0.000000 0.000000
 -0.030000 0.000000 0.000000
 -0.027500 0.000000 0.000000
 -0.025000 0.000000 0.000000
 -0.022500 0.000000 0.000000
 -0.020000 0.000000 0.000000
 -0.017500 0.000000 0.000000
 -0.015000 0.000000 0.000000
 -0.012500 0.000000 0.000024
 -0.010000 0.000000 0.000056
 -0.007500 0.000000 0.000124
 -0.005000 0.000001 0.000255
 -0.002500 0.000002 0.000489
 0.000000 0.000003 0.000875
 0.002500 0.000006 0.001454
 0.005000 0.000011 0.002246
 0.007500 0.000018 0.003211
 0.010000 0.000027 0.004230
 0.012500 0.000039 0.005103
 0.015000 0.000052 0.005575
 0.017500 0.000066 0.005409
 0.020000 0.000079 0.004471
 0.022500 0.000088 0.002802
 0.025000 0.000092 0.000638
 0.027500 0.000091 -0.001642
 0.030000 0.000084 -0.003625
 0.032500 0.000073 -0.004986
 0.035000 0.000060 -0.005574
 0.037500 0.000046 -0.005431
 0.040000 0.000033 -0.004748
 0.042500 0.000023 -0.003767
 0.045000 0.000014 -0.002733
 0.047500 0.000009 -0.001794
 0.050000 0.000005 -0.001011
 0.052500 0.000004 -0.000363
 0.055000 0.000003 0.000228
 0.057500 0.000005 0.000855
 0.060000 0.000008 0.001604
 0.062500 0.000013 0.002509
 0.065000 0.000020 0.003548
 0.067500 0.000031 0.004561
 0.070000 0.000043 0.005354
 0.072500 0.000057 0.005688
 0.075000 0.000071 0.005374
 0.077500 0.000083 0.004384
 0.080000 0.000092 0.002857
 0.082500 0.000097 0.001156
 0.085000 0.000098 -0.000257
 0.087500 0.000097 -0.000956
 0.090000 0.000095 -0.000683
 0.092500 0.000094 0.000542
 0.095000 0.000098 0.002459
 0.097500 0.000107 0.004600
 0.100000 0.000121 0.006577
 0.102500 0.000139 0.008083
 0.105000 0.000161 0.009131
 0.107500 0.000185 0.010041
 0.110000 0.000211 0.011336
 0.112500 0.000242 0.013574
 0.115000 0.000281 0.017154
 0.117500 0.000329 0.021936
 0.120000 0.000391 0.027391
 0.122500 0.000466 0.032253
 0.125000 0.000551 0.035285
 0.127500 0.000640 0.035254
 0.130000 0.000724 0.031644
 0.132500 0.000795 0.024949
 0.135000 0.000848 0.016676
 0.137500 0.000879 0.009040
 0.140000 0.000896 0.004383
 0.142500 0.000905 0.004229
 0.145000 0.000921 0.008999
 0.147500 0.000954 0.017639
 0.150000 0.001011 0.027944
 0.152500 0.001093 0.037223
 0.155000 0.001194 0.043184
 0.157500 0.001305 0.044486
 0.160000 0.001413 0.041179
 0.162500 0.001508 0.034520
 0.165000 0.001584 0.026433
 0.167500 0.001641 0.018911
 0.170000 0.001680 0.013252
 0.172500 0.001709 0.010118
 0.175000 0.001733 0.009569
 0.177500 0.001759 0.011261
 0.180000 0.001791 0.014641
 0.182500 0.001834 0.019690
 0.185000 0.001891 0.026350
 0.187500 0.001967 0.034882
 0.190000 0.002068 0.045465
 0.192500 0.002197 0.058199
 0.195000 0.002361 0.072855
 0.197500 0.002562 0.088701
 0.200000 0.002803 0.104004
 0.202500 0.003080 0.116885
 0.205000 0.003384 0.124924
 0.207500 0.003700 0.126534
 0.210000 0.004011 0.121224
 0.212500 0.004302 0.110054
 0.215000 0.004559 0.095229
 0.217500 0.004777 0.079848
 0.220000 0.004960 0.066510
 0.222500 0.005114 0.057433
 0.225000 0.005252 0.054024
 0.227500 0.005389 0.056663
 0.230000 0.005541 0.065086
 0.232500 0.005719 0.078269
 0.235000 0.005934 0.093931
 0.237500 0.006188 0.108626
 0.240000 0.006475 0.119263
 0.242500 0.006780 0.123775
 0.245000 0.007089 0.122072
 0.247500 0.007388 0.116767
 0.250000 0.007674 0.112789
 0.252500 0.007957 0.114907
 0.255000 0.008257 0.126284
 0.257500 0.008597 0.147457
 0.260000 0.009001 0.175985
 0.262500 0.009481 0.207360
 0.265000 0.010037 0.236768
 0.267500 0.010660 0.260684
 0.270000 0.011336 0.278211
 0.272500 0.012049 0.291109
 0.275000 0.012791 0.302655
 0.277500 0.013566 0.317197
 0.280000 0.014384 0.338413
 0.282500 0.015266 0.367787
 0.285000 0.016230 0.404481
 0.287500 0.017293 0.445349
 0.290000 0.018458 0.485567
 0.292500 0.019717 0.519383
 0.295000 0.021047 0.542299
 0.297500 0.022418 0.551589
 0.300000 0.023795 0.547787
 0.302500 0.025152 0.535688
 0.305000 0.026473 0.521167
 0.307500 0.027763 0.511568
 0.310000 0.029041 0.511922
 0.312500 0.030332 0.522034
 0.315000 0.031656 0.537345
 0.317500 0.033019 0.550709
 0.320000 0.034404 0.554977
 0.322500 0.035784 0.546210
 0.325000 0.037128 0.527580
 0.327500 0.038422 0.507468
 0.330000 0.039675 0.496903
 0.332500 0.040926 0.506804
 0.335000 0.042232 0.542106
 0.337500 0.043657 0.600454
 0.340000 0.045248 0.673243
 0.342500 0.047024 0.746670
 0.345000 0.048973 0.809187
 0.347500 0.051057 0.854130
 0.350000 0.053232 0.882878
 0.352500 0.055467 0.903413
 0.355000 0.057755 0.928137
 0.357500 0.060122 0.967925
 0.360000 0.062614 1.028356
 0.362500 0.065281 1.107901
 0.365000 0.068164 1.199938
 0.367500 0.071281 1.293168
 0.370000 0.074622 1.376702
 0.372500 0.078151 1.441393
 0.375000 0.081809 1.479239
 0.377500 0.085525 1.485483
 0.380000 0.089213 1.459547
 0.382500 0.092800 1.403920
 0.385000 0.096222 1.330285
 0.387500 0.099453 1.256428
 0.390000 0.102523 1.204796
 0.392500 0.105517 1.198060
 0.395000 0.108567 1.252413
 0.397500 0.111835 1.371113
 0.400000 0.115472 1.543384
 0.402500 0.119583 1.746319
 0.405000 0.124207 1.950360
 0.407500 0.129316 2.130466
 0.410000 0.134828 2.271239
 0.412500 0.140639 2.370707
 0.415000 0.146659 2.439261
 0.417500 0.152823 2.490210
 0.420000 0.159106 2.534318
 0.422500 0.165495 2.575370
 0.425000 0.171977 2.608889
 0.427500 0.178529 2.629919
 0.430000 0.185114 2.633717
 0.432500 0.191689 2.624339
 0.435000 0.198237 2.612606
 0.437500 0.204763 2.611373
 0.440000 0.211315 2.631698
 0.442500 0.217949 2.678478
 0.445000 0.224731 2.748121
 0.447500 0.231706 2.833165
 0.450000 0.238904 2.926558
 0.452500 0.246342 3.024041
 0.455000 0.254032 3.128492
 0.457500 0.261997 3.244168
 0.460000 0.270267 3.374056
 0.462500 0.278880 3.518158
 0.465000 0.287867 3.671781
 0.467500 0.297242 3.826985
 0.470000 0.306994 3.975620
 0.472500 0.317105 4.110379
 0.475000 0.327535 4.230446
 0.477500 0.338247 4.336894
 0.480000 0.349212 4.433517
 0.482500 0.360414 4.525405
 0.485000 0.371841 4.617691
 0.487500 0.383501 4.712091
 0.490000 0.395403 4.807745
 0.492500 0.407543 4.907077
 0.495000 0.419943 5.014318
 0.497500 0.432634 5.140383
 0.500000 0.445671 5.296096
 0.502500 0.459142 5.485624
 0.505000 0.473132 5.712923
 0.507500 0.487725 5.964440
 0.510000 0.502963 6.225771
 0.512500 0.518851 6.482238
 0.515000 0.535365 6.725006
 0.517500 0.552461 6.953464
 0.520000 0.570114 7.171355
 0.522500 0.588308 7.383804
 0.525000 0.607026 7.590623
 0.527500 0.626251 7.787767
 0.530000 0.645952 7.970745
 0.532500 0.666088 8.134675
 0.535000 0.686601 8.276171
 0.537500 0.707443 8.395067
 0.540000 0.728559 8.496999
 0.542500 0.749915 8.590255
 0.545000 0.771511 8.690194
 0.547500 0.793388 8.818237
 0.550000 0.815640 8.998051
 0.552500 0.838427 9.246936
 0.555000 0.861923 9.563822
 0.557500 0.886273 9.925048
 0.560000 0.911543 10.292731
 0.562500 0.937690 10.617057
 0.565000 0.964560 10.867774
 0.567500 0.991939 11.029678
 0.570000 1.019623 11.111553
 0.572500 1.047444 11.148345
 0.575000 1.075338 11.177422
 0.577500 1.103331 11.229027
 0.580000 1.131504 11.322141
 0.582500 1.159969 11.465658
 0.585000 1.188849 11.654725
 0.587500 1.218257 11.885558
 0.590000 1.248285 12.152825
 0.592500 1.279023 12.453401
 0.595000 1.310558 12.788011
 0.597500 1.342984 13.168188
 0.600000 1.376413 13.597340
 0.602500 1.410981 14.081269
 0.605000 1.446825 14.614766
 0.607500 1.484052 15.183382
 0.610000 1.522702 15.752727
 0.612500 1.562732 16.275591
 0.615000 1.603964 16.705209
 0.617500 1.646106 16.999199
 0.620000 1.688784 17.133559
 0.622500 1.731601 17.114976
 0.625000 1.774200 16.968969
 0.627500 1.816338 16.749395
 0.630000 1.857891 16.516802
 0.632500 1.898905 16.327982
 0.635000 1.939546 16.224759
 0.637500 1.980067 16.236316
 0.640000 2.020771 16.367315
 0.642500 2.061939 16.614992
 0.645000 2.103854 16.960937
 0.647500 2.146734 17.381234
 0.650000 2.190735 17.849384
 0.652500 2.235920 18.324063
 0.655000 2.282237 18.755587
 0.657500 2.329528 19.095942
 0.660000 2.377507 19.305180
 0.662500 2.425832 19.368389
 0.665000 2.474137 19.295327
 0.667500 2.522106 19.113763
 0.670000 2.569536 18.865187
 0.672500 2.616300 18.586956
 0.675000 2.662353 18.309906
 0.677500 2.707727 18.039230
 0.680000 2.752438 17.783120
 0.682500 2.796529 17.544911
 0.685000 2.840051 17.342117
 0.687500 2.883146 17.205068
 0.690000 2.926029 17.178224
 0.692500 2.969003 17.283952
 0.695000 3.012392 17.509841
 0.697500 3.056434 17.793834
 0.700000 3.101161 18.045940
 0.702500 3.146366 18.153129
 0.705000 3.191566 18.052690
 0.707500 3.236225 17.715323
 0.710000 3.279794 17.195760
 0.712500 3.321912 16.569357
 0.715000 3.362422 15.933645
 0.717500 3.401401 15.353877
 0.720000 3.439032 14.857902
 0.722500 3.475538 14.447361
 0.725000 3.511078 14.086720
 0.727500 3.545733 13.739884
 0.730000 3.579486 13.361816
 0.732500 3.612222 12.914404
 0.735000 3.643727 12.382356
 0.737500 3.673791 11.757303
 0.740000 3.702189 11.064566
 0.742500 3.728783 10.334780
 0.745000 3.753556 9.607928
 0.747500 3.776543 8.924189
 0.750000 3.797890 8.295581
 0.752500 3.817730 7.712439
 0.755000 3.836131 7.140019
 0.757500 3.853062 6.529094
 0.760000 3.868348 5.828540
 0.762500 3.881729 4.993734
 0.765000 3.892835 4.015237
 0.767500 3.901314 2.904235
 0.770000 3.906881 1.692321
 0.772500 3.909359 0.444758
 0.775000 3.908744 -0.766129
 0.777500 3.905212 -1.864544
 0.780000 3.899128 -2.801544
 0.782500 3.890934 -3.552586
 0.785000 3.881065 -4.145687
 0.787500 3.869853 -4.634130
 0.790000 3.857446 -5.117937
 0.792500 3.843727 -5.702416
 0.795000 3.828314 -6.481129
 0.797500 3.810637 -7.526435
 0.800000 3.789972 -8.851039
 0.802500 3.765674 -10.436602
 0.805000 3.737174 -12.190692
 0.807500 3.704191 -13.990617
 0.810000 3.666783 -15.705012
 0.812500 3.625331 -17.206028
 0.815000 3.580482 -18.406866
 0.817500 3.533053 -19.279894
 0.820000 3.483820 -19.858483
 0.822500 3.433404 -20.233620
 0.825000 3.382169 -20.545423
 0.827500 3.330094 -20.929151
 0.830000 3.276839 -21.499125
 0.832500 3.221845 -22.324231
 0.835000 3.164466 -23.394459
 0.837500 3.104178 -24.638271
 0.840000 3.040677 -25.940126
 0.842500 2.973979 -27.182036
 0.845000 2.904340 -28.272983
 0.847500 2.832203 -29.184441
 0.850000 2.758001 -29.931489
 0.852500 2.682088 -30.569585
 0.855000 2.604664 -31.152463
 0.857500 2.525812 -31.713445
 0.860000 2.445575 -32.249685
 0.862500 2.364065 -32.741679
 0.865000 2.281437 -33.131190
 0.867500 2.197996 -33.389618
 0.870000 2.114095 -33.499852
 0.872500 2.030095 -33.473924
 0.875000 1.946299 -33.340989
 0.877500 1.862928 -33.148102
 0.880000 1.780081 -32.928225
 0.882500 1.697789 -32.712550
 0.885000 1.616026 -32.509641
 0.887500 1.534767 -32.313959
 0.890000 1.454016 -32.101318
 0.892500 1.373847 -31.847682
 0.895000 1.294396 -31.518627
 0.897500 1.215890 -31.099109
 0.900000 1.138572 -30.573233
 0.902500 1.062714 -29.940591
 0.905000 0.988566 -29.209086
 0.907500 0.916360 -28.389556
 0.910000 0.846316 -27.494332
 0.912500 0.778615 -26.519430
 0.915000 0.713461 -25.457706
 0.917500 0.651078 -24.304188
 0.920000 0.591706 -23.056871
 0.922500 0.535570 -21.723823
 0.925000 0.482859 -20.328312
 0.927500 0.433684 -18.904463
 0.930000 0.388066 -17.496183
 0.932500 0.345915 -16.141683
 0.935000 0.307061 -14.869046
 0.937500 0.271280 -13.688232
 0.940000 0.238351 -12.594883
 0.942500 0.208069 -11.568892
 0.945000 0.180293 -10.591929
 0.947500 0.154924 -9.646017
 0.950000 0.131898 -8.722884
 0.952500 0.111158 -7.820525
 0.955000 0.092651 -6.945363
 0.957500 0.076294 -6.101786
 0.960000 0.062004 -5.299926
 0.962500 0.049669 -4.544422
 0.965000 0.039165 -3.838872
 0.967500 0.030359 -3.188082
 0.970000 0.023110 -2.599680
 0.972500 0.017252 -2.075832
 0.975000 0.012619 -1.621797
 0.977500 0.009038 -1.239199
 0.980000 0.006328 -0.923729
 0.982500 0.004331 -0.672901
 0.985000 0.002891 -0.477174
 0.987500 0.001880 -0.329770
 0.990000 0.001190 -0.221663
 0.992500 0.000731 -0.144143
 0.995000 0.000435 -0.090999
 0.997500 0.000250 -0.055312
 1.000000 0.000139 -0.032553
 1.002500 0.000075 -0.018394
 1.005000 0.000038 -0.010022
 1.007500 0.000019 -0.005208
 1.010000 0.000009 -0.002445
 1.012500 0.000004 -0.001167
 1.015000 0.000002 -0.000496
 1.017500 0.000001 -0.000169
 1.020000 0.000000 -0.000079
 1.022500 0.000000 -0.000035
 1.025000 0.000000 0.000000
 1.027500 0.000000 0.000000
 1.030000 0.000000 0.000000
 1.032500 0.000000 0.000000
 1.035000 0.000000 0.000000
 1.037500 0.000000 0.000000
 1.040000 0.000000 0.000000
 1.042500 0.000000 0.000000
 1.045000 0.000000 0.000000
 1.047500 0.000000 0.000000
 1.050000 0.000000 0.000000
 1.052500 0.000000 0.000000
 1.055000 0.000000 0.000000
 1.057500 0.000000 0.000000
 1.060000 0.000000 0.000000
 1.062500 0.000000 0.000000
 1.065000 0.000000 0.000000
 1.067500 0.000000 0.000000
 1.070000 0.000000 0.000000
 1.072500 0.000000 0.000000
 1.075000 0.000000 0.000000
 1.077500 0.000000 0.000000
 1.080000 0.000000 0.000000
 1.082500 0.000000 0.000000
 1.085000 0.000000 0.000000
 1.087500 0.000000 0.000000
 1.090000 0.000000 0.000000
 1.092500 0.000000 0.000000
 1.095000 0.000000 0.000000
 1.097500 0.000000 0.000000
 1.100000 0.000000 0.000000
 1.102500 0.000000 0.000000
 1.105000 0.000000 0.000000
 1.107500 0.000000 0.000000
 1.110000 0.000000 0.000000
 1.112500 0.000000 0.000000
 1.115000 0.000000 0.000000
 1.117500 0.000000 0.000000
 1.120000 0.000000 0.000000
 1.122500 0.000000 0.000000
 1.125000 0.000000 0.000000
 1.127500 0.000000 0.000000
 1.130000 0.000000 0.000000
 1.132500 0.000000 0.000000
 1.135000 0.000000 0.000000
 1.137500 0.000000 0.000000
 1.140000 0.000000 0.000000
 1.142500 0.000000 0.000000
 1.145000 0.000000 0.000000
 1.147500 0.000000 0.000000
 1.150000 0.000000 0.000000
 1.152500 0.000000 0.000000
 1.155000 0.000000 0.000000
 1.157500 0.000000 0.000000
 1.160000 0.000000 0.000000
 1.162500 0.000000 0.000000
 1.165000 0.000000 0.000000
 1.167500 0.000000 0.000000
 1.170000 0.000000 0.000000
 1.172500 0.000000 0.000000
 1.175000 0.000000 0.000000
 1.177500 0.000000 0.000000
 1.180000 0.000000 0.000000
 1.182500 0.000000 0.000000
 1.185000 0.000000 0.000000
 1.187500 0.000000 0.000000
 1.190000 0.000000 0.000000
 1.192500 0.000000 0.000000
 1.195000 0.000000 0.000000
 1.197500 0.000000 0.000000
 1.200000 0.000000 0.000000
 1.202500 0.000000 0.000000
 1.205000 0.000000 0.000000
 1.207500 0.000000 0.000000
 1.210000 0.000000 0.000000
 1.212500 0.000000 0.000000
 1.215000 0.000000 0.000000
 1.217500 0.000000 0.000000
 1.220000 0.000000 0.000000
 1.222500 0.000000 0.000000
 1.225000 0.000000 0.000000
 1.227500 0.000000 0.000000
 1.230000 0.000000 0.000000
 1.232500 0.000000 0.000000
 1.235000 0.000000 0.000000
 1.237500 0.000000 0.000000
 1.240000 0.000000 0.000000
 1.242500 0.000000 0.000000
 1.245000 0.000000 0.000000
 1.247500 0.000000 0.000000
 1.250000 0.000000 0.000000
 1.252500 0.000000 0.000000
 1.255000 0.000000 0.000000
 1.257500 0.000000 0.000000
 1.260000 0.000000 0.000000
 1.262500 0.000000 0.000000
 1.265000 0.000000 0.000000
 1.267500 0.000000 0.000000
 1.270000 0.000000 0.000000
 1.272500 0.000000 0.000000
 1.275000 0.000000 0.000000
 1.277500 0.000000 0.000000
 1.280000 0.000000 0.000000
 1.282500 0.000000 0.000000
 1.285000 0.000000 0.000000
 1.287500 0.000000 0.000000
 1.290000 0.000000 0.000000
 1.292500 0.000000 0.000000
 1.295000 0.000000 0.000000
 1.297500 0.000000 0.000000
 1.300000 0.000000 0.000000
 1.302500 0.000000 0.000000
 1.305000 0.000000 0.000000
 1.307500 0.000000 0.000000
 1.310000 0.000000 0.000000
 1.312500 0.000000 0.000000
 1.315000 0.000000 0.000000
 1.317500 0.000000 0.000000
 1.320000 0.000000 0.000000
 1.322500 0.000000 0.000000
 1.325000 0.000000 0.000000
 1.327500 0.000000 0.000000
 1.330000 0.000000 0.000000
 1.332500 0.000000 0.000000
 1.335000 0.000000 0.000000
 1.337500 0.000000 0.000000
 1.340000 0.000000 0.000000
 1.342500 0.000000 0.000000
 1.345000 0.000000 0.000000
 1.347500 0.000000 0.000000
 1.350000 0.000000 0.000000
 1.352500 0.000000 0.000000
 1.355000 0.000000 0.000000
 1.357500 0.000000 0.000000
 1.360000 0.000000 0.000000
 1.362500 0.000000 0.000000
 1.365000 0.000000 0.000000
 1.367500 0.000000 0.000000
 1.370000 0.000000 0.000000
 1.372500 0.000000 0.000000
 1.375000 0.000000 0.000000
 1.377500 0.000000 0.000000
 1.380000 0.000000 0.000000
 1.382500 0.000000 0.000000
 1.385000 0.000000 0.000000
 1.387500 0.000000 0.000000
 1.390000 0.000000 0.000000
 1.392500 0.000000 0.000000
 1.395000 0.000000 0.000000
 1.397500 0.000000 0.000000
 1.400000 0.000000 0.000000
 1.402500 0.000000 0.000000
 1.405000 0.000000 0.000000
 1.407500 0.000000 0.000000
 1.410000 0.000000 0.000000
 1.412500 0.000000 0.000000
 1.415000 0.000000 0.000000
 1.417500 0.000000 0.000000
 1.420000 0.000000 0.000000
 1.422500 0.000000 0.000000
 1.425000 0.000000 0.000000
 1.427500 0.000000 0.000000
 1.430000 0.000000 0.000000
 1.432500 0.000000 0.000000
 1.435000 0.000000 0.000000
 1.437500 0.000000 0.000000
 1.440000 0.000000 0.000000
 1.442500 0.000000 0.000000
 1.445000 0.000000 0.000000
 1.447500 0.000000 0.000000
 1.450000 0.000000 0.000000
 1.452500 0.000000 0.000000
 1.455000 0.000000 0.000000
 1.457500 0.000000 0.000000
 1.460000 0.000000 0.000000
 1.462500 0.000000 0.000000
 1.465000 0.000000 0.000000
 1.467500 0.000000 0.000000
 1.470000 0.000000 0.000000
 1.472500 0.000000 0.000000
 1.475000 0.000000 0.000000
 1.477500 0.000000 0.000000
 1.480000 0.000000 0.000000
 1.482500 0.000000 0.000000
 1.485000 0.000000 0.000000
 1.487500 0.000000 0.000000
 1.490000 0.000000 0.000000
 1.492500 0.000000 0.000000
 1.495000 0.000000 0.000000
 1.497500 0.000000 0.000000
 1.500000 0.000000 0.000000
 1.502500 0.000000 0.000000
 1.505000 0.000000 0.000000
 1.507500 0.000000 0.000000
 1.510000 0.000000 0.000000
 1.512500 0.000000 0.000000
 1.515000 0.000000 0.000000
 1.517500 0.000000 0.000000
 1.520000 0.000000 0.000000
 1.522500 0.000000 0.000000
 1.525000 0.000000 0.000000
 1.527500 0.000000 0.000000
 1.530000 0.000000 0.000000
 1.532500 0.000000 0.000000
 1.535000 0.000000 0.000000
 1.537500 0.000000 0.000000
 1.540000 0.000000 0.000000
 1.542500 0.000000 0.000000
 1.545000 0.000000 0.000000
 1.547500 0.000000 0.000000
 1.550000 0.000000 0.000000
 1.552500 0.000000 0.000000
 1.555000 0.000000 0.000000
 1.557500 0.000000 0.000000
 1.560000 0.000000 0.000000
 1.562500 0.000000 0.000000
 1.565000 0.000000 0.000000
 1.567500 0.000000 0.000000
 1.570000 0.000000 0.000000
 1.572500 0.000000 0.000000
 1.575000 0.000000 0.000000
 1.577500 0.000000 0.000000
 1.580000 0.000000 0.000000
 1.582500 0.000000 0.000000
 1.585000 0.000000 0.000000
 1.587500 0.000000 0.000000
 1.590000 0.000000 0.000000
 1.592500 0.000000 0.000000
 1.595000 0.000000 0.000000
 1.597500 0.000000 0.000000
 1.600000 0.000000 0.000000
 1.602500 0.000000 0.000000
 1.605000 0.000000 0.000000
 1.607500 0.000000 0.000000
 1.610000 0.000000 0.000000
 1.612500 0.000000 0.000000
 1.615000 0.000000 0.000000
 1.617500 0.000000 0.000000
 1.620000 0.000000 0.000000
 1.622500 0.000000 0.000000
 1.625000 0.000000 0.000000
 1.627500 0.000000 0.000000
 1.630000 0.000000 0.000000
 1.632500 0.000000 0.000000
 1.635000 0.000000 0.000000
 1.637500 0.000000 0.000000
 1.640000 0.000000 0.000000
 1.642500 0.000000 0.000000
 1.645000 0.000000 0.000000
 1.647500 0.000000 0.000000
 1.650000 0.000000 0.000000
 1.652500 0.000000 0.000000
 1.655000 0.000000 0.000000
 1.657500 0.000000 0.000000
 1.660000 0.000000 0.000000
 1.662500 0.000000 0.000000
 1.665000 0.000000 0.000000
 1.667500 0.000000 0.000000
 1.670000 0.000000 0.000000
 1.672500 0.000000 0.000000
 1.675000 0.000000 0.000000
 1.677500 0.000000 0.000000
 1.680000 0.000000 0.000000
 1.682500 0.000000 0.000000
 1.685000 0.000000 0.000000
 1.687500 0.000000 0.000000
 1.690000 0.000000 0.000000
 1.692500 0.000000 0.000000
 1.695000 0.000000 0.000000
 1.697500 0.000000 0.000000
 1.700000 0.000000 0.000000
 1.702500 0.000000 0.000000
 1.705000 0.000000 0.000000
 1.707500 0.000000 0.000000
 1.710000 0.000000 0.000000
 1.712500 0.000000 0.000000
 1.715000 0.000000 0.000000
 1.717500 0.000000 0.000000
 1.720000 0.000000 0.000000
 1.722500 0.000000 0.000000
 1.725000 0.000000 0.000000
 1.727500 0.000000 0.000000
 1.730000 0.000000 0.000000
 1.732500 0.000000 0.000000
 1.735000 0.000000 0.000000
 1.737500 0.000000 0.000000
 1.740000 0.000000 0.000000
 1.742500 0.000000 0.000000
 1.745000 0.000000 0.000000
 1.747500 0.000000 0.000000
 1.750000 0.000000 0.000000
 1.752500 0.000000 0.000000
 1.755000 0.000000 0.000000
 1.757500 0.000000 0.000000
 1.760000 0.000000 0.000000
 1.762500 0.000000 0.000000
 1.765000 0.000000 0.000000
 1.767500 0.000000 0.000000
 1.770000 0.000000 0.000000
 1.772500 0.000000 0.000000
 1.775000 0.000000 0.000000
 1.777500 0.000000 0.000000
 1.780000 0.000000 0.000000
 1.782500 0.000000 0.000000
 1.785000 0.000000 0.000000
 1.787500 0.000000 0.000000
 1.790000 0.000000 0.000000
 1.792500 0.000000 0.000000
 1.795000 0.000000 0.000000
 1.797500 0.000000 0.000000
 1.800000 0.000000 0.000000
 1.802500 0.000000 0.000000
 1.805000 0.000000 0.000000
 1.807500 0.000000 0.000000
 1.810000 0.000000 0.000000
 1.812500 0.000000 0.000000
 1.815000 0.000000 0.000000
 1.817500 0.000000 0.000000
 1.820000 0.000000 0.000000
 1.822500 0.000000 0.000000
 1.825000 0.000000 0.000000
 1.827500 0.000000 0.000000
 1.830000 0.000000 0.000000
 1.832500 0.000000 0.000000
 1.835000 0.000000 0.000000
 1.837500 0.000000 0.000000
 1.840000 0.000000 0.000000
 1.842500 0.000000 0.000000
 1.845000 0.000000 0.000000
 1.847500 0.000000 0.000000
 1.850000 0.000000 0.000000
 1.852500 0.000000 0.000000
 1.855000 0.000000 0.000000
 1.857500 0.000000 0.000000
 1.860000 0.000000 0.000000
 1.862500 0.000000 0.000000
 1.865000 0.000000 0.000000
 1.867500 0.000000 0.000000
 1.870000 0.000000 0.000000
 1.872500 0.000000 0.000000
 1.875000 0.000000 0.000000
 1.877500 0.000000 0.000000
 1.880000 0.000000 0.000000
 1.882500 0.000000 0.000000
 1.885000 0.000000 0.000000
 1.887500 0.000000 0.000000
 1.890000 0.000000 0.000000
 1.892500 0.000000 0.000000
 1.895000 0.000000 0.000000
 1.897500 0.000000 0.000000
 1.900000 0.000000 0.000000
 1.902500 0.000000 0.000000
 1.905000 0.000000 0.000000
 1.907500 0.000000 0.000000
 1.910000 0.000000 0.000000
 1.912500 0.000000 0.000000
 1.915000 0.000000 0.000000
 1.917500 0.000000 0.000000
 1.920000 0.000000 0.000000
 1.922500 0.000000 0.000000
 1.925000 0.000000 0.000000
 1.927500 0.000000 0.000000
 1.930000 0.000000 0.000000
 1.932500 0.000000 0.000000
 1.935000 0.000000 0.000000
 1.937500 0.000000 0.000000
 1.940000 0.000000 0.000000
 1.942500 0.000000 0.000000
 1.945000 0.000000 0.000000
 1.947500 0.000000 0.000000
 1.950000 0.000000 0.000000
 1.952500 0.000000 0.000000
 1.955000 0.000000 0.000000
 1.957500 0.000000 0.000000
 1.960000 0.000000 0.000000
 1.962500 0.000000 0.000000
 1.965000 0.000000 0.000000
 1.967500 0.000000 0.000000
 1.970000 0.000000 0.000000
 1.972500 0.000000 0.000000
 1.975000 0.000000 0.000000
 1.977500 0.000000 0.000000
 1.980000 0.000000 0.000000
 1.982500 0.000000 0.000000
 1.985000 0.000000 0.000000
 1.987500 0.000000 0.000000
 1.990000 0.000000 0.000000
 1.992500 0.000000 0.000000
 1.995000 0.000000 0.000000
 1.997500 0.000000 0.000000
 2.000000 0.000000 0.000000
