#! FIELDS es hh dhh_es
#! SET normalisation  2000.000000
#! SET min_es -0.5
#! SET max_es 2
#! SET nbins_es  1000
#! SET periodic_es false
 -0.500000 0.000000 0.000000
 -0.497500 0.000000 0.000000
 -0.495000 0.000000 0.000000
 -0.492500 0.000000 0.000000
 -0.490000 0.000000 0.000000
 -0.487500 0.000000 0.000000
 -0.485000 0.000000 0.000000
 -0.482500 0.000000 0.000000
 -0.480000 0.000000 0.000000
 -0.477500 0.000000 0.000000
 -0.475000 0.000000 0.000000
 -0.472500 0.000000 0.000000
 -0.470000 0.000000 0.000000
 -0.467500 0.000000 0.000000
 -0.465000 0.000000 0.000000
 -0.462500 0.000000 0.000000
 -0.460000 0.000000 0.000000
 -0.457500 0.000000 0.000000
 -0.455000 0.000000 0.000000
 -0.452500 0.000000 0.000000
 -0.450000 0.000000 0.000000
 -0.447500 0.000000 0.000000
 -0.445000 0.000000 0.000000
 -0.442500 0.000000 0.000000
 -0.440000 0.000000 0.000000
 -0.437500 0.000000 0.000000
 -0.435000 0.000000 0.000000
 -0.432500 0.000000 0.000000
 -0.430000 0.000000 0.000000
 -0.427500 0.000000 0.000000
 -0.425000 0.000000 0.000000
 -0.422500 0.000000 0.000000
 -0.420000 0.000000 0.000000
 -0.417500 0.000000 0.000000
 -0.415000 0.000000 0.000000
 -0.412500 0.000000 0.000000
 -0.410000 0.000000 0.000000
 -0.407500 0.000000 0.000000
 -0.405000 0.000000 0.000000
 -0.402500 0.000000 0.000000
 -0.400000 0.000000 0.000000
 -0.397500 0.000000 0.000000
 -0.395000 0.000000 0.000000
 -0.392500 0.000000 0.000000
 -0.390000 0.000000 0.000000
 -0.387500 0.000000 0.000000
 -0.385000 0.000000 0.000000
 -0.382500 0.000000 0.000000
 -0.380000 0.000000 0.000000
 -0.377500 0.000000 0.000000
 -0.375000 0.000000 0.000000
 -0.372500 0.000000 0.000000
 -0.370000 0.000000 0.000000
 -0.367500 0.000000 0.000000
 -0.365000 0.000000 0.000000
 -0.362500 0.000000 0.000000
 -0.360000 0.000000 0.000000
 -0.357500 0.000000 0.000000
 -0.355000 0.000000 0.000000
 -0.352500 0.000000 0.000000
 -0.350000 0.000000 0.000000
 -0.347500 0.000000 0.000000
 -0.345000 0.000000 0.000000
 -0.342500 0.000000 0.000000
 -0.340000 0.000000 0.000000
 -0.337500 0.000000 0.000000
 -0.335000 0.000000 0.000000
 -0.332500 0.000000 0.000000
 -0.330000 0.000000 0.000000
 -0.327500 0.000000 0.000000
 -0.325000 0.000000 0.000000
 -0.322500 0.000000 0.000000
 -0.320000 0.000000 0.000000
 -0.317500 0.000000 0.000000
 -0.315000 0.000000 0.000000
 -0.312500 0.000000 0.000000
 -0.310000 0.000000 0.000000
 -0.307500 0.000000 0.000000
 -0.305000 0.000000 0.000000
 -0.302500 0.000000 0.000000
 -0.300000 0.000000 0.000000
 -0.297500 0.000000 0.000000
 -0.295000 0.000000 0.000000
 -0.292500 0.000000 0.000000
 -0.290000 0.000000 0.000000
 -0.287500 0.000000 0.000000
 -0.285000 0.000000 0.000000
 -0.282500 0.000000 0.000000
 -0.280000 0.000000 0.000000
 -0.277500 0.000000 0.000000
 -0.275000 0.000000 0.000000
 -0.272500 0.000000 0.000000
 -0.270000 0.000000 0.000000
 -0.267500 0.000000 0.000000
 -0.265000 0.000000 0.000000
 -0.262500 0.000000 0.000000
 -0.260000 0.000000 0.000000
 -0.257500 0.000000 0.000000
 -0.255000 0.000000 0.000000
 -0.252500 0.000000 0.000000
 -0.250000 0.000000 0.000000
 -0.247500 0.000000 0.000000
 -0.245000 0.000000 0.000000
 -0.242500 0.000000 0.000000
 -0.240000 0.000000 0.000000
 -0.237500 0.000000 0.000000
 -0.235000 0.000000 0.000000
 -0.232500 0.000000 0.000000
 -0.230000 0.000000 0.000000
 -0.227500 0.000000 0.000000
 -0.225000 0.000000 0.000000
 -0.222500 0.000000 0.000000
 -0.220000 0.000000 0.000000
 -0.217500 0.000000 0.000000
 -0.215000 0.000000 0.000000
 -0.212500 0.000000 0.000000
 -0.210000 0.000000 0.000000
 -0.207500 0.000000 0.000000
 -0.205000 0.000000 0.000000
 -0.202500 0.000000 0.000000
 -0.200000 0.000000 0.000000
 -0.197500 0.000000 0.000000
 -0.195000 0.000000 0.000000
 -0.192500 0.000000 0.000000
 -0.190000 0.000000 0.000000
 -0.187500 0.000000 0.000000
 -0.185000 0.000000 0.000000
 -0.182500 0.000000 0.000000
 -0.180000 0.000000 0.000000
 -0.177500 0.000000 0.000000
 -0.175000 0.000000 0.000000
 -0.172500 0.000000 0.000000
 -0.170000 0.000000 0.000000
 -0.167500 0.000000 0.000000
 -0.165000 0.000000 0.000000
 -0.162500 0.000000 0.000000
 -0.160000 0.000000 0.000000
 -0.157500 0.000000 0.000000
 -0.155000 0.000000 0.000000
 -0.152500 0.000000 0.000000
 -0.150000 0.000000 0.000000
 -0.147500 0.000000 0.000000
 -0.145000 0.000000 0.000000
 -0.142500 0.000000 0.000000
 -0.140000 0.000000 0.000000
 -0.137500 0.000000 0.000000
 -0.135000 0.000000 0.000000
 -0.132500 0.000000 0.000000
 -0.130000 0.000000 0.000000
 -0.127500 0.000000 0.000000
 -0.125000 0.000000 0.000000
 -0.122500 0.000000 0.000000
 -0.120000 0.000000 0.000000
 -0.117500 0.000000 0.000000
 -0.115000 0.000000 0.000000
 -0.112500 0.000000 0.000000
 -0.110000 0.000000 0.000000
 -0.107500 0.000000 0.000000
 -0.105000 0.000000 0.000000
 -0.102500 0.000000 0.000000
 -0.100000 0.000000 0.000000
 -0.097500 0.000000 0.000000
 -0.095000 0.000000 0.000000
 -0.092500 0.000000 0.000000
 -0.090000 0.000000 0.000000
 -0.087500 0.000000 0.000000
 -0.085000 0.000000 0.000000
 -0.082500 0.000000 0.000000
 -0.080000 0.000000 0.000000
 -0.077500 0.000000 0.000000
 -0.075000 0.000000 0.000000
 -0.072500 0.000000 0.000000
 -0.070000 0.000000 0.000000
 -0.067500 0.000000 0.000000
 -0.065000 0.000000 0.000000
 -0.062500 0.000000 0.000000
 -0.060000 0.000000 0.000000
 -0.057500 0.000000 0.000000
 -0.055000 0.000000 0.000000
 -0.052500 0.000000 0.000000
 -0.050000 0.000000 0.000000
 -0.047500 0.000000 0.000000
 -0.045000 0.000000 0.000000
 -0.042500 0.000000 0.000000
 -0.040000 0.000000 0.000000
 -0.037500 0.000000 0.000000
 -0.035000 0.000000 0.000000
 -0.032500 0.000000 0.000000
 -0.030000 0.000000 0.000000
 -0.027500 0.000000 0.000000
 -0.025000 0.000000 0.000000
 -0.022500 0.000000 0.000000
 -0.020000 0.000000 0.000000
 -0.017500 0.000000 0.000000
 -0.015000 0.000000 0.000000
 -0.012500 0.000000 0.000000
 -0.010000 0.000000 0.000000
 -0.007500 0.000000 0.000000
 -0.005000 0.000000 0.000000
 -0.002500 0.000000 0.000000
 0.000000 0.000000 0.000000
 0.002500 0.000000 0.000000
 0.005000 0.000000 0.000000
 0.007500 0.000000 0.000000
 0.010000 0.000000 0.000000
 0.012500 0.000000 0.000000
 0.015000 0.000000 0.000000
 0.017500 0.000000 0.000000
 0.020000 0.000000 0.000000
 0.022500 0.000000 0.000000
 0.025000 0.000000 0.000000
 0.027500 0.000000 0.000000
 0.030000 0.000000 0.000000
 0.032500 0.000000 0.000000
 0.035000 0.000000 0.000000
 0.037500 0.000000 0.000000
 0.040000 0.000000 0.000000
 0.042500 0.000000 0.000000
 0.045000 0.000000 0.000000
 0.047500 0.000000 0.000000
 0.050000 0.000000 0.000000
 0.052500 0.000000 0.000000
 0.055000 0.000000 0.000000
 0.057500 0.000000 0.000000
 0.060000 0.000000 0.000000
 0.062500 0.000000 0.000000
 0.065000 0.000000 0.000000
 0.067500 0.000000 0.000000
 0.070000 0.000000 0.000000
 0.072500 0.000000 0.000000
 0.075000 0.000000 0.000000
 0.077500 0.000000 0.000018
 0.080000 0.000000 0.000043
 0.082500 0.000000 0.000098
 0.085000 0.000001 0.000205
 0.087500 0.000001 0.000402
 0.090000 0.000003 0.000734
 0.092500 0.000005 0.001249
 0.095000 0.000009 0.001975
 0.097500 0.000015 0.002894
 0.100000 0.000024 0.003914
 0.102500 0.000035 0.004859
 0.105000 0.000048 0.005485
 0.107500 0.000062 0.005541
 0.110000 0.000075 0.004851
 0.112500 0.000085 0.003395
 0.115000 0.000091 0.001351
 0.117500 0.000092 -0.000938
 0.120000 0.000087 -0.003056
 0.122500 0.000077 -0.004638
 0.125000 0.000064 -0.005473
 0.127500 0.000050 -0.005545
 0.130000 0.000037 -0.005006
 0.132500 0.000026 -0.004100
 0.135000 0.000017 -0.003078
 0.137500 0.000010 -0.002131
 0.140000 0.000006 -0.001366
 0.142500 0.000003 -0.000814
 0.145000 0.000002 -0.000451
 0.147500 0.000001 -0.000233
 0.150000 0.000000 -0.000112
 0.152500 0.000000 -0.000051
 0.155000 0.000000 0.000000
 0.157500 0.000000 0.000000
 0.160000 0.000000 0.000000
 0.162500 0.000000 0.000000
 0.165000 0.000000 0.000000
 0.167500 0.000000 0.000000
 0.170000 0.000000 0.000000
 0.172500 0.000000 0.000000
 0.175000 0.000000 0.000000
 0.177500 0.000000 0.000000
 0.180000 0.000000 0.000000
 0.182500 0.000000 0.000000
 0.185000 0.000000 0.000000
 0.187500 0.000000 0.000000
 0.190000 0.000000 0.000028
 0.192500 0.000000 0.000065
 0.195000 0.000000 0.000141
 0.197500 0.000001 0.000287
 0.200000 0.000002 0.000544
 0.202500 0.000004 0.000960
 0.205000 0.000007 0.001601
 0.207500 0.000012 0.002461
 0.210000 0.000019 0.003515
 0.212500 0.000030 0.004659
 0.215000 0.000043 0.005720
 0.217500 0.000058 0.006488
 0.220000 0.000075 0.006802
 0.222500 0.000092 0.006558
 0.225000 0.000107 0.005815
 0.227500 0.000120 0.004744
 0.230000 0.000131 0.003603
 0.232500 0.000139 0.002571
 0.235000 0.000144 0.001788
 0.237500 0.000148 0.001292
 0.240000 0.000151 0.001085
 0.242500 0.000153 0.001125
 0.245000 0.000156 0.001405
 0.247500 0.000161 0.001908
 0.250000 0.000166 0.002556
 0.252500 0.000173 0.003207
 0.255000 0.000182 0.003711
 0.257500 0.000192 0.003953
 0.260000 0.000202 0.003947
 0.262500 0.000212 0.003829
 0.265000 0.000221 0.003770
 0.267500 0.000231 0.004057
 0.270000 0.000242 0.004793
 0.272500 0.000255 0.006042
 0.275000 0.000272 0.007769
 0.277500 0.000294 0.009835
 0.280000 0.000322 0.012177
 0.282500 0.000356 0.014784
 0.285000 0.000396 0.017721
 0.287500 0.000445 0.021020
 0.290000 0.000502 0.024697
 0.292500 0.000568 0.028586
 0.295000 0.000645 0.032460
 0.297500 0.000730 0.035965
 0.300000 0.000824 0.038749
 0.302500 0.000923 0.040595
 0.305000 0.001026 0.041229
 0.307500 0.001128 0.040409
 0.310000 0.001227 0.037673
 0.312500 0.001315 0.032665
 0.315000 0.001388 0.025329
 0.317500 0.001440 0.016218
 0.320000 0.001469 0.006471
 0.322500 0.001474 -0.002016
 0.325000 0.001461 -0.007216
 0.327500 0.001442 -0.007527
 0.330000 0.001428 -0.002470
 0.332500 0.001434 0.007432
 0.335000 0.001468 0.020224
 0.337500 0.001535 0.033440
 0.340000 0.001634 0.044609
 0.342500 0.001755 0.051913
 0.345000 0.001889 0.054760
 0.347500 0.002026 0.053575
 0.350000 0.002155 0.049715
 0.352500 0.002274 0.044911
 0.355000 0.002380 0.040617
 0.357500 0.002478 0.037881
 0.360000 0.002571 0.036799
 0.362500 0.002663 0.036965
 0.365000 0.002756 0.037828
 0.367500 0.002853 0.039328
 0.370000 0.002954 0.042034
 0.372500 0.003065 0.047227
 0.375000 0.003194 0.056041
 0.377500 0.003349 0.068849
 0.380000 0.003541 0.084510
 0.382500 0.003773 0.100606
 0.385000 0.004042 0.114458
 0.387500 0.004341 0.123927
 0.390000 0.004658 0.128538
 0.392500 0.004981 0.129551
 0.395000 0.005305 0.129224
 0.397500 0.005628 0.129713
 0.400000 0.005955 0.131947
 0.402500 0.006289 0.135449
 0.405000 0.006632 0.138602
 0.407500 0.006980 0.139002
 0.410000 0.007324 0.135374
 0.412500 0.007653 0.127131
 0.415000 0.007957 0.115594
 0.417500 0.008231 0.103189
 0.420000 0.008476 0.092867
 0.422500 0.008701 0.087860
 0.425000 0.008923 0.090887
 0.427500 0.009164 0.103897
 0.430000 0.009451 0.127338
 0.432500 0.009810 0.160950
 0.435000 0.010263 0.202867
 0.437500 0.010829 0.249897
 0.440000 0.011515 0.297729
 0.442500 0.012316 0.341867
 0.445000 0.013218 0.377995
 0.447500 0.014198 0.403288
 0.450000 0.015227 0.417509
 0.452500 0.016280 0.423247
 0.455000 0.017341 0.425486
 0.457500 0.018409 0.430030
 0.460000 0.019499 0.442272
 0.462500 0.020631 0.464473
 0.465000 0.021830 0.496040
 0.467500 0.023116 0.532998
 0.470000 0.024497 0.570297
 0.472500 0.025966 0.603252
 0.475000 0.027508 0.628182
 0.477500 0.029101 0.643288
 0.480000 0.030717 0.647660
 0.482500 0.032333 0.642544
 0.485000 0.033925 0.629375
 0.487500 0.035479 0.612184
 0.490000 0.036990 0.596965
 0.492500 0.038472 0.589770
 0.495000 0.039951 0.595967
 0.497500 0.041467 0.618687
 0.500000 0.043062 0.658150
 0.502500 0.044771 0.710261
 0.505000 0.046621 0.769804
 0.507500 0.048624 0.830503
 0.510000 0.050777 0.890503
 0.512500 0.053078 0.949178
 0.515000 0.055525 1.008676
 0.517500 0.058127 1.072830
 0.520000 0.060899 1.143912
 0.522500 0.063858 1.222109
 0.525000 0.067016 1.303524
 0.527500 0.070377 1.383812
 0.530000 0.073935 1.460337
 0.532500 0.077679 1.533631
 0.535000 0.081606 1.607124
 0.537500 0.085724 1.687750
 0.540000 0.090056 1.778576
 0.542500 0.094632 1.881104
 0.545000 0.099473 1.990610
 0.547500 0.104590 2.098757
 0.550000 0.109961 2.193399
 0.552500 0.115543 2.264911
 0.555000 0.121268 2.307930
 0.557500 0.127067 2.325213
 0.560000 0.132888 2.329344
 0.562500 0.138723 2.338645
 0.565000 0.144612 2.376590
 0.567500 0.150650 2.459413
 0.570000 0.156956 2.591218
 0.572500 0.163644 2.760676
 0.575000 0.170779 2.943851
 0.577500 0.178355 3.109692
 0.580000 0.186294 3.230733
 0.582500 0.194467 3.294852
 0.585000 0.202732 3.305279
 0.587500 0.210974 3.282723
 0.590000 0.219151 3.259165
 0.592500 0.227303 3.266476
 0.595000 0.235539 3.331919
 0.597500 0.244028 3.467879
 0.600000 0.252943 3.671973
 0.602500 0.262437 3.928008
 0.605000 0.272616 4.216282
 0.607500 0.283536 4.516650
 0.610000 0.295208 4.814840
 0.612500 0.307611 5.101294
 0.615000 0.320715 5.374704
 0.617500 0.334480 5.631461
 0.620000 0.348867 5.873152
 0.622500 0.363840 6.099030
 0.625000 0.379365 6.315395
 0.627500 0.395422 6.524619
 0.630000 0.411998 6.732746
 0.632500 0.429099 6.944024
 0.635000 0.446736 7.161656
 0.637500 0.464927 7.388440
 0.640000 0.483703 7.628061
 0.642500 0.503103 7.889222
 0.645000 0.523192 8.181490
 0.647500 0.544060 8.512609
 0.650000 0.565808 8.887603
 0.652500 0.588548 9.302984
 0.655000 0.612359 9.742134
 0.657500 0.637280 10.185054
 0.660000 0.663294 10.614312
 0.662500 0.690345 11.015862
 0.665000 0.718368 11.390603
 0.667500 0.747306 11.753289
 0.670000 0.777156 12.122969
 0.672500 0.807969 12.523325
 0.675000 0.839831 12.967010
 0.677500 0.872852 13.450429
 0.680000 0.907127 13.965292
 0.682500 0.942714 14.498171
 0.685000 0.979637 15.032201
 0.687500 1.017881 15.552439
 0.690000 1.057402 16.049825
 0.692500 1.098122 16.517200
 0.695000 1.139976 16.949011
 0.697500 1.182865 17.346865
 0.700000 1.226715 17.718646
 0.702500 1.271475 18.082655
 0.705000 1.317149 18.456419
 0.707500 1.363802 18.862852
 0.710000 1.411536 19.326368
 0.712500 1.460512 19.858543
 0.715000 1.510918 20.468951
 0.717500 1.562950 21.160172
 0.720000 1.616804 21.927951
 0.722500 1.672672 22.770313
 0.725000 1.730730 23.680267
 0.727500 1.791139 24.649966
 0.730000 1.854036 25.671426
 0.732500 1.919533 26.720246
 0.735000 1.987653 27.766332
 0.737500 2.058343 28.770673
 0.740000 2.131433 29.677616
 0.742500 2.206610 30.435580
 0.745000 2.283454 31.002376
 0.747500 2.361449 31.354890
 0.750000 2.440074 31.516412
 0.752500 2.518907 31.538799
 0.755000 2.597726 31.513481
 0.757500 2.676536 31.552961
 0.760000 2.755614 31.748678
 0.762500 2.835445 32.161927
 0.765000 2.916602 32.804862
 0.767500 2.999610 33.636422
 0.770000 3.084855 34.576918
 0.772500 3.172476 35.533271
 0.775000 3.262411 36.407229
 0.777500 3.354341 37.121120
 0.780000 3.447790 37.622531
 0.782500 3.542187 37.878336
 0.785000 3.636914 37.894357
 0.787500 3.731397 37.693676
 0.790000 3.825165 37.332887
 0.792500 3.917891 36.881711
 0.795000 4.009440 36.410837
 0.797500 4.099859 35.984080
 0.800000 4.189304 35.640419
 0.802500 4.277999 35.380706
 0.805000 4.366123 35.176924
 0.807500 4.453730 34.969633
 0.810000 4.540740 34.689013
 0.812500 4.626868 34.261220
 0.815000 4.711683 33.640497
 0.817500 4.794679 32.807610
 0.820000 4.875339 31.780149
 0.822500 4.953208 30.597502
 0.825000 5.027976 29.306008
 0.827500 5.099403 27.947537
 0.830000 5.167358 26.529404
 0.832500 5.231676 25.039996
 0.835000 5.292140 23.451805
 0.837500 5.348475 21.730307
 0.840000 5.400319 19.868640
 0.842500 5.447319 17.874103
 0.845000 5.489173 15.759552
 0.847500 5.525596 13.543848
 0.850000 5.556350 11.221301
 0.852500 5.581130 8.784946
 0.855000 5.599659 6.224607
 0.857500 5.611615 3.534940
 0.860000 5.616700 0.736490
 0.862500 5.614649 -2.158961
 0.865000 5.605222 -5.165502
 0.867500 5.588083 -8.323047
 0.870000 5.562785 -11.691107
 0.872500 5.528753 -15.321186
 0.875000 5.485295 -19.201836
 0.877500 5.431879 -23.265601
 0.880000 5.368191 -27.382306
 0.882500 5.294280 -31.403495
 0.885000 5.210560 -35.220250
 0.887500 5.117610 -38.775628
 0.890000 5.016061 -42.109222
 0.892500 4.906368 -45.296486
 0.895000 4.788777 -48.435802
 0.897500 4.663300 -51.592594
 0.900000 4.529882 -54.800276
 0.902500 4.388407 -58.015186
 0.905000 4.238950 -61.178691
 0.907500 4.081741 -64.193706
 0.910000 3.917272 -66.970797
 0.912500 3.746242 -69.421454
 0.915000 3.569554 -71.481620
 0.917500 3.388250 -73.114251
 0.920000 3.203418 -74.307795
 0.922500 3.016143 -75.081899
 0.925000 2.827431 -75.468064
 0.927500 2.638204 -75.502997
 0.930000 2.449319 -75.208930
 0.932500 2.261587 -74.572035
 0.935000 2.075911 -73.571114
 0.937500 1.893254 -72.156231
 0.940000 1.714708 -70.279129
 0.942500 1.541480 -67.907502
 0.945000 1.374837 -65.031627
 0.947500 1.216014 -61.664640
 0.950000 1.066175 -57.859351
 0.952500 0.926332 -53.706513
 0.955000 0.797212 -49.304287
 0.957500 0.679301 -44.777290
 0.960000 0.572770 -40.238951
 0.962500 0.477514 -35.782538
 0.965000 0.393228 -31.482384
 0.967500 0.319462 -27.390089
 0.970000 0.255653 -23.532684
 0.972500 0.201187 -19.930453
 0.975000 0.155408 -16.602784
 0.977500 0.117604 -13.567945
 0.980000 0.087012 -10.847717
 0.982500 0.062821 -8.463360
 0.985000 0.044174 -6.427096
 0.987500 0.030195 -4.738987
 0.990000 0.020026 -3.384766
 0.992500 0.012868 -2.338085
 0.995000 0.007994 -1.557712
 0.997500 0.004792 -0.998974
 1.000000 0.002768 -0.615759
 1.002500 0.001535 -0.362975
 1.005000 0.000817 -0.205030
 1.007500 0.000416 -0.110330
 1.010000 0.000201 -0.056114
 1.012500 0.000091 -0.026690
 1.015000 0.000039 -0.011889
 1.017500 0.000015 -0.004818
 1.020000 0.000006 -0.001823
 1.022500 0.000002 -0.000595
 1.025000 0.000000 -0.000105
 1.027500 0.000000 -0.000047
 1.030000 0.000000 0.000000
 1.032500 0.000000 0.000000
 1.035000 0.000000 0.000000
 1.037500 0.000000 0.000000
 1.040000 0.000000 0.000000
 1.042500 0.000000 0.000000
 1.045000 0.000000 0.000000
 1.047500 0.000000 0.000000
 1.050000 0.000000 0.000000
 1.052500 0.000000 0.000000
 1.055000 0.000000 0.000000
 1.057500 0.000000 0.000000
 1.060000 0.000000 0.000000
 1.062500 0.000000 0.000000
 1.065000 0.000000 0.000000
 1.067500 0.000000 0.000000
 1.070000 0.000000 0.000000
 1.072500 0.000000 0.000000
 1.075000 0.000000 0.000000
 1.077500 0.000000 0.000000
 1.080000 0.000000 0.000000
 1.082500 0.000000 0.000000
 1.085000 0.000000 0.000000
 1.087500 0.000000 0.000000
 1.090000 0.000000 0.000000
 1.092500 0.000000 0.000000
 1.095000 0.000000 0.000000
 1.097500 0.000000 0.000000
 1.100000 0.000000 0.000000
 1.102500 0.000000 0.000000
 1.105000 0.000000 0.000000
 1.107500 0.000000 0.000000
 1.110000 0.000000 0.000000
 1.112500 0.000000 0.000000
 1.115000 0.000000 0.000000
 1.117500 0.000000 0.000000
 1.120000 0.000000 0.000000
 1.122500 0.000000 0.000000
 1.125000 0.000000 0.000000
 1.127500 0.000000 0.000000
 1.130000 0.000000 0.000000
 1.132500 0.000000 0.000000
 1.135000 0.000000 0.000000
 1.137500 0.000000 0.000000
 1.140000 0.000000 0.000000
 1.142500 0.000000 0.000000
 1.145000 0.000000 0.000000
 1.147500 0.000000 0.000000
 1.150000 0.000000 0.000000
 1.152500 0.000000 0.000000
 1.155000 0.000000 0.000000
 1.157500 0.000000 0.000000
 1.160000 0.000000 0.000000
 1.162500 0.000000 0.000000
 1.165000 0.000000 0.000000
 1.167500 0.000000 0.000000
 1.170000 0.000000 0.000000
 1.172500 0.000000 0.000000
 1.175000 0.000000 0.000000
 1.177500 0.000000 0.000000
 1.180000 0.000000 0.000000
 1.182500 0.000000 0.000000
 1.185000 0.000000 0.000000
 1.187500 0.000000 0.000000
 1.190000 0.000000 0.000000
 1.192500 0.000000 0.000000
 1.195000 0.000000 0.000000
 1.197500 0.000000 0.000000
 1.200000 0.000000 0.000000
 1.202500 0.000000 0.000000
 1.205000 0.000000 0.000000
 1.207500 0.000000 0.000000
 1.210000 0.000000 0.000000
 1.212500 0.000000 0.000000
 1.215000 0.000000 0.000000
 1.217500 0.000000 0.000000
 1.220000 0.000000 0.000000
 1.222500 0.000000 0.000000
 1.225000 0.000000 0.000000
 1.227500 0.000000 0.000000
 1.230000 0.000000 0.000000
 1.232500 0.000000 0.000000
 1.235000 0.000000 0.000000
 1.237500 0.000000 0.000000
 1.240000 0.000000 0.000000
 1.242500 0.000000 0.000000
 1.245000 0.000000 0.000000
 1.247500 0.000000 0.000000
 1.250000 0.000000 0.000000
 1.252500 0.000000 0.000000
 1.255000 0.000000 0.000000
 1.257500 0.000000 0.000000
 1.260000 0.000000 0.000000
 1.262500 0.000000 0.000000
 1.265000 0.000000 0.000000
 1.267500 0.000000 0.000000
 1.270000 0.000000 0.000000
 1.272500 0.000000 0.000000
 1.275000 0.000000 0.000000
 1.277500 0.000000 0.000000
 1.280000 0.000000 0.000000
 1.282500 0.000000 0.000000
 1.285000 0.000000 0.000000
 1.287500 0.000000 0.000000
 1.290000 0.000000 0.000000
 1.292500 0.000000 0.000000
 1.295000 0.000000 0.000000
 1.297500 0.000000 0.000000
 1.300000 0.000000 0.000000
 1.302500 0.000000 0.000000
 1.305000 0.000000 0.000000
 1.307500 0.000000 0.000000
 1.310000 0.000000 0.000000
 1.312500 0.000000 0.000000
 1.315000 0.000000 0.000000
 1.317500 0.000000 0.000000
 1.320000 0.000000 0.000000
 1.322500 0.000000 0.000000
 1.325000 0.000000 0.000000
 1.327500 0.000000 0.000000
 1.330000 0.000000 0.000000
 1.332500 0.000000 0.000000
 1.335000 0.000000 0.000000
 1.337500 0.000000 0.000000
 1.340000 0.000000 0.000000
 1.342500 0.000000 0.000000
 1.345000 0.000000 0.000000
 1.347500 0.000000 0.000000
 1.350000 0.000000 0.000000
 1.352500 0.000000 0.000000
 1.355000 0.000000 0.000000
 1.357500 0.000000 0.000000
 1.360000 0.000000 0.000000
 1.362500 0.000000 0.000000
 1.365000 0.000000 0.000000
 1.367500 0.000000 0.000000
 1.370000 0.000000 0.000000
 1.372500 0.000000 0.000000
 1.375000 0.000000 0.000000
 1.377500 0.000000 0.000000
 1.380000 0.000000 0.000000
 1.382500 0.000000 0.000000
 1.385000 0.000000 0.000000
 1.387500 0.000000 0.000000
 1.390000 0.000000 0.000000
 1.392500 0.000000 0.000000
 1.395000 0.000000 0.000000
 1.397500 0.000000 0.000000
 1.400000 0.000000 0.000000
 1.402500 0.000000 0.000000
 1.405000 0.000000 0.000000
 1.407500 0.000000 0.000000
 1.410000 0.000000 0.000000
 1.412500 0.000000 0.000000
 1.415000 0.000000 0.000000
 1.417500 0.000000 0.000000
 1.420000 0.000000 0.000000
 1.422500 0.000000 0.000000
 1.425000 0.000000 0.000000
 1.427500 0.000000 0.000000
 1.430000 0.000000 0.000000
 1.432500 0.000000 0.000000
 1.435000 0.000000 0.000000
 1.437500 0.000000 0.000000
 1.440000 0.000000 0.000000
 1.442500 0.000000 0.000000
 1.445000 0.000000 0.000000
 1.447500 0.000000 0.000000
 1.450000 0.000000 0.000000
 1.452500 0.000000 0.000000
 1.455000 0.000000 0.000000
 1.457500 0.000000 0.000000
 1.460000 0.000000 0.000000
 1.462500 0.000000 0.000000
 1.465000 0.000000 0.000000
 1.467500 0.000000 0.000000
 1.470000 0.000000 0.000000
 1.472500 0.000000 0.000000
 1.475000 0.000000 0.000000
 1.477500 0.000000 0.000000
 1.480000 0.000000 0.000000
 1.482500 0.000000 0.000000
 1.485000 0.000000 0.000000
 1.487500 0.000000 0.000000
 1.490000 0.000000 0.000000
 1.492500 0.000000 0.000000
 1.495000 0.000000 0.000000
 1.497500 0.000000 0.000000
 1.500000 0.000000 0.000000
 1.502500 0.000000 0.000000
 1.505000 0.000000 0.000000
 1.507500 0.000000 0.000000
 1.510000 0.000000 0.000000
 1.512500 0.000000 0.000000
 1.515000 0.000000 0.000000
 1.517500 0.000000 0.000000
 1.520000 0.000000 0.000000
 1.522500 0.000000 0.000000
 1.525000 0.000000 0.000000
 1.527500 0.000000 0.000000
 1.530000 0.000000 0.000000
 1.532500 0.000000 0.000000
 1.535000 0.000000 0.000000
 1.537500 0.000000 0.000000
 1.540000 0.000000 0.000000
 1.542500 0.000000 0.000000
 1.545000 0.000000 0.000000
 1.547500 0.000000 0.000000
 1.550000 0.000000 0.000000
 1.552500 0.000000 0.000000
 1.555000 0.000000 0.000000
 1.557500 0.000000 0.000000
 1.560000 0.000000 0.000000
 1.562500 0.000000 0.000000
 1.565000 0.000000 0.000000
 1.567500 0.000000 0.000000
 1.570000 0.000000 0.000000
 1.572500 0.000000 0.000000
 1.575000 0.000000 0.000000
 1.577500 0.000000 0.000000
 1.580000 0.000000 0.000000
 1.582500 0.000000 0.000000
 1.585000 0.000000 0.000000
 1.587500 0.000000 0.000000
 1.590000 0.000000 0.000000
 1.592500 0.000000 0.000000
 1.595000 0.000000 0.000000
 1.597500 0.000000 0.000000
 1.600000 0.000000 0.000000
 1.602500 0.000000 0.000000
 1.605000 0.000000 0.000000
 1.607500 0.000000 0.000000
 1.610000 0.000000 0.000000
 1.612500 0.000000 0.000000
 1.615000 0.000000 0.000000
 1.617500 0.000000 0.000000
 1.620000 0.000000 0.000000
 1.622500 0.000000 0.000000
 1.625000 0.000000 0.000000
 1.627500 0.000000 0.000000
 1.630000 0.000000 0.000000
 1.632500 0.000000 0.000000
 1.635000 0.000000 0.000000
 1.637500 0.000000 0.000000
 1.640000 0.000000 0.000000
 1.642500 0.000000 0.000000
 1.645000 0.000000 0.000000
 1.647500 0.000000 0.000000
 1.650000 0.000000 0.000000
 1.652500 0.000000 0.000000
 1.655000 0.000000 0.000000
 1.657500 0.000000 0.000000
 1.660000 0.000000 0.000000
 1.662500 0.000000 0.000000
 1.665000 0.000000 0.000000
 1.667500 0.000000 0.000000
 1.670000 0.000000 0.000000
 1.672500 0.000000 0.000000
 1.675000 0.000000 0.000000
 1.677500 0.000000 0.000000
 1.680000 0.000000 0.000000
 1.682500 0.000000 0.000000
 1.685000 0.000000 0.000000
 1.687500 0.000000 0.000000
 1.690000 0.000000 0.000000
 1.692500 0.000000 0.000000
 1.695000 0.000000 0.000000
 1.697500 0.000000 0.000000
 1.700000 0.000000 0.000000
 1.702500 0.000000 0.000000
 1.705000 0.000000 0.000000
 1.707500 0.000000 0.000000
 1.710000 0.000000 0.000000
 1.712500 0.000000 0.000000
 1.715000 0.000000 0.000000
 1.717500 0.000000 0.000000
 1.720000 0.000000 0.000000
 1.722500 0.000000 0.000000
 1.725000 0.000000 0.000000
 1.727500 0.000000 0.000000
 1.730000 0.000000 0.000000
 1.732500 0.000000 0.000000
 1.735000 0.000000 0.000000
 1.737500 0.000000 0.000000
 1.740000 0.000000 0.000000
 1.742500 0.000000 0.000000
 1.745000 0.000000 0.000000
 1.747500 0.000000 0.000000
 1.750000 0.000000 0.000000
 1.752500 0.000000 0.000000
 1.755000 0.000000 0.000000
 1.757500 0.000000 0.000000
 1.760000 0.000000 0.000000
 1.762500 0.000000 0.000000
 1.765000 0.000000 0.000000
 1.767500 0.000000 0.000000
 1.770000 0.000000 0.000000
 1.772500 0.000000 0.000000
 1.775000 0.000000 0.000000
 1.777500 0.000000 0.000000
 1.780000 0.000000 0.000000
 1.782500 0.000000 0.000000
 1.785000 0.000000 0.000000
 1.787500 0.000000 0.000000
 1.790000 0.000000 0.000000
 1.792500 0.000000 0.000000
 1.795000 0.000000 0.000000
 1.797500 0.000000 0.000000
 1.800000 0.000000 0.000000
 1.802500 0.000000 0.000000
 1.805000 0.000000 0.000000
 1.807500 0.000000 0.000000
 1.810000 0.000000 0.000000
 1.812500 0.000000 0.000000
 1.815000 0.000000 0.000000
 1.817500 0.000000 0.000000
 1.820000 0.000000 0.000000
 1.822500 0.000000 0.000000
 1.825000 0.000000 0.000000
 1.827500 0.000000 0.000000
 1.830000 0.000000 0.000000
 1.832500 0.000000 0.000000
 1.835000 0.000000 0.000000
 1.837500 0.000000 0.000000
 1.840000 0.000000 0.000000
 1.842500 0.000000 0.000000
 1.845000 0.000000 0.000000
 1.847500 0.000000 0.000000
 1.850000 0.000000 0.000000
 1.852500 0.000000 0.000000
 1.855000 0.000000 0.000000
 1.857500 0.000000 0.000000
 1.860000 0.000000 0.000000
 1.862500 0.000000 0.000000
 1.865000 0.000000 0.000000
 1.867500 0.000000 0.000000
 1.870000 0.000000 0.000000
 1.872500 0.000000 0.000000
 1.875000 0.000000 0.000000
 1.877500 0.000000 0.000000
 1.880000 0.000000 0.000000
 1.882500 0.000000 0.000000
 1.885000 0.000000 0.000000
 1.887500 0.000000 0.000000
 1.890000 0.000000 0.000000
 1.892500 0.000000 0.000000
 1.895000 0.000000 0.000000
 1.897500 0.000000 0.000000
 1.900000 0.000000 0.000000
 1.902500 0.000000 0.000000
 1.905000 0.000000 0.000000
 1.907500 0.000000 0.000000
 1.910000 0.000000 0.000000
 1.912500 0.000000 0.000000
 1.915000 0.000000 0.000000
 1.917500 0.000000 0.000000
 1.920000 0.000000 0.000000
 1.922500 0.000000 0.000000
 1.925000 0.000000 0.000000
 1.927500 0.000000 0.000000
 1.930000 0.000000 0.000000
 1.932500 0.000000 0.000000
 1.935000 0.000000 0.000000
 1.937500 0.000000 0.000000
 1.940000 0.000000 0.000000
 1.942500 0.000000 0.000000
 1.945000 0.000000 0.000000
 1.947500 0.000000 0.000000
 1.950000 0.000000 0.000000
 1.952500 0.000000 0.000000
 1.955000 0.000000 0.000000
 1.957500 0.000000 0.000000
 1.960000 0.000000 0.000000
 1.962500 0.000000 0.000000
 1.965000 0.000000 0.000000
 1.967500 0.000000 0.000000
 1.970000 0.000000 0.000000
 1.972500 0.000000 0.000000
 1.975000 0.000000 0.000000
 1.977500 0.000000 0.000000
 1.980000 0.000000 0.000000
 1.982500 0.000000 0.000000
 1.985000 0.000000 0.000000
 1.987500 0.000000 0.000000
 1.990000 0.000000 0.000000
 1.992500 0.000000 0.000000
 1.995000 0.000000 0.000000
 1.997500 0.000000 0.000000
 2.000000 0.000000 0.000000
