#! FIELDS es hh dhh_es
#! SET normalisation  2000.000000
#! SET min_es -0.5
#! SET max_es 2
#! SET nbins_es  1000
#! SET periodic_es false
 -0.500000 0.000000 0.000000
 -0.497500 0.000000 0.000000
 -0.495000 0.000000 0.000000
 -0.492500 0.000000 0.000000
 -0.490000 0.000000 0.000000
 -0.487500 0.000000 0.000000
 -0.485000 0.000000 0.000000
 -0.482500 0.000000 0.000000
 -0.480000 0.000000 0.000000
 -0.477500 0.000000 0.000000
 -0.475000 0.000000 0.000000
 -0.472500 0.000000 0.000000
 -0.470000 0.000000 0.000000
 -0.467500 0.000000 0.000000
 -0.465000 0.000000 0.000000
 -0.462500 0.000000 0.000000
 -0.460000 0.000000 0.000000
 -0.457500 0.000000 0.000000
 -0.455000 0.000000 0.000000
 -0.452500 0.000000 0.000000
 -0.450000 0.000000 0.000000
 -0.447500 0.000000 0.000000
 -0.445000 0.000000 0.000000
 -0.442500 0.000000 0.000000
 -0.440000 0.000000 0.000000
 -0.437500 0.000000 0.000000
 -0.435000 0.000000 0.000000
 -0.432500 0.000000 0.000000
 -0.430000 0.000000 0.000000
 -0.427500 0.000000 0.000000
 -0.425000 0.000000 0.000000
 -0.422500 0.000000 0.000000
 -0.420000 0.000000 0.000000
 -0.417500 0.000000 0.000000
 -0.415000 0.000000 0.000000
 -0.412500 0.000000 0.000000
 -0.410000 0.000000 0.000000
 -0.407500 0.000000 0.000000
 -0.405000 0.000000 0.000000
 -0.402500 0.000000 0.000000
 -0.400000 0.000000 0.000000
 -0.397500 0.000000 0.000000
 -0.395000 0.000000 0.000000
 -0.392500 0.000000 0.000000
 -0.390000 0.000000 0.000000
 -0.387500 0.000000 0.000000
 -0.385000 0.000000 0.000000
 -0.382500 0.000000 0.000000
 -0.380000 0.000000 0.000000
 -0.377500 0.000000 0.000000
 -0.375000 0.000000 0.000000
 -0.372500 0.000000 0.000000
 -0.370000 0.000000 0.000000
 -0.367500 0.000000 0.000000
 -0.365000 0.000000 0.000000
 -0.362500 0.000000 0.000000
 -0.360000 0.000000 0.000000
 -0.357500 0.000000 0.000000
 -0.355000 0.000000 0.000000
 -0.352500 0.000000 0.000000
 -0.350000 0.000000 0.000000
 -0.347500 0.000000 0.000000
 -0.345000 0.000000 0.000000
 -0.342500 0.000000 0.000000
 -0.340000 0.000000 0.000000
 -0.337500 0.000000 0.000000
 -0.335000 0.000000 0.000000
 -0.332500 0.000000 0.000000
 -0.330000 0.000000 0.000000
 -0.327500 0.000000 0.000000
 -0.325000 0.000000 0.000000
 -0.322500 0.000000 0.000000
 -0.320000 0.000000 0.000000
 -0.317500 0.000000 0.000000
 -0.315000 0.000000 0.000000
 -0.312500 0.000000 0.000000
 -0.310000 0.000000 0.000000
 -0.307500 0.000000 0.000000
 -0.305000 0.000000 0.000000
 -0.302500 0.000000 0.000000
 -0.300000 0.000000 0.000000
 -0.297500 0.000000 0.000000
 -0.295000 0.000000 0.000000
 -0.292500 0.000000 0.000000
 -0.290000 0.000000 0.000000
 -0.287500 0.000000 0.000000
 -0.285000 0.000000 0.000000
 -0.282500 0.000000 0.000000
 -0.280000 0.000000 0.000000
 -0.277500 0.000000 0.000000
 -0.275000 0.000000 0.000000
 -0.272500 0.000000 0.000000
 -0.270000 0.000000 0.000000
 -0.267500 0.000000 0.000000
 -0.265000 0.000000 0.000000
 -0.262500 0.000000 0.000000
 -0.260000 0.000000 0.000000
 -0.257500 0.000000 0.000000
 -0.255000 0.000000 0.000000
 -0.252500 0.000000 0.000000
 -0.250000 0.000000 0.000000
 -0.247500 0.000000 0.000000
 -0.245000 0.000000 0.000000
 -0.242500 0.000000 0.000000
 -0.240000 0.000000 0.000000
 -0.237500 0.000000 0.000000
 -0.235000 0.000000 0.000000
 -0.232500 0.000000 0.000000
 -0.230000 0.000000 0.000000
 -0.227500 0.000000 0.000000
 -0.225000 0.000000 0.000000
 -0.222500 0.000000 0.000000
 -0.220000 0.000000 0.000000
 -0.217500 0.000000 0.000000
 -0.215000 0.000000 0.000000
 -0.212500 0.000000 0.000000
 -0.210000 0.000000 0.000000
 -0.207500 0.000000 0.000000
 -0.205000 0.000000 0.000000
 -0.202500 0.000000 0.000000
 -0.200000 0.000000 0.000000
 -0.197500 0.000000 0.000000
 -0.195000 0.000000 0.000000
 -0.192500 0.000000 0.000000
 -0.190000 0.000000 0.000000
 -0.187500 0.000000 0.000000
 -0.185000 0.000000 0.000000
 -0.182500 0.000000 0.000000
 -0.180000 0.000000 0.000000
 -0.177500 0.000000 0.000000
 -0.175000 0.000000 0.000000
 -0.172500 0.000000 0.000000
 -0.170000 0.000000 0.000000
 -0.167500 0.000000 0.000000
 -0.165000 0.000000 0.000000
 -0.162500 0.000000 0.000000
 -0.160000 0.000000 0.000000
 -0.157500 0.000000 0.000000
 -0.155000 0.000000 0.000000
 -0.152500 0.000000 0.000000
 -0.150000 0.000000 0.000000
 -0.147500 0.000000 0.000000
 -0.145000 0.000000 0.000000
 -0.142500 0.000000 0.000000
 -0.140000 0.000000 0.000000
 -0.137500 0.000000 0.000000
 -0.135000 0.000000 0.000000
 -0.132500 0.000000 0.000000
 -0.130000 0.000000 0.000000
 -0.127500 0.000000 0.000000
 -0.125000 0.000000 0.000000
 -0.122500 0.000000 0.000000
 -0.120000 0.000000 0.000000
 -0.117500 0.000000 0.000000
 -0.115000 0.000000 0.000000
 -0.112500 0.000000 0.000000
 -0.110000 0.000000 0.000000
 -0.107500 0.000000 0.000000
 -0.105000 0.000000 0.000000
 -0.102500 0.000000 0.000000
 -0.100000 0.000000 0.000000
 -0.097500 0.000000 0.000000
 -0.095000 0.000000 0.000000
 -0.092500 0.000000 0.000000
 -0.090000 0.000000 0.000000
 -0.087500 0.000000 0.000000
 -0.085000 0.000000 0.000000
 -0.082500 0.000000 0.000000
 -0.080000 0.000000 0.000000
 -0.077500 0.000000 0.000000
 -0.075000 0.000000 0.000000
 -0.072500 0.000000 0.000000
 -0.070000 0.000000 0.000000
 -0.067500 0.000000 0.000000
 -0.065000 0.000000 0.000000
 -0.062500 0.000000 0.000000
 -0.060000 0.000000 0.000000
 -0.057500 0.000000 0.000000
 -0.055000 0.000000 0.000000
 -0.052500 0.000000 0.000000
 -0.050000 0.000000 0.000000
 -0.047500 0.000000 0.000000
 -0.045000 0.000000 0.000000
 -0.042500 0.000000 0.000000
 -0.040000 0.000000 0.000000
 -0.037500 0.000000 0.000000
 -0.035000 0.000000 0.000000
 -0.032500 0.000000 0.000000
 -0.030000 0.000000 0.000000
 -0.027500 0.000000 0.000000
 -0.025000 0.000000 0.000000
 -0.022500 0.000000 0.000000
 -0.020000 0.000000 0.000000
 -0.017500 0.000000 0.000000
 -0.015000 0.000000 0.000000
 -0.012500 0.000000 0.000000
 -0.010000 0.000000 0.000000
 -0.007500 0.000000 0.000000
 -0.005000 0.000000 0.000000
 -0.002500 0.000000 0.000000
 0.000000 0.000000 0.000000
 0.002500 0.000000 0.000022
 0.005000 0.000000 0.000053
 0.007500 0.000000 0.000117
 0.010000 0.000001 0.000241
 0.012500 0.000002 0.000466
 0.015000 0.000003 0.000837
 0.017500 0.000006 0.001400
 0.020000 0.000010 0.002175
 0.022500 0.000017 0.003129
 0.025000 0.000026 0.004151
 0.027500 0.000038 0.005044
 0.030000 0.000051 0.005558
 0.032500 0.000065 0.005450
 0.035000 0.000078 0.004575
 0.037500 0.000087 0.002959
 0.040000 0.000092 0.000822
 0.042500 0.000091 -0.001464
 0.045000 0.000085 -0.003486
 0.047500 0.000074 -0.004905
 0.050000 0.000061 -0.005555
 0.052500 0.000047 -0.005465
 0.055000 0.000034 -0.004817
 0.057500 0.000023 -0.003863
 0.060000 0.000015 -0.002844
 0.062500 0.000009 -0.001933
 0.065000 0.000005 -0.001218
 0.067500 0.000003 -0.000713
 0.070000 0.000001 -0.000389
 0.072500 0.000001 -0.000198
 0.075000 0.000000 -0.000074
 0.077500 0.000000 0.000006
 0.080000 0.000000 0.000107
 0.082500 0.000001 0.000223
 0.085000 0.000002 0.000434
 0.087500 0.000003 0.000786
 0.090000 0.000006 0.001326
 0.092500 0.000010 0.002077
 0.095000 0.000016 0.003015
 0.097500 0.000025 0.004051
 0.100000 0.000036 0.004992
 0.102500 0.000050 0.005606
 0.105000 0.000064 0.005669
 0.107500 0.000077 0.005052
 0.110000 0.000089 0.003824
 0.112500 0.000096 0.002221
 0.115000 0.000100 0.000659
 0.117500 0.000100 -0.000422
 0.120000 0.000098 -0.000703
 0.122500 0.000097 -0.000104
 0.125000 0.000098 0.001198
 0.127500 0.000103 0.002810
 0.130000 0.000112 0.004274
 0.132500 0.000124 0.005207
 0.135000 0.000138 0.005495
 0.137500 0.000152 0.005179
 0.140000 0.000164 0.004598
 0.142500 0.000175 0.004251
 0.145000 0.000186 0.004672
 0.147500 0.000199 0.006367
 0.150000 0.000219 0.009638
 0.152500 0.000249 0.014469
 0.155000 0.000292 0.020363
 0.157500 0.000351 0.026437
 0.160000 0.000423 0.031435
 0.162500 0.000506 0.034084
 0.165000 0.000591 0.033431
 0.167500 0.000670 0.029220
 0.170000 0.000735 0.022100
 0.172500 0.000780 0.013543
 0.175000 0.000803 0.005725
 0.177500 0.000811 0.000747
 0.180000 0.000811 0.000319
 0.182500 0.000817 0.004985
 0.185000 0.000840 0.013969
 0.187500 0.000889 0.025382
 0.190000 0.000966 0.036649
 0.192500 0.001070 0.045332
 0.195000 0.001189 0.049564
 0.197500 0.001313 0.048701
 0.200000 0.001429 0.043186
 0.202500 0.001526 0.034248
 0.205000 0.001599 0.023680
 0.207500 0.001645 0.013170
 0.210000 0.001666 0.004181
 0.212500 0.001668 -0.002132
 0.215000 0.001658 -0.005123
 0.217500 0.001646 -0.004338
 0.220000 0.001640 0.000433
 0.222500 0.001651 0.008953
 0.225000 0.001688 0.020521
 0.227500 0.001756 0.034119
 0.230000 0.001859 0.048263
 0.232500 0.001997 0.061688
 0.235000 0.002166 0.073446
 0.237500 0.002363 0.083290
 0.240000 0.002581 0.091224
 0.242500 0.002817 0.097365
 0.245000 0.003066 0.101611
 0.247500 0.003322 0.103052
 0.250000 0.003578 0.100790
 0.252500 0.003824 0.094745
 0.255000 0.004050 0.085453
 0.257500 0.004250 0.074596
 0.260000 0.004424 0.064410
 0.262500 0.004575 0.056844
 0.265000 0.004712 0.053251
 0.267500 0.004845 0.054078
 0.270000 0.004986 0.059110
 0.272500 0.005144 0.068116
 0.275000 0.005330 0.081137
 0.277500 0.005553 0.097706
 0.280000 0.005820 0.116081
 0.282500 0.006133 0.133907
 0.285000 0.006486 0.147136
 0.287500 0.006862 0.152270
 0.290000 0.007240 0.147775
 0.292500 0.007595 0.134834
 0.295000 0.007911 0.117705
 0.297500 0.008185 0.102630
 0.300000 0.008431 0.095607
 0.302500 0.008674 0.100566
 0.305000 0.008946 0.118560
 0.307500 0.009276 0.147115
 0.310000 0.009688 0.182621
 0.312500 0.010193 0.221115
 0.315000 0.010794 0.259435
 0.317500 0.011489 0.295512
 0.320000 0.012270 0.328353
 0.322500 0.013128 0.356727
 0.325000 0.014051 0.380009
 0.327500 0.015026 0.398351
 0.330000 0.016040 0.412235
 0.332500 0.017086 0.424066
 0.335000 0.018162 0.436530
 0.337500 0.019272 0.451993
 0.340000 0.020426 0.471226
 0.342500 0.021632 0.492825
 0.345000 0.022891 0.514079
 0.347500 0.024200 0.531619
 0.350000 0.025546 0.543891
 0.352500 0.026917 0.550911
 0.355000 0.028299 0.553707
 0.357500 0.029684 0.553116
 0.360000 0.031064 0.549317
 0.362500 0.032428 0.540420
 0.365000 0.033762 0.524818
 0.367500 0.035050 0.504268
 0.370000 0.036284 0.483082
 0.372500 0.037473 0.470027
 0.375000 0.038650 0.475300
 0.377500 0.039872 0.506090
 0.380000 0.041205 0.563196
 0.382500 0.042707 0.640547
 0.385000 0.044416 0.725631
 0.387500 0.046331 0.803986
 0.390000 0.048420 0.862699
 0.392500 0.050623 0.894666
 0.395000 0.052875 0.902156
 0.397500 0.055124 0.894452
 0.400000 0.057349 0.885607
 0.402500 0.059567 0.891823
 0.405000 0.061831 0.924012
 0.407500 0.064214 0.986283
 0.410000 0.066786 1.075241
 0.412500 0.069606 1.182333
 0.415000 0.072703 1.294970
 0.417500 0.076079 1.402297
 0.420000 0.079706 1.494913
 0.422500 0.083537 1.564744
 0.425000 0.087508 1.605743
 0.427500 0.091544 1.615772
 0.430000 0.095566 1.597500
 0.432500 0.099516 1.558996
 0.435000 0.103360 1.515525
 0.437500 0.107108 1.485543
 0.440000 0.110816 1.486053
 0.442500 0.114576 1.527310
 0.445000 0.118492 1.611734
 0.447500 0.122668 1.732773
 0.450000 0.127183 1.879829
 0.452500 0.132083 2.040518
 0.455000 0.137390 2.204125
 0.457500 0.143103 2.363561
 0.460000 0.149201 2.512980
 0.462500 0.155657 2.647413
 0.465000 0.162424 2.759334
 0.467500 0.169432 2.839822
 0.470000 0.176592 2.879343
 0.472500 0.183793 2.873581
 0.475000 0.190922 2.824690
 0.477500 0.197892 2.745759
 0.480000 0.204648 2.659298
 0.482500 0.211209 2.591893
 0.485000 0.217651 2.569168
 0.487500 0.224109 2.606847
 0.490000 0.230742 2.709376
 0.492500 0.237703 2.866619
 0.495000 0.245110 3.062152
 0.497500 0.253030 3.274216
 0.500000 0.261484 3.485680
 0.502500 0.270452 3.684206
 0.505000 0.279895 3.865663
 0.507500 0.289767 4.027292
 0.510000 0.300017 4.169588
 0.512500 0.310596 4.291150
 0.515000 0.321458 4.395261
 0.517500 0.332565 4.490237
 0.520000 0.343913 4.589117
 0.522500 0.355528 4.707583
 0.525000 0.367480 4.858567
 0.527500 0.379852 5.043352
 0.530000 0.392715 5.247732
 0.532500 0.406093 5.450255
 0.535000 0.419949 5.627645
 0.537500 0.434203 5.765145
 0.540000 0.448753 5.868613
 0.542500 0.463534 5.957231
 0.545000 0.478549 6.059172
 0.547500 0.493867 6.204090
 0.550000 0.509621 6.407704
 0.552500 0.525961 6.670863
 0.555000 0.543021 6.982365
 0.557500 0.560896 7.318631
 0.560000 0.579616 7.657523
 0.562500 0.599164 7.978300
 0.565000 0.619479 8.266949
 0.567500 0.640465 8.513973
 0.570000 0.662020 8.721858
 0.572500 0.684055 8.901079
 0.575000 0.706516 9.066069
 0.577500 0.729391 9.235862
 0.580000 0.752702 9.419069
 0.582500 0.776496 9.620524
 0.585000 0.800810 9.834379
 0.587500 0.825671 10.054790
 0.590000 0.851094 10.285397
 0.592500 0.877117 10.539017
 0.595000 0.903819 10.830823
 0.597500 0.931296 11.164410
 0.600000 0.959662 11.530678
 0.602500 0.988952 11.901063
 0.605000 1.019132 12.238194
 0.607500 1.050077 12.505021
 0.610000 1.081584 12.691198
 0.612500 1.113455 12.800405
 0.615000 1.145531 12.859572
 0.617500 1.177729 12.904447
 0.620000 1.210056 12.968473
 0.622500 1.242599 13.079414
 0.625000 1.275506 13.263810
 0.627500 1.308978 13.535201
 0.630000 1.343240 13.897692
 0.632500 1.378523 14.352089
 0.635000 1.415040 14.881685
 0.637500 1.452966 15.469448
 0.640000 1.492407 16.096317
 0.642500 1.533443 16.746547
 0.645000 1.576117 17.402154
 0.647500 1.620417 18.045964
 0.650000 1.666281 18.651168
 0.652500 1.713571 19.179772
 0.655000 1.762047 19.595589
 0.657500 1.811388 19.863009
 0.660000 1.861201 19.976618
 0.662500 1.911109 19.947353
 0.665000 1.960804 19.812479
 0.667500 2.010086 19.629583
 0.670000 2.058919 19.462817
 0.672500 2.107417 19.372714
 0.675000 2.155830 19.392709
 0.677500 2.204447 19.547713
 0.680000 2.253605 19.821017
 0.682500 2.303578 20.192551
 0.685000 2.354556 20.620506
 0.687500 2.406628 21.065063
 0.690000 2.459791 21.486343
 0.692500 2.513943 21.857830
 0.695000 2.568932 22.155793
 0.697500 2.624560 22.370504
 0.700000 2.680615 22.493313
 0.702500 2.736864 22.534091
 0.705000 2.793108 22.495328
 0.707500 2.849166 22.383607
 0.710000 2.904861 22.209718
 0.712500 2.960044 21.975287
 0.715000 3.014574 21.703677
 0.717500 3.068417 21.420699
 0.720000 3.121581 21.173433
 0.722500 3.174213 21.007360
 0.725000 3.226544 20.942158
 0.727500 3.278851 20.975898
 0.730000 3.331311 21.063420
 0.732500 3.383980 21.129759
 0.735000 3.436703 21.101323
 0.737500 3.489184 20.932212
 0.740000 3.541037 20.607491
 0.742500 3.591899 20.148391
 0.745000 3.641494 19.600315
 0.747500 3.689655 19.012399
 0.750000 3.736329 18.421532
 0.752500 3.781526 17.835642
 0.755000 3.825265 17.259312
 0.757500 3.867570 16.679145
 0.760000 3.908394 16.088396
 0.762500 3.947706 15.467958
 0.765000 3.985418 14.807455
 0.767500 4.021421 14.102253
 0.770000 4.055601 13.350457
 0.772500 4.087842 12.556265
 0.775000 4.118033 11.725694
 0.777500 4.146094 10.858581
 0.780000 4.171949 9.958412
 0.782500 4.195503 9.020527
 0.785000 4.216664 8.046185
 0.787500 4.235315 7.018739
 0.790000 4.251308 5.914467
 0.792500 4.264430 4.721238
 0.795000 4.274437 3.437757
 0.797500 4.281128 2.072845
 0.800000 4.284345 0.674902
 0.802500 4.284103 -0.692758
 0.805000 4.280529 -1.955565
 0.807500 4.273963 -3.079740
 0.810000 4.264770 -4.065374
 0.812500 4.253240 -4.964688
 0.815000 4.239447 -5.880513
 0.817500 4.223214 -6.938944
 0.820000 4.204030 -8.254237
 0.822500 4.181172 -9.879392
 0.825000 4.153866 -11.801323
 0.827500 4.121454 -13.927797
 0.830000 4.083614 -16.121934
 0.832500 4.040377 -18.220047
 0.835000 3.992159 -20.076827
 0.837500 3.939682 -21.618315
 0.840000 3.883758 -22.836517
 0.842500 3.825128 -23.799219
 0.845000 3.764284 -24.626972
 0.847500 3.701393 -25.460483
 0.850000 3.636277 -26.418088
 0.852500 3.568536 -27.569255
 0.855000 3.497670 -28.912320
 0.857500 3.423249 -30.385197
 0.860000 3.345082 -31.903884
 0.862500 3.263161 -33.367426
 0.865000 3.177713 -34.716626
 0.867500 3.089059 -35.929001
 0.870000 2.997532 -37.020889
 0.872500 2.903406 -38.013588
 0.875000 2.806908 -38.920082
 0.877500 2.708269 -39.727703
 0.880000 2.607762 -40.402414
 0.882500 2.505777 -40.915643
 0.885000 2.402746 -41.238311
 0.887500 2.299141 -41.377410
 0.890000 2.195390 -41.361349
 0.892500 2.091832 -41.241777
 0.895000 1.988651 -41.055135
 0.897500 1.885988 -40.843307
 0.900000 1.783884 -40.609286
 0.902500 1.682408 -40.343017
 0.905000 1.581677 -40.020037
 0.907500 1.481869 -39.600549
 0.910000 1.383265 -39.058788
 0.912500 1.286191 -38.370952
 0.915000 1.191040 -37.533299
 0.917500 1.098186 -36.540163
 0.920000 1.008010 -35.393120
 0.922500 0.920900 -34.099154
 0.925000 0.837221 -32.657714
 0.927500 0.757337 -31.072441
 0.930000 0.681594 -29.352037
 0.932500 0.610299 -27.520154
 0.935000 0.543699 -25.617973
 0.937500 0.481907 -23.688222
 0.940000 0.424927 -21.782721
 0.942500 0.372643 -19.944964
 0.945000 0.324844 -18.201213
 0.947500 0.281285 -16.563558
 0.950000 0.241705 -15.022857
 0.952500 0.205880 -13.563899
 0.955000 0.173625 -12.169284
 0.957500 0.144797 -10.828827
 0.960000 0.119265 -9.539211
 0.962500 0.096899 -8.302994
 0.965000 0.077557 -7.130056
 0.967500 0.061062 -6.027516
 0.970000 0.047228 -5.009276
 0.972500 0.035835 -4.085039
 0.975000 0.026632 -3.260975
 0.977500 0.019362 -2.544533
 0.980000 0.013751 -1.936472
 0.982500 0.009529 -1.435934
 0.985000 0.006435 -1.035756
 0.987500 0.004228 -0.725672
 0.990000 0.002702 -0.494100
 0.992500 0.001675 -0.325539
 0.995000 0.001006 -0.207694
 0.997500 0.000585 -0.127952
 1.000000 0.000328 -0.075815
 1.002500 0.000177 -0.043183
 1.005000 0.000091 -0.023527
 1.007500 0.000045 -0.012204
 1.010000 0.000021 -0.006119
 1.012500 0.000010 -0.002856
 1.015000 0.000004 -0.001195
 1.017500 0.000002 -0.000540
 1.020000 0.000000 -0.000144
 1.022500 0.000000 -0.000066
 1.025000 0.000000 0.000000
 1.027500 0.000000 0.000000
 1.030000 0.000000 0.000000
 1.032500 0.000000 0.000000
 1.035000 0.000000 0.000000
 1.037500 0.000000 0.000000
 1.040000 0.000000 0.000000
 1.042500 0.000000 0.000000
 1.045000 0.000000 0.000000
 1.047500 0.000000 0.000000
 1.050000 0.000000 0.000000
 1.052500 0.000000 0.000000
 1.055000 0.000000 0.000000
 1.057500 0.000000 0.000000
 1.060000 0.000000 0.000000
 1.062500 0.000000 0.000000
 1.065000 0.000000 0.000000
 1.067500 0.000000 0.000000
 1.070000 0.000000 0.000000
 1.072500 0.000000 0.000000
 1.075000 0.000000 0.000000
 1.077500 0.000000 0.000000
 1.080000 0.000000 0.000000
 1.082500 0.000000 0.000000
 1.085000 0.000000 0.000000
 1.087500 0.000000 0.000000
 1.090000 0.000000 0.000000
 1.092500 0.000000 0.000000
 1.095000 0.000000 0.000000
 1.097500 0.000000 0.000000
 1.100000 0.000000 0.000000
 1.102500 0.000000 0.000000
 1.105000 0.000000 0.000000
 1.107500 0.000000 0.000000
 1.110000 0.000000 0.000000
 1.112500 0.000000 0.000000
 1.115000 0.000000 0.000000
 1.117500 0.000000 0.000000
 1.120000 0.000000 0.000000
 1.122500 0.000000 0.000000
 1.125000 0.000000 0.000000
 1.127500 0.000000 0.000000
 1.130000 0.000000 0.000000
 1.132500 0.000000 0.000000
 1.135000 0.000000 0.000000
 1.137500 0.000000 0.000000
 1.140000 0.000000 0.000000
 1.142500 0.000000 0.000000
 1.145000 0.000000 0.000000
 1.147500 0.000000 0.000000
 1.150000 0.000000 0.000000
 1.152500 0.000000 0.000000
 1.155000 0.000000 0.000000
 1.157500 0.000000 0.000000
 1.160000 0.000000 0.000000
 1.162500 0.000000 0.000000
 1.165000 0.000000 0.000000
 1.167500 0.000000 0.000000
 1.170000 0.000000 0.000000
 1.172500 0.000000 0.000000
 1.175000 0.000000 0.000000
 1.177500 0.000000 0.000000
 1.180000 0.000000 0.000000
 1.182500 0.000000 0.000000
 1.185000 0.000000 0.000000
 1.187500 0.000000 0.000000
 1.190000 0.000000 0.000000
 1.192500 0.000000 0.000000
 1.195000 0.000000 0.000000
 1.197500 0.000000 0.000000
 1.200000 0.000000 0.000000
 1.202500 0.000000 0.000000
 1.205000 0.000000 0.000000
 1.207500 0.000000 0.000000
 1.210000 0.000000 0.000000
 1.212500 0.000000 0.000000
 1.215000 0.000000 0.000000
 1.217500 0.000000 0.000000
 1.220000 0.000000 0.000000
 1.222500 0.000000 0.000000
 1.225000 0.000000 0.000000
 1.227500 0.000000 0.000000
 1.230000 0.000000 0.000000
 1.232500 0.000000 0.000000
 1.235000 0.000000 0.000000
 1.237500 0.000000 0.000000
 1.240000 0.000000 0.000000
 1.242500 0.000000 0.000000
 1.245000 0.000000 0.000000
 1.247500 0.000000 0.000000
 1.250000 0.000000 0.000000
 1.252500 0.000000 0.000000
 1.255000 0.000000 0.000000
 1.257500 0.000000 0.000000
 1.260000 0.000000 0.000000
 1.262500 0.000000 0.000000
 1.265000 0.000000 0.000000
 1.267500 0.000000 0.000000
 1.270000 0.000000 0.000000
 1.272500 0.000000 0.000000
 1.275000 0.000000 0.000000
 1.277500 0.000000 0.000000
 1.280000 0.000000 0.000000
 1.282500 0.000000 0.000000
 1.285000 0.000000 0.000000
 1.287500 0.000000 0.000000
 1.290000 0.000000 0.000000
 1.292500 0.000000 0.000000
 1.295000 0.000000 0.000000
 1.297500 0.000000 0.000000
 1.300000 0.000000 0.000000
 1.302500 0.000000 0.000000
 1.305000 0.000000 0.000000
 1.307500 0.000000 0.000000
 1.310000 0.000000 0.000000
 1.312500 0.000000 0.000000
 1.315000 0.000000 0.000000
 1.317500 0.000000 0.000000
 1.320000 0.000000 0.000000
 1.322500 0.000000 0.000000
 1.325000 0.000000 0.000000
 1.327500 0.000000 0.000000
 1.330000 0.000000 0.000000
 1.332500 0.000000 0.000000
 1.335000 0.000000 0.000000
 1.337500 0.000000 0.000000
 1.340000 0.000000 0.000000
 1.342500 0.000000 0.000000
 1.345000 0.000000 0.000000
 1.347500 0.000000 0.000000
 1.350000 0.000000 0.000000
 1.352500 0.000000 0.000000
 1.355000 0.000000 0.000000
 1.357500 0.000000 0.000000
 1.360000 0.000000 0.000000
 1.362500 0.000000 0.000000
 1.365000 0.000000 0.000000
 1.367500 0.000000 0.000000
 1.370000 0.000000 0.000000
 1.372500 0.000000 0.000000
 1.375000 0.000000 0.000000
 1.377500 0.000000 0.000000
 1.380000 0.000000 0.000000
 1.382500 0.000000 0.000000
 1.385000 0.000000 0.000000
 1.387500 0.000000 0.000000
 1.390000 0.000000 0.000000
 1.392500 0.000000 0.000000
 1.395000 0.000000 0.000000
 1.397500 0.000000 0.000000
 1.400000 0.000000 0.000000
 1.402500 0.000000 0.000000
 1.405000 0.000000 0.000000
 1.407500 0.000000 0.000000
 1.410000 0.000000 0.000000
 1.412500 0.000000 0.000000
 1.415000 0.000000 0.000000
 1.417500 0.000000 0.000000
 1.420000 0.000000 0.000000
 1.422500 0.000000 0.000000
 1.425000 0.000000 0.000000
 1.427500 0.000000 0.000000
 1.430000 0.000000 0.000000
 1.432500 0.000000 0.000000
 1.435000 0.000000 0.000000
 1.437500 0.000000 0.000000
 1.440000 0.000000 0.000000
 1.442500 0.000000 0.000000
 1.445000 0.000000 0.000000
 1.447500 0.000000 0.000000
 1.450000 0.000000 0.000000
 1.452500 0.000000 0.000000
 1.455000 0.000000 0.000000
 1.457500 0.000000 0.000000
 1.460000 0.000000 0.000000
 1.462500 0.000000 0.000000
 1.465000 0.000000 0.000000
 1.467500 0.000000 0.000000
 1.470000 0.000000 0.000000
 1.472500 0.000000 0.000000
 1.475000 0.000000 0.000000
 1.477500 0.000000 0.000000
 1.480000 0.000000 0.000000
 1.482500 0.000000 0.000000
 1.485000 0.000000 0.000000
 1.487500 0.000000 0.000000
 1.490000 0.000000 0.000000
 1.492500 0.000000 0.000000
 1.495000 0.000000 0.000000
 1.497500 0.000000 0.000000
 1.500000 0.000000 0.000000
 1.502500 0.000000 0.000000
 1.505000 0.000000 0.000000
 1.507500 0.000000 0.000000
 1.510000 0.000000 0.000000
 1.512500 0.000000 0.000000
 1.515000 0.000000 0.000000
 1.517500 0.000000 0.000000
 1.520000 0.000000 0.000000
 1.522500 0.000000 0.000000
 1.525000 0.000000 0.000000
 1.527500 0.000000 0.000000
 1.530000 0.000000 0.000000
 1.532500 0.000000 0.000000
 1.535000 0.000000 0.000000
 1.537500 0.000000 0.000000
 1.540000 0.000000 0.000000
 1.542500 0.000000 0.000000
 1.545000 0.000000 0.000000
 1.547500 0.000000 0.000000
 1.550000 0.000000 0.000000
 1.552500 0.000000 0.000000
 1.555000 0.000000 0.000000
 1.557500 0.000000 0.000000
 1.560000 0.000000 0.000000
 1.562500 0.000000 0.000000
 1.565000 0.000000 0.000000
 1.567500 0.000000 0.000000
 1.570000 0.000000 0.000000
 1.572500 0.000000 0.000000
 1.575000 0.000000 0.000000
 1.577500 0.000000 0.000000
 1.580000 0.000000 0.000000
 1.582500 0.000000 0.000000
 1.585000 0.000000 0.000000
 1.587500 0.000000 0.000000
 1.590000 0.000000 0.000000
 1.592500 0.000000 0.000000
 1.595000 0.000000 0.000000
 1.597500 0.000000 0.000000
 1.600000 0.000000 0.000000
 1.602500 0.000000 0.000000
 1.605000 0.000000 0.000000
 1.607500 0.000000 0.000000
 1.610000 0.000000 0.000000
 1.612500 0.000000 0.000000
 1.615000 0.000000 0.000000
 1.617500 0.000000 0.000000
 1.620000 0.000000 0.000000
 1.622500 0.000000 0.000000
 1.625000 0.000000 0.000000
 1.627500 0.000000 0.000000
 1.630000 0.000000 0.000000
 1.632500 0.000000 0.000000
 1.635000 0.000000 0.000000
 1.637500 0.000000 0.000000
 1.640000 0.000000 0.000000
 1.642500 0.000000 0.000000
 1.645000 0.000000 0.000000
 1.647500 0.000000 0.000000
 1.650000 0.000000 0.000000
 1.652500 0.000000 0.000000
 1.655000 0.000000 0.000000
 1.657500 0.000000 0.000000
 1.660000 0.000000 0.000000
 1.662500 0.000000 0.000000
 1.665000 0.000000 0.000000
 1.667500 0.000000 0.000000
 1.670000 0.000000 0.000000
 1.672500 0.000000 0.000000
 1.675000 0.000000 0.000000
 1.677500 0.000000 0.000000
 1.680000 0.000000 0.000000
 1.682500 0.000000 0.000000
 1.685000 0.000000 0.000000
 1.687500 0.000000 0.000000
 1.690000 0.000000 0.000000
 1.692500 0.000000 0.000000
 1.695000 0.000000 0.000000
 1.697500 0.000000 0.000000
 1.700000 0.000000 0.000000
 1.702500 0.000000 0.000000
 1.705000 0.000000 0.000000
 1.707500 0.000000 0.000000
 1.710000 0.000000 0.000000
 1.712500 0.000000 0.000000
 1.715000 0.000000 0.000000
 1.717500 0.000000 0.000000
 1.720000 0.000000 0.000000
 1.722500 0.000000 0.000000
 1.725000 0.000000 0.000000
 1.727500 0.000000 0.000000
 1.730000 0.000000 0.000000
 1.732500 0.000000 0.000000
 1.735000 0.000000 0.000000
 1.737500 0.000000 0.000000
 1.740000 0.000000 0.000000
 1.742500 0.000000 0.000000
 1.745000 0.000000 0.000000
 1.747500 0.000000 0.000000
 1.750000 0.000000 0.000000
 1.752500 0.000000 0.000000
 1.755000 0.000000 0.000000
 1.757500 0.000000 0.000000
 1.760000 0.000000 0.000000
 1.762500 0.000000 0.000000
 1.765000 0.000000 0.000000
 1.767500 0.000000 0.000000
 1.770000 0.000000 0.000000
 1.772500 0.000000 0.000000
 1.775000 0.000000 0.000000
 1.777500 0.000000 0.000000
 1.780000 0.000000 0.000000
 1.782500 0.000000 0.000000
 1.785000 0.000000 0.000000
 1.787500 0.000000 0.000000
 1.790000 0.000000 0.000000
 1.792500 0.000000 0.000000
 1.795000 0.000000 0.000000
 1.797500 0.000000 0.000000
 1.800000 0.000000 0.000000
 1.802500 0.000000 0.000000
 1.805000 0.000000 0.000000
 1.807500 0.000000 0.000000
 1.810000 0.000000 0.000000
 1.812500 0.000000 0.000000
 1.815000 0.000000 0.000000
 1.817500 0.000000 0.000000
 1.820000 0.000000 0.000000
 1.822500 0.000000 0.000000
 1.825000 0.000000 0.000000
 1.827500 0.000000 0.000000
 1.830000 0.000000 0.000000
 1.832500 0.000000 0.000000
 1.835000 0.000000 0.000000
 1.837500 0.000000 0.000000
 1.840000 0.000000 0.000000
 1.842500 0.000000 0.000000
 1.845000 0.000000 0.000000
 1.847500 0.000000 0.000000
 1.850000 0.000000 0.000000
 1.852500 0.000000 0.000000
 1.855000 0.000000 0.000000
 1.857500 0.000000 0.000000
 1.860000 0.000000 0.000000
 1.862500 0.000000 0.000000
 1.865000 0.000000 0.000000
 1.867500 0.000000 0.000000
 1.870000 0.000000 0.000000
 1.872500 0.000000 0.000000
 1.875000 0.000000 0.000000
 1.877500 0.000000 0.000000
 1.880000 0.000000 0.000000
 1.882500 0.000000 0.000000
 1.885000 0.000000 0.000000
 1.887500 0.000000 0.000000
 1.890000 0.000000 0.000000
 1.892500 0.000000 0.000000
 1.895000 0.000000 0.000000
 1.897500 0.000000 0.000000
 1.900000 0.000000 0.000000
 1.902500 0.000000 0.000000
 1.905000 0.000000 0.000000
 1.907500 0.000000 0.000000
 1.910000 0.000000 0.000000
 1.912500 0.000000 0.000000
 1.915000 0.000000 0.000000
 1.917500 0.000000 0.000000
 1.920000 0.000000 0.000000
 1.922500 0.000000 0.000000
 1.925000 0.000000 0.000000
 1.927500 0.000000 0.000000
 1.930000 0.000000 0.000000
 1.932500 0.000000 0.000000
 1.935000 0.000000 0.000000
 1.937500 0.000000 0.000000
 1.940000 0.000000 0.000000
 1.942500 0.000000 0.000000
 1.945000 0.000000 0.000000
 1.947500 0.000000 0.000000
 1.950000 0.000000 0.000000
 1.952500 0.000000 0.000000
 1.955000 0.000000 0.000000
 1.957500 0.000000 0.000000
 1.960000 0.000000 0.000000
 1.962500 0.000000 0.000000
 1.965000 0.000000 0.000000
 1.967500 0.000000 0.000000
 1.970000 0.000000 0.000000
 1.972500 0.000000 0.000000
 1.975000 0.000000 0.000000
 1.977500 0.000000 0.000000
 1.980000 0.000000 0.000000
 1.982500 0.000000 0.000000
 1.985000 0.000000 0.000000
 1.987500 0.000000 0.000000
 1.990000 0.000000 0.000000
 1.992500 0.000000 0.000000
 1.995000 0.000000 0.000000
 1.997500 0.000000 0.000000
 2.000000 0.000000 0.000000
