#! FIELDS es hh dhh_es
#! SET normalisation  2000.000000
#! SET min_es -0.5
#! SET max_es 2
#! SET nbins_es  1000
#! SET periodic_es false
 -0.500000 0.000000 0.000000
 -0.497500 0.000000 0.000000
 -0.495000 0.000000 0.000000
 -0.492500 0.000000 0.000000
 -0.490000 0.000000 0.000000
 -0.487500 0.000000 0.000000
 -0.485000 0.000000 0.000000
 -0.482500 0.000000 0.000000
 -0.480000 0.000000 0.000000
 -0.477500 0.000000 0.000000
 -0.475000 0.000000 0.000000
 -0.472500 0.000000 0.000000
 -0.470000 0.000000 0.000000
 -0.467500 0.000000 0.000000
 -0.465000 0.000000 0.000000
 -0.462500 0.000000 0.000000
 -0.460000 0.000000 0.000000
 -0.457500 0.000000 0.000000
 -0.455000 0.000000 0.000000
 -0.452500 0.000000 0.000000
 -0.450000 0.000000 0.000000
 -0.447500 0.000000 0.000000
 -0.445000 0.000000 0.000000
 -0.442500 0.000000 0.000000
 -0.440000 0.000000 0.000000
 -0.437500 0.000000 0.000000
 -0.435000 0.000000 0.000000
 -0.432500 0.000000 0.000000
 -0.430000 0.000000 0.000000
 -0.427500 0.000000 0.000000
 -0.425000 0.000000 0.000000
 -0.422500 0.000000 0.000000
 -0.420000 0.000000 0.000000
 -0.417500 0.000000 0.000000
 -0.415000 0.000000 0.000000
 -0.412500 0.000000 0.000000
 -0.410000 0.000000 0.000000
 -0.407500 0.000000 0.000000
 -0.405000 0.000000 0.000000
 -0.402500 0.000000 0.000000
 -0.400000 0.000000 0.000000
 -0.397500 0.000000 0.000000
 -0.395000 0.000000 0.000000
 -0.392500 0.000000 0.000000
 -0.390000 0.000000 0.000000
 -0.387500 0.000000 0.000000
 -0.385000 0.000000 0.000000
 -0.382500 0.000000 0.000000
 -0.380000 0.000000 0.000000
 -0.377500 0.000000 0.000000
 -0.375000 0.000000 0.000000
 -0.372500 0.000000 0.000000
 -0.370000 0.000000 0.000000
 -0.367500 0.000000 0.000000
 -0.365000 0.000000 0.000000
 -0.362500 0.000000 0.000000
 -0.360000 0.000000 0.000000
 -0.357500 0.000000 0.000000
 -0.355000 0.000000 0.000000
 -0.352500 0.000000 0.000000
 -0.350000 0.000000 0.000000
 -0.347500 0.000000 0.000000
 -0.345000 0.000000 0.000000
 -0.342500 0.000000 0.000000
 -0.340000 0.000000 0.000000
 -0.337500 0.000000 0.000000
 -0.335000 0.000000 0.000000
 -0.332500 0.000000 0.000000
 -0.330000 0.000000 0.000000
 -0.327500 0.000000 0.000000
 -0.325000 0.000000 0.000000
 -0.322500 0.000000 0.000000
 -0.320000 0.000000 0.000000
 -0.317500 0.000000 0.000000
 -0.315000 0.000000 0.000000
 -0.312500 0.000000 0.000000
 -0.310000 0.000000 0.000000
 -0.307500 0.000000 0.000000
 -0.305000 0.000000 0.000000
 -0.302500 0.000000 0.000000
 -0.300000 0.000000 0.000000
 -0.297500 0.000000 0.000000
 -0.295000 0.000000 0.000000
 -0.292500 0.000000 0.000000
 -0.290000 0.000000 0.000000
 -0.287500 0.000000 0.000000
 -0.285000 0.000000 0.000000
 -0.282500 0.000000 0.000000
 -0.280000 0.000000 0.000000
 -0.277500 0.000000 0.000000
 -0.275000 0.000000 0.000000
 -0.272500 0.000000 0.000000
 -0.270000 0.000000 0.000000
 -0.267500 0.000000 0.000000
 -0.265000 0.000000 0.000000
 -0.262500 0.000000 0.000000
 -0.260000 0.000000 0.000000
 -0.257500 0.000000 0.000000
 -0.255000 0.000000 0.000000
 -0.252500 0.000000 0.000000
 -0.250000 0.000000 0.000000
 -0.247500 0.000000 0.000000
 -0.245000 0.000000 0.000000
 -0.242500 0.000000 0.000000
 -0.240000 0.000000 0.000000
 -0.237500 0.000000 0.000000
 -0.235000 0.000000 0.000000
 -0.232500 0.000000 0.000000
 -0.230000 0.000000 0.000000
 -0.227500 0.000000 0.000000
 -0.225000 0.000000 0.000000
 -0.222500 0.000000 0.000000
 -0.220000 0.000000 0.000000
 -0.217500 0.000000 0.000000
 -0.215000 0.000000 0.000000
 -0.212500 0.000000 0.000000
 -0.210000 0.000000 0.000000
 -0.207500 0.000000 0.000000
 -0.205000 0.000000 0.000000
 -0.202500 0.000000 0.000000
 -0.200000 0.000000 0.000000
 -0.197500 0.000000 0.000000
 -0.195000 0.000000 0.000000
 -0.192500 0.000000 0.000000
 -0.190000 0.000000 0.000000
 -0.187500 0.000000 0.000000
 -0.185000 0.000000 0.000000
 -0.182500 0.000000 0.000000
 -0.180000 0.000000 0.000000
 -0.177500 0.000000 0.000000
 -0.175000 0.000000 0.000000
 -0.172500 0.000000 0.000000
 -0.170000 0.000000 0.000000
 -0.167500 0.000000 0.000000
 -0.165000 0.000000 0.000000
 -0.162500 0.000000 0.000000
 -0.160000 0.000000 0.000000
 -0.157500 0.000000 0.000000
 -0.155000 0.000000 0.000000
 -0.152500 0.000000 0.000000
 -0.150000 0.000000 0.000000
 -0.147500 0.000000 0.000000
 -0.145000 0.000000 0.000000
 -0.142500 0.000000 0.000000
 -0.140000 0.000000 0.000000
 -0.137500 0.000000 0.000000
 -0.135000 0.000000 0.000000
 -0.132500 0.000000 0.000000
 -0.130000 0.000000 0.000000
 -0.127500 0.000000 0.000000
 -0.125000 0.000000 0.000000
 -0.122500 0.000000 0.000000
 -0.120000 0.000000 0.000000
 -0.117500 0.000000 0.000000
 -0.115000 0.000000 0.000000
 -0.112500 0.000000 0.000000
 -0.110000 0.000000 0.000000
 -0.107500 0.000000 0.000000
 -0.105000 0.000000 0.000000
 -0.102500 0.000000 0.000000
 -0.100000 0.000000 0.000000
 -0.097500 0.000000 0.000000
 -0.095000 0.000000 0.000000
 -0.092500 0.000000 0.000000
 -0.090000 0.000000 0.000000
 -0.087500 0.000000 0.000000
 -0.085000 0.000000 0.000000
 -0.082500 0.000000 0.000000
 -0.080000 0.000000 0.000000
 -0.077500 0.000000 0.000000
 -0.075000 0.000000 0.000000
 -0.072500 0.000000 0.000000
 -0.070000 0.000000 0.000000
 -0.067500 0.000000 0.000000
 -0.065000 0.000000 0.000000
 -0.062500 0.000000 0.000000
 -0.060000 0.000000 0.000000
 -0.057500 0.000000 0.000000
 -0.055000 0.000000 0.000000
 -0.052500 0.000000 0.000000
 -0.050000 0.000000 0.000000
 -0.047500 0.000000 0.000000
 -0.045000 0.000000 0.000000
 -0.042500 0.000000 0.000000
 -0.040000 0.000000 0.000000
 -0.037500 0.000000 0.000000
 -0.035000 0.000000 0.000000
 -0.032500 0.000000 0.000000
 -0.030000 0.000000 0.000000
 -0.027500 0.000000 0.000000
 -0.025000 0.000000 0.000000
 -0.022500 0.000000 0.000000
 -0.020000 0.000000 0.000000
 -0.017500 0.000000 0.000000
 -0.015000 0.000000 0.000000
 -0.012500 0.000000 0.000000
 -0.010000 0.000000 0.000000
 -0.007500 0.000000 0.000000
 -0.005000 0.000000 0.000000
 -0.002500 0.000000 0.000000
 0.000000 0.000000 0.000000
 0.002500 0.000000 0.000000
 0.005000 0.000000 0.000000
 0.007500 0.000000 0.000000
 0.010000 0.000000 0.000000
 0.012500 0.000000 0.000000
 0.015000 0.000000 0.000000
 0.017500 0.000000 0.000000
 0.020000 0.000000 0.000000
 0.022500 0.000000 0.000000
 0.025000 0.000000 0.000000
 0.027500 0.000000 0.000000
 0.030000 0.000000 0.000000
 0.032500 0.000000 0.000000
 0.035000 0.000000 0.000021
 0.037500 0.000000 0.000050
 0.040000 0.000000 0.000110
 0.042500 0.000001 0.000229
 0.045000 0.000002 0.000444
 0.047500 0.000003 0.000802
 0.050000 0.000006 0.001349
 0.052500 0.000010 0.002108
 0.055000 0.000016 0.003051
 0.057500 0.000025 0.004074
 0.060000 0.000037 0.004985
 0.062500 0.000050 0.005538
 0.065000 0.000064 0.005485
 0.067500 0.000077 0.004670
 0.070000 0.000087 0.003106
 0.072500 0.000092 0.000997
 0.075000 0.000091 -0.001293
 0.077500 0.000086 -0.003348
 0.080000 0.000075 -0.004822
 0.082500 0.000062 -0.005533
 0.085000 0.000048 -0.005495
 0.087500 0.000035 -0.004881
 0.090000 0.000024 -0.003941
 0.092500 0.000015 -0.002920
 0.095000 0.000009 -0.001997
 0.097500 0.000005 -0.001266
 0.100000 0.000003 -0.000745
 0.102500 0.000001 -0.000408
 0.105000 0.000001 -0.000209
 0.107500 0.000000 -0.000100
 0.110000 0.000000 -0.000044
 0.112500 0.000000 0.000000
 0.115000 0.000000 0.000000
 0.117500 0.000000 0.000000
 0.120000 0.000000 0.000000
 0.122500 0.000000 0.000000
 0.125000 0.000000 0.000000
 0.127500 0.000000 0.000000
 0.130000 0.000000 0.000022
 0.132500 0.000000 0.000052
 0.135000 0.000000 0.000115
 0.137500 0.000001 0.000238
 0.140000 0.000002 0.000459
 0.142500 0.000003 0.000827
 0.145000 0.000006 0.001386
 0.147500 0.000010 0.002156
 0.150000 0.000017 0.003131
 0.152500 0.000026 0.004184
 0.155000 0.000038 0.005149
 0.157500 0.000052 0.005802
 0.160000 0.000066 0.005939
 0.162500 0.000081 0.005484
 0.165000 0.000093 0.004487
 0.167500 0.000103 0.003209
 0.170000 0.000109 0.002010
 0.172500 0.000113 0.001231
 0.175000 0.000116 0.001058
 0.177500 0.000119 0.001455
 0.180000 0.000124 0.002203
 0.182500 0.000130 0.002951
 0.185000 0.000138 0.003381
 0.187500 0.000147 0.003352
 0.190000 0.000155 0.002892
 0.192500 0.000161 0.002179
 0.195000 0.000166 0.001525
 0.197500 0.000169 0.001266
 0.200000 0.000173 0.001782
 0.202500 0.000179 0.003182
 0.205000 0.000190 0.005533
 0.207500 0.000207 0.008630
 0.210000 0.000233 0.012030
 0.212500 0.000267 0.015258
 0.215000 0.000309 0.017880
 0.217500 0.000356 0.019632
 0.220000 0.000406 0.020443
 0.222500 0.000457 0.020477
 0.225000 0.000508 0.019943
 0.227500 0.000557 0.019083
 0.230000 0.000603 0.017945
 0.232500 0.000647 0.016854
 0.235000 0.000688 0.016164
 0.237500 0.000729 0.016532
 0.240000 0.000772 0.018603
 0.242500 0.000823 0.022731
 0.245000 0.000887 0.028619
 0.247500 0.000967 0.035277
 0.250000 0.001063 0.041021
 0.252500 0.001170 0.044206
 0.255000 0.001281 0.043473
 0.257500 0.001384 0.038406
 0.260000 0.001470 0.029546
 0.262500 0.001530 0.018309
 0.265000 0.001561 0.006709
 0.267500 0.001565 -0.003228
 0.270000 0.001548 -0.009661
 0.272500 0.001521 -0.011316
 0.275000 0.001496 -0.007746
 0.277500 0.001486 0.000648
 0.280000 0.001502 0.012540
 0.282500 0.001551 0.026513
 0.285000 0.001635 0.040690
 0.287500 0.001754 0.053470
 0.290000 0.001900 0.063207
 0.292500 0.002066 0.068892
 0.295000 0.002241 0.070082
 0.297500 0.002413 0.067019
 0.300000 0.002574 0.061204
 0.302500 0.002719 0.054806
 0.305000 0.002849 0.050030
 0.307500 0.002971 0.048359
 0.310000 0.003094 0.050555
 0.312500 0.003227 0.055872
 0.315000 0.003375 0.063030
 0.317500 0.003543 0.070274
 0.320000 0.003727 0.076420
 0.322500 0.003924 0.080966
 0.325000 0.004131 0.084382
 0.327500 0.004346 0.087424
 0.330000 0.004569 0.091174
 0.332500 0.004803 0.096193
 0.335000 0.005051 0.103114
 0.337500 0.005320 0.112250
 0.340000 0.005615 0.123398
 0.342500 0.005938 0.135173
 0.345000 0.006289 0.145624
 0.347500 0.006663 0.151717
 0.350000 0.007042 0.150426
 0.352500 0.007407 0.139765
 0.355000 0.007734 0.120348
 0.357500 0.008005 0.095491
 0.360000 0.008213 0.071475
 0.362500 0.008370 0.055301
 0.365000 0.008502 0.053536
 0.367500 0.008653 0.069419
 0.370000 0.008865 0.102961
 0.372500 0.009180 0.150517
 0.375000 0.009625 0.206144
 0.377500 0.010213 0.263124
 0.380000 0.010937 0.315358
 0.382500 0.011783 0.358029
 0.385000 0.012719 0.387935
 0.387500 0.013711 0.403391
 0.390000 0.014726 0.405639
 0.392500 0.015732 0.398074
 0.395000 0.016713 0.386450
 0.397500 0.017668 0.378506
 0.400000 0.018615 0.380980
 0.402500 0.019587 0.398905
 0.405000 0.020624 0.432625
 0.407500 0.021762 0.478166
 0.410000 0.023020 0.527621
 0.412500 0.024397 0.571593
 0.415000 0.025868 0.601481
 0.417500 0.027390 0.612475
 0.420000 0.028916 0.604161
 0.422500 0.030402 0.582106
 0.425000 0.031823 0.553895
 0.427500 0.033175 0.528386
 0.430000 0.034474 0.512409
 0.432500 0.035750 0.510613
 0.435000 0.037041 0.524187
 0.437500 0.038384 0.551687
 0.440000 0.039812 0.591515
 0.442500 0.041351 0.640087
 0.445000 0.043017 0.692284
 0.447500 0.044813 0.743271
 0.450000 0.046730 0.787903
 0.452500 0.048748 0.823825
 0.455000 0.050844 0.851492
 0.457500 0.053005 0.875599
 0.460000 0.055227 0.902707
 0.462500 0.057526 0.937510
 0.465000 0.059925 0.982719
 0.467500 0.062451 1.039074
 0.470000 0.065130 1.103782
 0.472500 0.067980 1.176156
 0.475000 0.071019 1.255926
 0.477500 0.074269 1.344527
 0.480000 0.077752 1.442856
 0.482500 0.081493 1.548777
 0.485000 0.085502 1.657024
 0.487500 0.089775 1.758093
 0.490000 0.094281 1.842536
 0.492500 0.098971 1.901997
 0.495000 0.103772 1.932875
 0.497500 0.108616 1.936651
 0.500000 0.113444 1.921861
 0.502500 0.118224 1.901102
 0.505000 0.122964 1.891974
 0.507500 0.127714 1.911848
 0.510000 0.132565 1.975215
 0.512500 0.137635 2.088465
 0.515000 0.143047 2.245878
 0.517500 0.148895 2.434507
 0.520000 0.155227 2.629072
 0.522500 0.162029 2.802928
 0.525000 0.169212 2.933881
 0.527500 0.176655 3.007824
 0.530000 0.184207 3.023231
 0.532500 0.191735 2.991525
 0.535000 0.199149 2.934838
 0.537500 0.206414 2.878097
 0.540000 0.213562 2.844645
 0.542500 0.220676 2.853861
 0.545000 0.227881 2.917190
 0.547500 0.235313 3.035730
 0.550000 0.243105 3.204087
 0.552500 0.251368 3.408555
 0.555000 0.260176 3.636911
 0.557500 0.269568 3.875088
 0.560000 0.279555 4.111348
 0.562500 0.290125 4.340679
 0.565000 0.301256 4.559317
 0.567500 0.312918 4.766599
 0.570000 0.325081 4.961184
 0.572500 0.337716 5.144379
 0.575000 0.350798 5.319595
 0.577500 0.364316 5.493111
 0.580000 0.378274 5.671161
 0.582500 0.392689 5.858523
 0.585000 0.407578 6.052097
 0.587500 0.422956 6.246556
 0.590000 0.438807 6.428294
 0.592500 0.455086 6.586748
 0.595000 0.471731 6.721615
 0.597500 0.488696 6.846180
 0.600000 0.505985 6.988607
 0.602500 0.523689 7.180951
 0.605000 0.541967 7.452431
 0.607500 0.561036 7.810238
 0.610000 0.581087 8.235241
 0.612500 0.602245 8.690767
 0.615000 0.624532 9.131327
 0.617500 0.647868 9.522901
 0.620000 0.672107 9.852746
 0.622500 0.697097 10.129830
 0.625000 0.722740 10.377516
 0.627500 0.748997 10.622707
 0.630000 0.775880 10.882483
 0.632500 0.803437 11.164934
 0.635000 0.831723 11.466223
 0.637500 0.860782 11.780362
 0.640000 0.890646 12.112161
 0.642500 0.921369 12.470785
 0.645000 0.953032 12.864870
 0.647500 0.985732 13.298072
 0.650000 1.019553 13.757585
 0.652500 1.054534 14.215486
 0.655000 1.090606 14.630577
 0.657500 1.127622 14.964928
 0.660000 1.165344 15.199244
 0.662500 1.203539 15.340525
 0.665000 1.242010 15.430641
 0.667500 1.280699 15.523238
 0.670000 1.319685 15.679951
 0.672500 1.359197 15.949824
 0.675000 1.399555 16.359379
 0.677500 1.441110 16.906682
 0.680000 1.484187 17.569609
 0.682500 1.529021 18.307529
 0.685000 1.575750 19.082196
 0.687500 1.624425 19.859092
 0.690000 1.675036 20.631561
 0.692500 1.727579 21.403245
 0.695000 1.782053 22.181927
 0.697500 1.838469 22.956082
 0.700000 1.896789 23.694342
 0.702500 1.956855 24.349590
 0.705000 2.018394 24.862316
 0.707500 2.080980 25.182350
 0.710000 2.144117 25.302665
 0.712500 2.207319 25.244383
 0.715000 2.270219 25.074241
 0.717500 2.332644 24.880326
 0.720000 2.394647 24.754049
 0.722500 2.456502 24.769005
 0.725000 2.518620 24.970330
 0.727500 2.581475 25.361296
 0.730000 2.645506 25.912765
 0.732500 2.711068 26.571023
 0.735000 2.778340 27.273389
 0.737500 2.847360 27.953400
 0.740000 2.917983 28.552454
 0.742500 2.989945 29.022172
 0.745000 3.062879 29.330727
 0.747500 3.136362 29.463558
 0.750000 3.209958 29.427690
 0.752500 3.283273 29.244523
 0.755000 3.355983 28.950655
 0.757500 3.427853 28.589871
 0.760000 3.498789 28.211366
 0.762500 3.568801 27.864358
 0.765000 3.638034 27.585217
 0.767500 3.706660 27.388274
 0.770000 3.774880 27.262985
 0.772500 3.842840 27.169274
 0.775000 3.910536 27.046956
 0.777500 3.977831 26.844120
 0.780000 4.044478 26.523586
 0.782500 4.110139 26.068892
 0.785000 4.174495 25.478399
 0.787500 4.237215 24.776892
 0.790000 4.298059 23.983233
 0.792500 4.356837 23.130152
 0.795000 4.413424 22.238910
 0.797500 4.467747 21.326636
 0.800000 4.519747 20.393418
 0.802500 4.569378 19.428858
 0.805000 4.616519 18.408121
 0.807500 4.661025 17.305447
 0.810000 4.702639 16.108729
 0.812500 4.741128 14.804802
 0.815000 4.776226 13.410721
 0.817500 4.807734 11.940157
 0.820000 4.835480 10.409329
 0.822500 4.859322 8.822927
 0.825000 4.879104 7.169184
 0.827500 4.894657 5.437287
 0.830000 4.905777 3.631528
 0.832500 4.912283 1.774040
 0.835000 4.914134 -0.096728
 0.837500 4.911323 -1.937023
 0.840000 4.903954 -3.740805
 0.842500 4.892077 -5.544891
 0.845000 4.875603 -7.441187
 0.847500 4.854161 -9.524453
 0.850000 4.827167 -11.876039
 0.852500 4.793924 -14.517192
 0.855000 4.753782 -17.380847
 0.857500 4.706332 -20.328541
 0.860000 4.651558 -23.202460
 0.862500 4.589845 -25.863708
 0.865000 4.521820 -28.234191
 0.867500 4.448229 -30.324770
 0.870000 4.369674 -32.210635
 0.872500 4.286530 -34.012549
 0.875000 4.198860 -35.844537
 0.877500 4.106493 -37.779961
 0.880000 4.009131 -39.827646
 0.882500 3.906545 -41.962447
 0.885000 3.798576 -44.109315
 0.887500 3.685287 -46.207206
 0.890000 3.566869 -48.198639
 0.892500 3.443650 -50.039903
 0.895000 3.316048 -51.695886
 0.897500 3.184578 -53.133942
 0.900000 3.049827 -54.315861
 0.902500 2.912475 -55.219655
 0.905000 2.773222 -55.838508
 0.907500 2.632754 -56.194606
 0.910000 2.491699 -56.333438
 0.912500 2.350517 -56.288558
 0.915000 2.209637 -56.108414
 0.917500 2.069369 -55.798773
 0.920000 1.930055 -55.353178
 0.922500 1.792063 -54.734818
 0.925000 1.655879 -53.909801
 0.927500 1.522073 -52.838708
 0.930000 1.391295 -51.490711
 0.932500 1.264256 -49.846893
 0.935000 1.141711 -47.908424
 0.937500 1.024389 -45.682891
 0.940000 0.912975 -43.190198
 0.942500 0.808099 -40.477362
 0.945000 0.710240 -37.598266
 0.947500 0.619728 -34.623316
 0.950000 0.536703 -31.624574
 0.952500 0.461145 -28.675625
 0.955000 0.392857 -25.824502
 0.957500 0.331551 -23.101899
 0.960000 0.276886 -20.519156
 0.962500 0.228521 -18.077194
 0.965000 0.186104 -15.766117
 0.967500 0.149319 -13.585352
 0.970000 0.117830 -11.536466
 0.972500 0.091296 -9.631793
 0.975000 0.069339 -7.889138
 0.977500 0.051532 -6.323603
 0.980000 0.037410 -4.948301
 0.982500 0.026489 -3.773859
 0.985000 0.018263 -2.799079
 0.987500 0.012240 -2.014183
 0.990000 0.007963 -1.404085
 0.992500 0.005020 -0.946623
 0.995000 0.003062 -0.615811
 0.997500 0.001805 -0.386565
 1.000000 0.001025 -0.233214
 1.002500 0.000561 -0.135230
 1.005000 0.000294 -0.074738
 1.007500 0.000147 -0.039357
 1.010000 0.000070 -0.019571
 1.012500 0.000031 -0.009266
 1.015000 0.000014 -0.004191
 1.017500 0.000005 -0.001668
 1.020000 0.000002 -0.000639
 1.022500 0.000000 -0.000134
 1.025000 0.000000 -0.000061
 1.027500 0.000000 0.000000
 1.030000 0.000000 0.000000
 1.032500 0.000000 0.000000
 1.035000 0.000000 0.000000
 1.037500 0.000000 0.000000
 1.040000 0.000000 0.000000
 1.042500 0.000000 0.000000
 1.045000 0.000000 0.000000
 1.047500 0.000000 0.000000
 1.050000 0.000000 0.000000
 1.052500 0.000000 0.000000
 1.055000 0.000000 0.000000
 1.057500 0.000000 0.000000
 1.060000 0.000000 0.000000
 1.062500 0.000000 0.000000
 1.065000 0.000000 0.000000
 1.067500 0.000000 0.000000
 1.070000 0.000000 0.000000
 1.072500 0.000000 0.000000
 1.075000 0.000000 0.000000
 1.077500 0.000000 0.000000
 1.080000 0.000000 0.000000
 1.082500 0.000000 0.000000
 1.085000 0.000000 0.000000
 1.087500 0.000000 0.000000
 1.090000 0.000000 0.000000
 1.092500 0.000000 0.000000
 1.095000 0.000000 0.000000
 1.097500 0.000000 0.000000
 1.100000 0.000000 0.000000
 1.102500 0.000000 0.000000
 1.105000 0.000000 0.000000
 1.107500 0.000000 0.000000
 1.110000 0.000000 0.000000
 1.112500 0.000000 0.000000
 1.115000 0.000000 0.000000
 1.117500 0.000000 0.000000
 1.120000 0.000000 0.000000
 1.122500 0.000000 0.000000
 1.125000 0.000000 0.000000
 1.127500 0.000000 0.000000
 1.130000 0.000000 0.000000
 1.132500 0.000000 0.000000
 1.135000 0.000000 0.000000
 1.137500 0.000000 0.000000
 1.140000 0.000000 0.000000
 1.142500 0.000000 0.000000
 1.145000 0.000000 0.000000
 1.147500 0.000000 0.000000
 1.150000 0.000000 0.000000
 1.152500 0.000000 0.000000
 1.155000 0.000000 0.000000
 1.157500 0.000000 0.000000
 1.160000 0.000000 0.000000
 1.162500 0.000000 0.000000
 1.165000 0.000000 0.000000
 1.167500 0.000000 0.000000
 1.170000 0.000000 0.000000
 1.172500 0.000000 0.000000
 1.175000 0.000000 0.000000
 1.177500 0.000000 0.000000
 1.180000 0.000000 0.000000
 1.182500 0.000000 0.000000
 1.185000 0.000000 0.000000
 1.187500 0.000000 0.000000
 1.190000 0.000000 0.000000
 1.192500 0.000000 0.000000
 1.195000 0.000000 0.000000
 1.197500 0.000000 0.000000
 1.200000 0.000000 0.000000
 1.202500 0.000000 0.000000
 1.205000 0.000000 0.000000
 1.207500 0.000000 0.000000
 1.210000 0.000000 0.000000
 1.212500 0.000000 0.000000
 1.215000 0.000000 0.000000
 1.217500 0.000000 0.000000
 1.220000 0.000000 0.000000
 1.222500 0.000000 0.000000
 1.225000 0.000000 0.000000
 1.227500 0.000000 0.000000
 1.230000 0.000000 0.000000
 1.232500 0.000000 0.000000
 1.235000 0.000000 0.000000
 1.237500 0.000000 0.000000
 1.240000 0.000000 0.000000
 1.242500 0.000000 0.000000
 1.245000 0.000000 0.000000
 1.247500 0.000000 0.000000
 1.250000 0.000000 0.000000
 1.252500 0.000000 0.000000
 1.255000 0.000000 0.000000
 1.257500 0.000000 0.000000
 1.260000 0.000000 0.000000
 1.262500 0.000000 0.000000
 1.265000 0.000000 0.000000
 1.267500 0.000000 0.000000
 1.270000 0.000000 0.000000
 1.272500 0.000000 0.000000
 1.275000 0.000000 0.000000
 1.277500 0.000000 0.000000
 1.280000 0.000000 0.000000
 1.282500 0.000000 0.000000
 1.285000 0.000000 0.000000
 1.287500 0.000000 0.000000
 1.290000 0.000000 0.000000
 1.292500 0.000000 0.000000
 1.295000 0.000000 0.000000
 1.297500 0.000000 0.000000
 1.300000 0.000000 0.000000
 1.302500 0.000000 0.000000
 1.305000 0.000000 0.000000
 1.307500 0.000000 0.000000
 1.310000 0.000000 0.000000
 1.312500 0.000000 0.000000
 1.315000 0.000000 0.000000
 1.317500 0.000000 0.000000
 1.320000 0.000000 0.000000
 1.322500 0.000000 0.000000
 1.325000 0.000000 0.000000
 1.327500 0.000000 0.000000
 1.330000 0.000000 0.000000
 1.332500 0.000000 0.000000
 1.335000 0.000000 0.000000
 1.337500 0.000000 0.000000
 1.340000 0.000000 0.000000
 1.342500 0.000000 0.000000
 1.345000 0.000000 0.000000
 1.347500 0.000000 0.000000
 1.350000 0.000000 0.000000
 1.352500 0.000000 0.000000
 1.355000 0.000000 0.000000
 1.357500 0.000000 0.000000
 1.360000 0.000000 0.000000
 1.362500 0.000000 0.000000
 1.365000 0.000000 0.000000
 1.367500 0.000000 0.000000
 1.370000 0.000000 0.000000
 1.372500 0.000000 0.000000
 1.375000 0.000000 0.000000
 1.377500 0.000000 0.000000
 1.380000 0.000000 0.000000
 1.382500 0.000000 0.000000
 1.385000 0.000000 0.000000
 1.387500 0.000000 0.000000
 1.390000 0.000000 0.000000
 1.392500 0.000000 0.000000
 1.395000 0.000000 0.000000
 1.397500 0.000000 0.000000
 1.400000 0.000000 0.000000
 1.402500 0.000000 0.000000
 1.405000 0.000000 0.000000
 1.407500 0.000000 0.000000
 1.410000 0.000000 0.000000
 1.412500 0.000000 0.000000
 1.415000 0.000000 0.000000
 1.417500 0.000000 0.000000
 1.420000 0.000000 0.000000
 1.422500 0.000000 0.000000
 1.425000 0.000000 0.000000
 1.427500 0.000000 0.000000
 1.430000 0.000000 0.000000
 1.432500 0.000000 0.000000
 1.435000 0.000000 0.000000
 1.437500 0.000000 0.000000
 1.440000 0.000000 0.000000
 1.442500 0.000000 0.000000
 1.445000 0.000000 0.000000
 1.447500 0.000000 0.000000
 1.450000 0.000000 0.000000
 1.452500 0.000000 0.000000
 1.455000 0.000000 0.000000
 1.457500 0.000000 0.000000
 1.460000 0.000000 0.000000
 1.462500 0.000000 0.000000
 1.465000 0.000000 0.000000
 1.467500 0.000000 0.000000
 1.470000 0.000000 0.000000
 1.472500 0.000000 0.000000
 1.475000 0.000000 0.000000
 1.477500 0.000000 0.000000
 1.480000 0.000000 0.000000
 1.482500 0.000000 0.000000
 1.485000 0.000000 0.000000
 1.487500 0.000000 0.000000
 1.490000 0.000000 0.000000
 1.492500 0.000000 0.000000
 1.495000 0.000000 0.000000
 1.497500 0.000000 0.000000
 1.500000 0.000000 0.000000
 1.502500 0.000000 0.000000
 1.505000 0.000000 0.000000
 1.507500 0.000000 0.000000
 1.510000 0.000000 0.000000
 1.512500 0.000000 0.000000
 1.515000 0.000000 0.000000
 1.517500 0.000000 0.000000
 1.520000 0.000000 0.000000
 1.522500 0.000000 0.000000
 1.525000 0.000000 0.000000
 1.527500 0.000000 0.000000
 1.530000 0.000000 0.000000
 1.532500 0.000000 0.000000
 1.535000 0.000000 0.000000
 1.537500 0.000000 0.000000
 1.540000 0.000000 0.000000
 1.542500 0.000000 0.000000
 1.545000 0.000000 0.000000
 1.547500 0.000000 0.000000
 1.550000 0.000000 0.000000
 1.552500 0.000000 0.000000
 1.555000 0.000000 0.000000
 1.557500 0.000000 0.000000
 1.560000 0.000000 0.000000
 1.562500 0.000000 0.000000
 1.565000 0.000000 0.000000
 1.567500 0.000000 0.000000
 1.570000 0.000000 0.000000
 1.572500 0.000000 0.000000
 1.575000 0.000000 0.000000
 1.577500 0.000000 0.000000
 1.580000 0.000000 0.000000
 1.582500 0.000000 0.000000
 1.585000 0.000000 0.000000
 1.587500 0.000000 0.000000
 1.590000 0.000000 0.000000
 1.592500 0.000000 0.000000
 1.595000 0.000000 0.000000
 1.597500 0.000000 0.000000
 1.600000 0.000000 0.000000
 1.602500 0.000000 0.000000
 1.605000 0.000000 0.000000
 1.607500 0.000000 0.000000
 1.610000 0.000000 0.000000
 1.612500 0.000000 0.000000
 1.615000 0.000000 0.000000
 1.617500 0.000000 0.000000
 1.620000 0.000000 0.000000
 1.622500 0.000000 0.000000
 1.625000 0.000000 0.000000
 1.627500 0.000000 0.000000
 1.630000 0.000000 0.000000
 1.632500 0.000000 0.000000
 1.635000 0.000000 0.000000
 1.637500 0.000000 0.000000
 1.640000 0.000000 0.000000
 1.642500 0.000000 0.000000
 1.645000 0.000000 0.000000
 1.647500 0.000000 0.000000
 1.650000 0.000000 0.000000
 1.652500 0.000000 0.000000
 1.655000 0.000000 0.000000
 1.657500 0.000000 0.000000
 1.660000 0.000000 0.000000
 1.662500 0.000000 0.000000
 1.665000 0.000000 0.000000
 1.667500 0.000000 0.000000
 1.670000 0.000000 0.000000
 1.672500 0.000000 0.000000
 1.675000 0.000000 0.000000
 1.677500 0.000000 0.000000
 1.680000 0.000000 0.000000
 1.682500 0.000000 0.000000
 1.685000 0.000000 0.000000
 1.687500 0.000000 0.000000
 1.690000 0.000000 0.000000
 1.692500 0.000000 0.000000
 1.695000 0.000000 0.000000
 1.697500 0.000000 0.000000
 1.700000 0.000000 0.000000
 1.702500 0.000000 0.000000
 1.705000 0.000000 0.000000
 1.707500 0.000000 0.000000
 1.710000 0.000000 0.000000
 1.712500 0.000000 0.000000
 1.715000 0.000000 0.000000
 1.717500 0.000000 0.000000
 1.720000 0.000000 0.000000
 1.722500 0.000000 0.000000
 1.725000 0.000000 0.000000
 1.727500 0.000000 0.000000
 1.730000 0.000000 0.000000
 1.732500 0.000000 0.000000
 1.735000 0.000000 0.000000
 1.737500 0.000000 0.000000
 1.740000 0.000000 0.000000
 1.742500 0.000000 0.000000
 1.745000 0.000000 0.000000
 1.747500 0.000000 0.000000
 1.750000 0.000000 0.000000
 1.752500 0.000000 0.000000
 1.755000 0.000000 0.000000
 1.757500 0.000000 0.000000
 1.760000 0.000000 0.000000
 1.762500 0.000000 0.000000
 1.765000 0.000000 0.000000
 1.767500 0.000000 0.000000
 1.770000 0.000000 0.000000
 1.772500 0.000000 0.000000
 1.775000 0.000000 0.000000
 1.777500 0.000000 0.000000
 1.780000 0.000000 0.000000
 1.782500 0.000000 0.000000
 1.785000 0.000000 0.000000
 1.787500 0.000000 0.000000
 1.790000 0.000000 0.000000
 1.792500 0.000000 0.000000
 1.795000 0.000000 0.000000
 1.797500 0.000000 0.000000
 1.800000 0.000000 0.000000
 1.802500 0.000000 0.000000
 1.805000 0.000000 0.000000
 1.807500 0.000000 0.000000
 1.810000 0.000000 0.000000
 1.812500 0.000000 0.000000
 1.815000 0.000000 0.000000
 1.817500 0.000000 0.000000
 1.820000 0.000000 0.000000
 1.822500 0.000000 0.000000
 1.825000 0.000000 0.000000
 1.827500 0.000000 0.000000
 1.830000 0.000000 0.000000
 1.832500 0.000000 0.000000
 1.835000 0.000000 0.000000
 1.837500 0.000000 0.000000
 1.840000 0.000000 0.000000
 1.842500 0.000000 0.000000
 1.845000 0.000000 0.000000
 1.847500 0.000000 0.000000
 1.850000 0.000000 0.000000
 1.852500 0.000000 0.000000
 1.855000 0.000000 0.000000
 1.857500 0.000000 0.000000
 1.860000 0.000000 0.000000
 1.862500 0.000000 0.000000
 1.865000 0.000000 0.000000
 1.867500 0.000000 0.000000
 1.870000 0.000000 0.000000
 1.872500 0.000000 0.000000
 1.875000 0.000000 0.000000
 1.877500 0.000000 0.000000
 1.880000 0.000000 0.000000
 1.882500 0.000000 0.000000
 1.885000 0.000000 0.000000
 1.887500 0.000000 0.000000
 1.890000 0.000000 0.000000
 1.892500 0.000000 0.000000
 1.895000 0.000000 0.000000
 1.897500 0.000000 0.000000
 1.900000 0.000000 0.000000
 1.902500 0.000000 0.000000
 1.905000 0.000000 0.000000
 1.907500 0.000000 0.000000
 1.910000 0.000000 0.000000
 1.912500 0.000000 0.000000
 1.915000 0.000000 0.000000
 1.917500 0.000000 0.000000
 1.920000 0.000000 0.000000
 1.922500 0.000000 0.000000
 1.925000 0.000000 0.000000
 1.927500 0.000000 0.000000
 1.930000 0.000000 0.000000
 1.932500 0.000000 0.000000
 1.935000 0.000000 0.000000
 1.937500 0.000000 0.000000
 1.940000 0.000000 0.000000
 1.942500 0.000000 0.000000
 1.945000 0.000000 0.000000
 1.947500 0.000000 0.000000
 1.950000 0.000000 0.000000
 1.952500 0.000000 0.000000
 1.955000 0.000000 0.000000
 1.957500 0.000000 0.000000
 1.960000 0.000000 0.000000
 1.962500 0.000000 0.000000
 1.965000 0.000000 0.000000
 1.967500 0.000000 0.000000
 1.970000 0.000000 0.000000
 1.972500 0.000000 0.000000
 1.975000 0.000000 0.000000
 1.977500 0.000000 0.000000
 1.980000 0.000000 0.000000
 1.982500 0.000000 0.000000
 1.985000 0.000000 0.000000
 1.987500 0.000000 0.000000
 1.990000 0.000000 0.000000
 1.992500 0.000000 0.000000
 1.995000 0.000000 0.000000
 1.997500 0.000000 0.000000
 2.000000 0.000000 0.000000
