#! FIELDS es hh dhh_es
#! SET normalisation  2000.000000
#! SET min_es -0.5
#! SET max_es 2
#! SET nbins_es  1000
#! SET periodic_es false
 -0.500000 0.000000 0.000000
 -0.497500 0.000000 0.000000
 -0.495000 0.000000 0.000000
 -0.492500 0.000000 0.000000
 -0.490000 0.000000 0.000000
 -0.487500 0.000000 0.000000
 -0.485000 0.000000 0.000000
 -0.482500 0.000000 0.000000
 -0.480000 0.000000 0.000000
 -0.477500 0.000000 0.000000
 -0.475000 0.000000 0.000000
 -0.472500 0.000000 0.000000
 -0.470000 0.000000 0.000000
 -0.467500 0.000000 0.000000
 -0.465000 0.000000 0.000000
 -0.462500 0.000000 0.000000
 -0.460000 0.000000 0.000000
 -0.457500 0.000000 0.000000
 -0.455000 0.000000 0.000000
 -0.452500 0.000000 0.000000
 -0.450000 0.000000 0.000000
 -0.447500 0.000000 0.000000
 -0.445000 0.000000 0.000000
 -0.442500 0.000000 0.000000
 -0.440000 0.000000 0.000000
 -0.437500 0.000000 0.000000
 -0.435000 0.000000 0.000000
 -0.432500 0.000000 0.000000
 -0.430000 0.000000 0.000000
 -0.427500 0.000000 0.000000
 -0.425000 0.000000 0.000000
 -0.422500 0.000000 0.000000
 -0.420000 0.000000 0.000000
 -0.417500 0.000000 0.000000
 -0.415000 0.000000 0.000000
 -0.412500 0.000000 0.000000
 -0.410000 0.000000 0.000000
 -0.407500 0.000000 0.000000
 -0.405000 0.000000 0.000000
 -0.402500 0.000000 0.000000
 -0.400000 0.000000 0.000000
 -0.397500 0.000000 0.000000
 -0.395000 0.000000 0.000000
 -0.392500 0.000000 0.000000
 -0.390000 0.000000 0.000000
 -0.387500 0.000000 0.000000
 -0.385000 0.000000 0.000000
 -0.382500 0.000000 0.000000
 -0.380000 0.000000 0.000000
 -0.377500 0.000000 0.000000
 -0.375000 0.000000 0.000000
 -0.372500 0.000000 0.000000
 -0.370000 0.000000 0.000000
 -0.367500 0.000000 0.000000
 -0.365000 0.000000 0.000000
 -0.362500 0.000000 0.000000
 -0.360000 0.000000 0.000000
 -0.357500 0.000000 0.000000
 -0.355000 0.000000 0.000000
 -0.352500 0.000000 0.000000
 -0.350000 0.000000 0.000000
 -0.347500 0.000000 0.000000
 -0.345000 0.000000 0.000000
 -0.342500 0.000000 0.000000
 -0.340000 0.000000 0.000000
 -0.337500 0.000000 0.000000
 -0.335000 0.000000 0.000000
 -0.332500 0.000000 0.000000
 -0.330000 0.000000 0.000000
 -0.327500 0.000000 0.000000
 -0.325000 0.000000 0.000000
 -0.322500 0.000000 0.000000
 -0.320000 0.000000 0.000000
 -0.317500 0.000000 0.000000
 -0.315000 0.000000 0.000000
 -0.312500 0.000000 0.000000
 -0.310000 0.000000 0.000000
 -0.307500 0.000000 0.000000
 -0.305000 0.000000 0.000000
 -0.302500 0.000000 0.000000
 -0.300000 0.000000 0.000000
 -0.297500 0.000000 0.000000
 -0.295000 0.000000 0.000000
 -0.292500 0.000000 0.000000
 -0.290000 0.000000 0.000000
 -0.287500 0.000000 0.000000
 -0.285000 0.000000 0.000000
 -0.282500 0.000000 0.000000
 -0.280000 0.000000 0.000000
 -0.277500 0.000000 0.000000
 -0.275000 0.000000 0.000000
 -0.272500 0.000000 0.000000
 -0.270000 0.000000 0.000000
 -0.267500 0.000000 0.000000
 -0.265000 0.000000 0.000000
 -0.262500 0.000000 0.000000
 -0.260000 0.000000 0.000000
 -0.257500 0.000000 0.000000
 -0.255000 0.000000 0.000000
 -0.252500 0.000000 0.000000
 -0.250000 0.000000 0.000000
 -0.247500 0.000000 0.000000
 -0.245000 0.000000 0.000000
 -0.242500 0.000000 0.000000
 -0.240000 0.000000 0.000000
 -0.237500 0.000000 0.000000
 -0.235000 0.000000 0.000000
 -0.232500 0.000000 0.000000
 -0.230000 0.000000 0.000000
 -0.227500 0.000000 0.000000
 -0.225000 0.000000 0.000000
 -0.222500 0.000000 0.000000
 -0.220000 0.000000 0.000000
 -0.217500 0.000000 0.000000
 -0.215000 0.000000 0.000000
 -0.212500 0.000000 0.000000
 -0.210000 0.000000 0.000000
 -0.207500 0.000000 0.000000
 -0.205000 0.000000 0.000000
 -0.202500 0.000000 0.000000
 -0.200000 0.000000 0.000000
 -0.197500 0.000000 0.000000
 -0.195000 0.000000 0.000000
 -0.192500 0.000000 0.000000
 -0.190000 0.000000 0.000000
 -0.187500 0.000000 0.000000
 -0.185000 0.000000 0.000000
 -0.182500 0.000000 0.000000
 -0.180000 0.000000 0.000000
 -0.177500 0.000000 0.000000
 -0.175000 0.000000 0.000000
 -0.172500 0.000000 0.000000
 -0.170000 0.000000 0.000000
 -0.167500 0.000000 0.000000
 -0.165000 0.000000 0.000000
 -0.162500 0.000000 0.000000
 -0.160000 0.000000 0.000000
 -0.157500 0.000000 0.000000
 -0.155000 0.000000 0.000000
 -0.152500 0.000000 0.000000
 -0.150000 0.000000 0.000000
 -0.147500 0.000000 0.000000
 -0.145000 0.000000 0.000000
 -0.142500 0.000000 0.000000
 -0.140000 0.000000 0.000000
 -0.137500 0.000000 0.000000
 -0.135000 0.000000 0.000000
 -0.132500 0.000000 0.000000
 -0.130000 0.000000 0.000000
 -0.127500 0.000000 0.000000
 -0.125000 0.000000 0.000000
 -0.122500 0.000000 0.000000
 -0.120000 0.000000 0.000000
 -0.117500 0.000000 0.000000
 -0.115000 0.000000 0.000000
 -0.112500 0.000000 0.000000
 -0.110000 0.000000 0.000000
 -0.107500 0.000000 0.000000
 -0.105000 0.000000 0.000000
 -0.102500 0.000000 0.000000
 -0.100000 0.000000 0.000000
 -0.097500 0.000000 0.000000
 -0.095000 0.000000 0.000000
 -0.092500 0.000000 0.000000
 -0.090000 0.000000 0.000000
 -0.087500 0.000000 0.000000
 -0.085000 0.000000 0.000000
 -0.082500 0.000000 0.000000
 -0.080000 0.000000 0.000000
 -0.077500 0.000000 0.000000
 -0.075000 0.000000 0.000000
 -0.072500 0.000000 0.000000
 -0.070000 0.000000 0.000000
 -0.067500 0.000000 0.000000
 -0.065000 0.000000 0.000000
 -0.062500 0.000000 0.000000
 -0.060000 0.000000 0.000000
 -0.057500 0.000000 0.000000
 -0.055000 0.000000 0.000000
 -0.052500 0.000000 0.000000
 -0.050000 0.000000 0.000000
 -0.047500 0.000000 0.000000
 -0.045000 0.000000 0.000000
 -0.042500 0.000000 0.000000
 -0.040000 0.000000 0.000000
 -0.037500 0.000000 0.000000
 -0.035000 0.000000 0.000000
 -0.032500 0.000000 0.000000
 -0.030000 0.000000 0.000000
 -0.027500 0.000000 0.000000
 -0.025000 0.000000 0.000000
 -0.022500 0.000000 0.000022
 -0.020000 0.000000 0.000052
 -0.017500 0.000000 0.000115
 -0.015000 0.000001 0.000239
 -0.012500 0.000002 0.000461
 -0.010000 0.000003 0.000830
 -0.007500 0.000006 0.001390
 -0.005000 0.000010 0.002162
 -0.002500 0.000017 0.003114
 0.000000 0.000026 0.004135
 0.002500 0.000037 0.005033
 0.005000 0.000051 0.005554
 0.007500 0.000065 0.005457
 0.010000 0.000077 0.004594
 0.012500 0.000087 0.002988
 0.015000 0.000092 0.000857
 0.017500 0.000091 -0.001404
 0.020000 0.000085 -0.003397
 0.022500 0.000075 -0.004754
 0.025000 0.000062 -0.005276
 0.027500 0.000049 -0.004947
 0.030000 0.000038 -0.003900
 0.032500 0.000030 -0.002345
 0.035000 0.000026 -0.000511
 0.037500 0.000028 0.001380
 0.040000 0.000033 0.003128
 0.042500 0.000043 0.004497
 0.045000 0.000055 0.005281
 0.047500 0.000069 0.005337
 0.050000 0.000081 0.004616
 0.052500 0.000091 0.003285
 0.055000 0.000098 0.001729
 0.057500 0.000100 0.000421
 0.060000 0.000100 -0.000144
 0.062500 0.000101 0.000420
 0.065000 0.000104 0.002220
 0.067500 0.000113 0.005138
 0.070000 0.000130 0.008856
 0.072500 0.000157 0.013034
 0.075000 0.000195 0.017383
 0.077500 0.000244 0.021667
 0.080000 0.000304 0.025752
 0.082500 0.000373 0.029507
 0.085000 0.000451 0.032542
 0.087500 0.000535 0.034465
 0.090000 0.000622 0.034707
 0.092500 0.000707 0.032995
 0.095000 0.000785 0.029511
 0.097500 0.000853 0.024942
 0.100000 0.000910 0.020501
 0.102500 0.000957 0.017502
 0.105000 0.001000 0.017008
 0.107500 0.001045 0.019338
 0.110000 0.001099 0.024026
 0.112500 0.001166 0.029797
 0.115000 0.001247 0.034943
 0.117500 0.001339 0.038000
 0.120000 0.001435 0.038115
 0.122500 0.001527 0.035394
 0.125000 0.001610 0.030817
 0.127500 0.001681 0.025801
 0.130000 0.001740 0.021715
 0.132500 0.001792 0.019619
 0.135000 0.001841 0.019896
 0.137500 0.001893 0.022548
 0.140000 0.001955 0.027343
 0.142500 0.002032 0.034017
 0.145000 0.002127 0.042490
 0.147500 0.002246 0.052551
 0.150000 0.002392 0.064176
 0.152500 0.002568 0.076911
 0.155000 0.002777 0.090039
 0.157500 0.003018 0.102501
 0.160000 0.003288 0.112962
 0.162500 0.003580 0.119636
 0.165000 0.003882 0.121431
 0.167500 0.004182 0.118025
 0.170000 0.004469 0.110401
 0.172500 0.004733 0.100911
 0.175000 0.004974 0.092324
 0.177500 0.005198 0.087285
 0.180000 0.005415 0.087089
 0.182500 0.005638 0.091644
 0.185000 0.005876 0.099190
 0.187500 0.006135 0.107194
 0.190000 0.006411 0.113212
 0.192500 0.006698 0.115628
 0.195000 0.006987 0.114173
 0.197500 0.007267 0.110218
 0.200000 0.007538 0.105942
 0.202500 0.007800 0.104075
 0.205000 0.008063 0.107515
 0.207500 0.008344 0.118590
 0.210000 0.008664 0.138523
 0.212500 0.009045 0.167347
 0.215000 0.009507 0.203514
 0.217500 0.010066 0.243144
 0.220000 0.010723 0.281590
 0.222500 0.011470 0.314258
 0.225000 0.012289 0.338533
 0.227500 0.013157 0.354362
 0.230000 0.014057 0.364779
 0.232500 0.014981 0.375235
 0.235000 0.015938 0.390964
 0.237500 0.016945 0.415330
 0.240000 0.018023 0.447569
 0.242500 0.019187 0.483376
 0.245000 0.020438 0.515951
 0.247500 0.021760 0.538406
 0.250000 0.023120 0.546839
 0.252500 0.024483 0.541316
 0.255000 0.025820 0.527155
 0.257500 0.027120 0.512102
 0.260000 0.028389 0.504073
 0.262500 0.029652 0.507810
 0.265000 0.030940 0.523317
 0.267500 0.032277 0.546569
 0.270000 0.033674 0.570729
 0.272500 0.035126 0.588990
 0.275000 0.036612 0.597782
 0.277500 0.038109 0.597987
 0.280000 0.039600 0.592955
 0.282500 0.041078 0.589498
 0.285000 0.042554 0.592888
 0.287500 0.044051 0.605520
 0.290000 0.045592 0.627499
 0.292500 0.047196 0.656538
 0.295000 0.048879 0.690245
 0.297500 0.050653 0.729068
 0.300000 0.052535 0.777312
 0.302500 0.054555 0.840925
 0.305000 0.056757 0.923084
 0.307500 0.059188 1.023570
 0.310000 0.061886 1.135713
 0.312500 0.064868 1.248597
 0.315000 0.068119 1.349577
 0.317500 0.071596 1.426394
 0.320000 0.075227 1.472094
 0.322500 0.078928 1.482649
 0.325000 0.082612 1.458475
 0.327500 0.086196 1.403099
 0.330000 0.089609 1.322962
 0.332500 0.092802 1.229316
 0.335000 0.095760 1.137640
 0.337500 0.098509 1.065389
 0.340000 0.101121 1.031598
 0.342500 0.103713 1.051015
 0.345000 0.106429 1.130405
 0.347500 0.109414 1.264406
 0.350000 0.112786 1.437797
 0.352500 0.116622 1.630266
 0.355000 0.120939 1.822258
 0.357500 0.125719 1.998543
 0.360000 0.130915 2.152786
 0.362500 0.136464 2.281527
 0.365000 0.142302 2.383551
 0.367500 0.148360 2.457848
 0.370000 0.154564 2.499224
 0.372500 0.160829 2.506888
 0.375000 0.167075 2.485349
 0.377500 0.173244 2.447297
 0.380000 0.179315 2.411174
 0.382500 0.185316 2.394332
 0.385000 0.191315 2.410788
 0.387500 0.197402 2.461574
 0.390000 0.203649 2.539437
 0.392500 0.210113 2.631661
 0.395000 0.216812 2.724976
 0.397500 0.223736 2.813404
 0.400000 0.230875 2.896104
 0.402500 0.238216 2.977875
 0.405000 0.245766 3.061484
 0.407500 0.253528 3.147416
 0.410000 0.261505 3.233473
 0.412500 0.269690 3.315628
 0.415000 0.278076 3.393820
 0.417500 0.286658 3.472629
 0.420000 0.295445 3.559481
 0.422500 0.304466 3.662041
 0.425000 0.313761 3.778044
 0.427500 0.323360 3.899910
 0.430000 0.333259 4.017438
 0.432500 0.343431 4.117527
 0.435000 0.353825 4.194821
 0.437500 0.364388 4.255203
 0.440000 0.375090 4.305932
 0.442500 0.385919 4.359899
 0.445000 0.396898 4.428738
 0.447500 0.408077 4.517929
 0.450000 0.419511 4.635256
 0.452500 0.431278 4.785204
 0.455000 0.443462 4.971804
 0.457500 0.456159 5.194157
 0.460000 0.469454 5.443727
 0.462500 0.483390 5.705451
 0.465000 0.497966 5.954670
 0.467500 0.513131 6.168202
 0.470000 0.528772 6.339287
 0.472500 0.544788 6.472757
 0.475000 0.561112 6.590113
 0.477500 0.577745 6.723651
 0.480000 0.594758 6.897204
 0.482500 0.612265 7.119529
 0.485000 0.630378 7.375576
 0.487500 0.649138 7.631701
 0.490000 0.668494 7.842761
 0.492500 0.688277 7.973882
 0.495000 0.708272 8.010788
 0.497500 0.728258 7.970937
 0.500000 0.748095 7.902274
 0.502500 0.767785 7.862982
 0.505000 0.787468 7.906284
 0.507500 0.807399 8.063423
 0.510000 0.827861 8.327781
 0.512500 0.849086 8.663438
 0.515000 0.871178 9.017412
 0.517500 0.894116 9.332297
 0.520000 0.917757 9.569668
 0.522500 0.941879 9.720056
 0.525000 0.966273 9.794919
 0.527500 0.990793 9.823739
 0.530000 1.015371 9.849989
 0.532500 1.040046 9.906425
 0.535000 1.064924 10.015100
 0.537500 1.090138 10.175894
 0.540000 1.115805 10.372679
 0.542500 1.141987 10.581944
 0.545000 1.168682 10.782732
 0.547500 1.195860 10.968128
 0.550000 1.223495 11.150685
 0.552500 1.251614 11.361230
 0.555000 1.280329 11.640678
 0.557500 1.309855 12.013065
 0.560000 1.340441 12.487484
 0.562500 1.372321 13.041284
 0.565000 1.405637 13.625786
 0.567500 1.440373 14.169342
 0.570000 1.476343 14.601264
 0.572500 1.513197 14.869329
 0.575000 1.550480 14.945206
 0.577500 1.587716 14.840307
 0.580000 1.624515 14.599935
 0.582500 1.660613 14.291641
 0.585000 1.695936 13.998912
 0.587500 1.730609 13.779977
 0.590000 1.764870 13.674812
 0.592500 1.799015 13.682435
 0.595000 1.833299 13.781314
 0.597500 1.867904 13.933537
 0.600000 1.902915 14.107034
 0.602500 1.938375 14.294643
 0.605000 1.974342 14.514090
 0.607500 2.010927 14.797751
 0.610000 2.048324 15.167434
 0.612500 2.086742 15.614237
 0.615000 2.126334 16.097393
 0.617500 2.167101 16.544787
 0.620000 2.208854 16.876871
 0.622500 2.251220 17.028015
 0.625000 2.293710 16.978699
 0.627500 2.335842 16.745832
 0.630000 2.377219 16.384028
 0.632500 2.417597 15.957875
 0.635000 2.456882 15.518224
 0.637500 2.495080 15.093394
 0.640000 2.532246 14.693603
 0.642500 2.568435 14.318912
 0.645000 2.603722 13.976837
 0.647500 2.638241 13.710362
 0.650000 2.672233 13.576475
 0.652500 2.706121 13.627845
 0.655000 2.740405 13.893266
 0.657500 2.775587 14.343190
 0.660000 2.812025 14.877283
 0.662500 2.849765 15.367784
 0.665000 2.888520 15.672241
 0.667500 2.927706 15.699851
 0.670000 2.966577 15.424497
 0.672500 3.004429 14.899055
 0.675000 3.040746 14.226543
 0.677500 3.075320 13.519150
 0.680000 3.108189 12.878649
 0.682500 3.139598 12.361675
 0.685000 3.169889 11.983034
 0.687500 3.199375 11.719910
 0.690000 3.228298 11.522963
 0.692500 3.256766 11.348485
 0.695000 3.284773 11.143359
 0.697500 3.312173 10.858406
 0.700000 3.338719 10.454128
 0.702500 3.364077 9.908172
 0.705000 3.387893 9.229276
 0.707500 3.409873 8.461035
 0.710000 3.429886 7.674143
 0.712500 3.447995 6.954779
 0.715000 3.464480 6.374907
 0.717500 3.479725 5.975421
 0.720000 3.494166 5.728565
 0.722500 3.508113 5.562779
 0.725000 3.521650 5.388105
 0.727500 3.534620 5.092531
 0.730000 3.546604 4.593860
 0.732500 3.557034 3.843656
 0.735000 3.565266 2.846413
 0.737500 3.570747 1.655042
 0.740000 3.573105 0.371340
 0.742500 3.572261 -0.888056
 0.745000 3.568414 -2.001445
 0.747500 3.562047 -2.894387
 0.750000 3.553767 -3.526263
 0.752500 3.544209 -3.926649
 0.755000 3.533869 -4.164400
 0.757500 3.523047 -4.333106
 0.760000 3.511778 -4.530436
 0.762500 3.499893 -4.830627
 0.765000 3.487067 -5.291341
 0.767500 3.472854 -5.941686
 0.770000 3.456762 -6.791805
 0.772500 3.438299 -7.831939
 0.775000 3.417021 -9.044712
 0.777500 3.392529 -10.387611
 0.780000 3.364579 -11.797004
 0.782500 3.333101 -13.189224
 0.785000 3.298258 -14.467671
 0.787500 3.260464 -15.547228
 0.790000 3.220305 -16.351797
 0.792500 3.178503 -16.853265
 0.795000 3.135800 -17.078746
 0.797500 3.092812 -17.100056
 0.800000 3.049907 -17.037009
 0.802500 3.007123 -17.015328
 0.805000 2.964195 -17.174504
 0.807500 2.920544 -17.605651
 0.810000 2.875432 -18.338386
 0.812500 2.828145 -19.338366
 0.815000 2.778129 -20.500001
 0.817500 2.725141 -21.682932
 0.820000 2.669305 -22.760041
 0.822500 2.611016 -23.637952
 0.825000 2.550827 -24.288098
 0.827500 2.489273 -24.736827
 0.830000 2.426773 -25.059194
 0.832500 2.363546 -25.331439
 0.835000 2.299641 -25.608857
 0.837500 2.235018 -25.918062
 0.840000 2.169595 -26.237761
 0.842500 2.103388 -26.535954
 0.845000 2.036504 -26.775215
 0.847500 1.969135 -26.928266
 0.850000 1.901511 -26.976622
 0.852500 1.833886 -26.927925
 0.855000 1.766490 -26.802826
 0.857500 1.699482 -26.620713
 0.860000 1.632976 -26.410445
 0.862500 1.567015 -26.192441
 0.865000 1.501596 -25.984722
 0.867500 1.436681 -25.793655
 0.870000 1.372219 -25.622387
 0.872500 1.308171 -25.462254
 0.875000 1.244526 -25.294399
 0.877500 1.181349 -25.096979
 0.880000 1.118737 -24.837796
 0.882500 1.056875 -24.500392
 0.885000 0.995971 -24.075585
 0.887500 0.936230 -23.570401
 0.890000 0.877841 -23.006024
 0.892500 0.820929 -22.398818
 0.895000 0.765577 -21.760359
 0.897500 0.711858 -21.097705
 0.900000 0.659839 -20.401158
 0.902500 0.609621 -19.659639
 0.905000 0.561333 -18.855927
 0.907500 0.515153 -17.982730
 0.910000 0.471253 -17.036730
 0.912500 0.429797 -16.029106
 0.915000 0.390912 -14.988167
 0.917500 0.354644 -13.948474
 0.920000 0.320946 -12.943955
 0.922500 0.289689 -12.003353
 0.925000 0.260692 -11.143724
 0.927500 0.233744 -10.363870
 0.930000 0.208661 -9.653420
 0.932500 0.185294 -8.991502
 0.935000 0.163550 -8.355458
 0.937500 0.143386 -7.728605
 0.940000 0.124792 -7.102993
 0.942500 0.107766 -6.480544
 0.945000 0.092288 -5.865132
 0.947500 0.078333 -5.268447
 0.950000 0.065846 -4.696867
 0.952500 0.054758 -4.153178
 0.955000 0.044994 -3.636303
 0.957500 0.036491 -3.148676
 0.960000 0.029176 -2.689735
 0.962500 0.022971 -2.261057
 0.965000 0.017796 -1.867569
 0.967500 0.013559 -1.514537
 0.970000 0.010153 -1.204662
 0.972500 0.007467 -0.939706
 0.975000 0.005391 -0.719299
 0.977500 0.003815 -0.539260
 0.980000 0.002644 -0.396099
 0.982500 0.001793 -0.284728
 0.985000 0.001185 -0.199410
 0.987500 0.000765 -0.136348
 0.990000 0.000479 -0.090496
 0.992500 0.000292 -0.058290
 0.995000 0.000173 -0.036532
 0.997500 0.000099 -0.022026
 1.000000 0.000055 -0.012963
 1.002500 0.000029 -0.007272
 1.005000 0.000015 -0.003874
 1.007500 0.000007 -0.001968
 1.010000 0.000003 -0.000992
 1.012500 0.000001 -0.000382
 1.015000 0.000001 -0.000174
 1.017500 0.000000 -0.000081
 1.020000 0.000000 -0.000036
 1.022500 0.000000 0.000000
 1.025000 0.000000 0.000000
 1.027500 0.000000 0.000000
 1.030000 0.000000 0.000000
 1.032500 0.000000 0.000000
 1.035000 0.000000 0.000000
 1.037500 0.000000 0.000000
 1.040000 0.000000 0.000000
 1.042500 0.000000 0.000000
 1.045000 0.000000 0.000000
 1.047500 0.000000 0.000000
 1.050000 0.000000 0.000000
 1.052500 0.000000 0.000000
 1.055000 0.000000 0.000000
 1.057500 0.000000 0.000000
 1.060000 0.000000 0.000000
 1.062500 0.000000 0.000000
 1.065000 0.000000 0.000000
 1.067500 0.000000 0.000000
 1.070000 0.000000 0.000000
 1.072500 0.000000 0.000000
 1.075000 0.000000 0.000000
 1.077500 0.000000 0.000000
 1.080000 0.000000 0.000000
 1.082500 0.000000 0.000000
 1.085000 0.000000 0.000000
 1.087500 0.000000 0.000000
 1.090000 0.000000 0.000000
 1.092500 0.000000 0.000000
 1.095000 0.000000 0.000000
 1.097500 0.000000 0.000000
 1.100000 0.000000 0.000000
 1.102500 0.000000 0.000000
 1.105000 0.000000 0.000000
 1.107500 0.000000 0.000000
 1.110000 0.000000 0.000000
 1.112500 0.000000 0.000000
 1.115000 0.000000 0.000000
 1.117500 0.000000 0.000000
 1.120000 0.000000 0.000000
 1.122500 0.000000 0.000000
 1.125000 0.000000 0.000000
 1.127500 0.000000 0.000000
 1.130000 0.000000 0.000000
 1.132500 0.000000 0.000000
 1.135000 0.000000 0.000000
 1.137500 0.000000 0.000000
 1.140000 0.000000 0.000000
 1.142500 0.000000 0.000000
 1.145000 0.000000 0.000000
 1.147500 0.000000 0.000000
 1.150000 0.000000 0.000000
 1.152500 0.000000 0.000000
 1.155000 0.000000 0.000000
 1.157500 0.000000 0.000000
 1.160000 0.000000 0.000000
 1.162500 0.000000 0.000000
 1.165000 0.000000 0.000000
 1.167500 0.000000 0.000000
 1.170000 0.000000 0.000000
 1.172500 0.000000 0.000000
 1.175000 0.000000 0.000000
 1.177500 0.000000 0.000000
 1.180000 0.000000 0.000000
 1.182500 0.000000 0.000000
 1.185000 0.000000 0.000000
 1.187500 0.000000 0.000000
 1.190000 0.000000 0.000000
 1.192500 0.000000 0.000000
 1.195000 0.000000 0.000000
 1.197500 0.000000 0.000000
 1.200000 0.000000 0.000000
 1.202500 0.000000 0.000000
 1.205000 0.000000 0.000000
 1.207500 0.000000 0.000000
 1.210000 0.000000 0.000000
 1.212500 0.000000 0.000000
 1.215000 0.000000 0.000000
 1.217500 0.000000 0.000000
 1.220000 0.000000 0.000000
 1.222500 0.000000 0.000000
 1.225000 0.000000 0.000000
 1.227500 0.000000 0.000000
 1.230000 0.000000 0.000000
 1.232500 0.000000 0.000000
 1.235000 0.000000 0.000000
 1.237500 0.000000 0.000000
 1.240000 0.000000 0.000000
 1.242500 0.000000 0.000000
 1.245000 0.000000 0.000000
 1.247500 0.000000 0.000000
 1.250000 0.000000 0.000000
 1.252500 0.000000 0.000000
 1.255000 0.000000 0.000000
 1.257500 0.000000 0.000000
 1.260000 0.000000 0.000000
 1.262500 0.000000 0.000000
 1.265000 0.000000 0.000000
 1.267500 0.000000 0.000000
 1.270000 0.000000 0.000000
 1.272500 0.000000 0.000000
 1.275000 0.000000 0.000000
 1.277500 0.000000 0.000000
 1.280000 0.000000 0.000000
 1.282500 0.000000 0.000000
 1.285000 0.000000 0.000000
 1.287500 0.000000 0.000000
 1.290000 0.000000 0.000000
 1.292500 0.000000 0.000000
 1.295000 0.000000 0.000000
 1.297500 0.000000 0.000000
 1.300000 0.000000 0.000000
 1.302500 0.000000 0.000000
 1.305000 0.000000 0.000000
 1.307500 0.000000 0.000000
 1.310000 0.000000 0.000000
 1.312500 0.000000 0.000000
 1.315000 0.000000 0.000000
 1.317500 0.000000 0.000000
 1.320000 0.000000 0.000000
 1.322500 0.000000 0.000000
 1.325000 0.000000 0.000000
 1.327500 0.000000 0.000000
 1.330000 0.000000 0.000000
 1.332500 0.000000 0.000000
 1.335000 0.000000 0.000000
 1.337500 0.000000 0.000000
 1.340000 0.000000 0.000000
 1.342500 0.000000 0.000000
 1.345000 0.000000 0.000000
 1.347500 0.000000 0.000000
 1.350000 0.000000 0.000000
 1.352500 0.000000 0.000000
 1.355000 0.000000 0.000000
 1.357500 0.000000 0.000000
 1.360000 0.000000 0.000000
 1.362500 0.000000 0.000000
 1.365000 0.000000 0.000000
 1.367500 0.000000 0.000000
 1.370000 0.000000 0.000000
 1.372500 0.000000 0.000000
 1.375000 0.000000 0.000000
 1.377500 0.000000 0.000000
 1.380000 0.000000 0.000000
 1.382500 0.000000 0.000000
 1.385000 0.000000 0.000000
 1.387500 0.000000 0.000000
 1.390000 0.000000 0.000000
 1.392500 0.000000 0.000000
 1.395000 0.000000 0.000000
 1.397500 0.000000 0.000000
 1.400000 0.000000 0.000000
 1.402500 0.000000 0.000000
 1.405000 0.000000 0.000000
 1.407500 0.000000 0.000000
 1.410000 0.000000 0.000000
 1.412500 0.000000 0.000000
 1.415000 0.000000 0.000000
 1.417500 0.000000 0.000000
 1.420000 0.000000 0.000000
 1.422500 0.000000 0.000000
 1.425000 0.000000 0.000000
 1.427500 0.000000 0.000000
 1.430000 0.000000 0.000000
 1.432500 0.000000 0.000000
 1.435000 0.000000 0.000000
 1.437500 0.000000 0.000000
 1.440000 0.000000 0.000000
 1.442500 0.000000 0.000000
 1.445000 0.000000 0.000000
 1.447500 0.000000 0.000000
 1.450000 0.000000 0.000000
 1.452500 0.000000 0.000000
 1.455000 0.000000 0.000000
 1.457500 0.000000 0.000000
 1.460000 0.000000 0.000000
 1.462500 0.000000 0.000000
 1.465000 0.000000 0.000000
 1.467500 0.000000 0.000000
 1.470000 0.000000 0.000000
 1.472500 0.000000 0.000000
 1.475000 0.000000 0.000000
 1.477500 0.000000 0.000000
 1.480000 0.000000 0.000000
 1.482500 0.000000 0.000000
 1.485000 0.000000 0.000000
 1.487500 0.000000 0.000000
 1.490000 0.000000 0.000000
 1.492500 0.000000 0.000000
 1.495000 0.000000 0.000000
 1.497500 0.000000 0.000000
 1.500000 0.000000 0.000000
 1.502500 0.000000 0.000000
 1.505000 0.000000 0.000000
 1.507500 0.000000 0.000000
 1.510000 0.000000 0.000000
 1.512500 0.000000 0.000000
 1.515000 0.000000 0.000000
 1.517500 0.000000 0.000000
 1.520000 0.000000 0.000000
 1.522500 0.000000 0.000000
 1.525000 0.000000 0.000000
 1.527500 0.000000 0.000000
 1.530000 0.000000 0.000000
 1.532500 0.000000 0.000000
 1.535000 0.000000 0.000000
 1.537500 0.000000 0.000000
 1.540000 0.000000 0.000000
 1.542500 0.000000 0.000000
 1.545000 0.000000 0.000000
 1.547500 0.000000 0.000000
 1.550000 0.000000 0.000000
 1.552500 0.000000 0.000000
 1.555000 0.000000 0.000000
 1.557500 0.000000 0.000000
 1.560000 0.000000 0.000000
 1.562500 0.000000 0.000000
 1.565000 0.000000 0.000000
 1.567500 0.000000 0.000000
 1.570000 0.000000 0.000000
 1.572500 0.000000 0.000000
 1.575000 0.000000 0.000000
 1.577500 0.000000 0.000000
 1.580000 0.000000 0.000000
 1.582500 0.000000 0.000000
 1.585000 0.000000 0.000000
 1.587500 0.000000 0.000000
 1.590000 0.000000 0.000000
 1.592500 0.000000 0.000000
 1.595000 0.000000 0.000000
 1.597500 0.000000 0.000000
 1.600000 0.000000 0.000000
 1.602500 0.000000 0.000000
 1.605000 0.000000 0.000000
 1.607500 0.000000 0.000000
 1.610000 0.000000 0.000000
 1.612500 0.000000 0.000000
 1.615000 0.000000 0.000000
 1.617500 0.000000 0.000000
 1.620000 0.000000 0.000000
 1.622500 0.000000 0.000000
 1.625000 0.000000 0.000000
 1.627500 0.000000 0.000000
 1.630000 0.000000 0.000000
 1.632500 0.000000 0.000000
 1.635000 0.000000 0.000000
 1.637500 0.000000 0.000000
 1.640000 0.000000 0.000000
 1.642500 0.000000 0.000000
 1.645000 0.000000 0.000000
 1.647500 0.000000 0.000000
 1.650000 0.000000 0.000000
 1.652500 0.000000 0.000000
 1.655000 0.000000 0.000000
 1.657500 0.000000 0.000000
 1.660000 0.000000 0.000000
 1.662500 0.000000 0.000000
 1.665000 0.000000 0.000000
 1.667500 0.000000 0.000000
 1.670000 0.000000 0.000000
 1.672500 0.000000 0.000000
 1.675000 0.000000 0.000000
 1.677500 0.000000 0.000000
 1.680000 0.000000 0.000000
 1.682500 0.000000 0.000000
 1.685000 0.000000 0.000000
 1.687500 0.000000 0.000000
 1.690000 0.000000 0.000000
 1.692500 0.000000 0.000000
 1.695000 0.000000 0.000000
 1.697500 0.000000 0.000000
 1.700000 0.000000 0.000000
 1.702500 0.000000 0.000000
 1.705000 0.000000 0.000000
 1.707500 0.000000 0.000000
 1.710000 0.000000 0.000000
 1.712500 0.000000 0.000000
 1.715000 0.000000 0.000000
 1.717500 0.000000 0.000000
 1.720000 0.000000 0.000000
 1.722500 0.000000 0.000000
 1.725000 0.000000 0.000000
 1.727500 0.000000 0.000000
 1.730000 0.000000 0.000000
 1.732500 0.000000 0.000000
 1.735000 0.000000 0.000000
 1.737500 0.000000 0.000000
 1.740000 0.000000 0.000000
 1.742500 0.000000 0.000000
 1.745000 0.000000 0.000000
 1.747500 0.000000 0.000000
 1.750000 0.000000 0.000000
 1.752500 0.000000 0.000000
 1.755000 0.000000 0.000000
 1.757500 0.000000 0.000000
 1.760000 0.000000 0.000000
 1.762500 0.000000 0.000000
 1.765000 0.000000 0.000000
 1.767500 0.000000 0.000000
 1.770000 0.000000 0.000000
 1.772500 0.000000 0.000000
 1.775000 0.000000 0.000000
 1.777500 0.000000 0.000000
 1.780000 0.000000 0.000000
 1.782500 0.000000 0.000000
 1.785000 0.000000 0.000000
 1.787500 0.000000 0.000000
 1.790000 0.000000 0.000000
 1.792500 0.000000 0.000000
 1.795000 0.000000 0.000000
 1.797500 0.000000 0.000000
 1.800000 0.000000 0.000000
 1.802500 0.000000 0.000000
 1.805000 0.000000 0.000000
 1.807500 0.000000 0.000000
 1.810000 0.000000 0.000000
 1.812500 0.000000 0.000000
 1.815000 0.000000 0.000000
 1.817500 0.000000 0.000000
 1.820000 0.000000 0.000000
 1.822500 0.000000 0.000000
 1.825000 0.000000 0.000000
 1.827500 0.000000 0.000000
 1.830000 0.000000 0.000000
 1.832500 0.000000 0.000000
 1.835000 0.000000 0.000000
 1.837500 0.000000 0.000000
 1.840000 0.000000 0.000000
 1.842500 0.000000 0.000000
 1.845000 0.000000 0.000000
 1.847500 0.000000 0.000000
 1.850000 0.000000 0.000000
 1.852500 0.000000 0.000000
 1.855000 0.000000 0.000000
 1.857500 0.000000 0.000000
 1.860000 0.000000 0.000000
 1.862500 0.000000 0.000000
 1.865000 0.000000 0.000000
 1.867500 0.000000 0.000000
 1.870000 0.000000 0.000000
 1.872500 0.000000 0.000000
 1.875000 0.000000 0.000000
 1.877500 0.000000 0.000000
 1.880000 0.000000 0.000000
 1.882500 0.000000 0.000000
 1.885000 0.000000 0.000000
 1.887500 0.000000 0.000000
 1.890000 0.000000 0.000000
 1.892500 0.000000 0.000000
 1.895000 0.000000 0.000000
 1.897500 0.000000 0.000000
 1.900000 0.000000 0.000000
 1.902500 0.000000 0.000000
 1.905000 0.000000 0.000000
 1.907500 0.000000 0.000000
 1.910000 0.000000 0.000000
 1.912500 0.000000 0.000000
 1.915000 0.000000 0.000000
 1.917500 0.000000 0.000000
 1.920000 0.000000 0.000000
 1.922500 0.000000 0.000000
 1.925000 0.000000 0.000000
 1.927500 0.000000 0.000000
 1.930000 0.000000 0.000000
 1.932500 0.000000 0.000000
 1.935000 0.000000 0.000000
 1.937500 0.000000 0.000000
 1.940000 0.000000 0.000000
 1.942500 0.000000 0.000000
 1.945000 0.000000 0.000000
 1.947500 0.000000 0.000000
 1.950000 0.000000 0.000000
 1.952500 0.000000 0.000000
 1.955000 0.000000 0.000000
 1.957500 0.000000 0.000000
 1.960000 0.000000 0.000000
 1.962500 0.000000 0.000000
 1.965000 0.000000 0.000000
 1.967500 0.000000 0.000000
 1.970000 0.000000 0.000000
 1.972500 0.000000 0.000000
 1.975000 0.000000 0.000000
 1.977500 0.000000 0.000000
 1.980000 0.000000 0.000000
 1.982500 0.000000 0.000000
 1.985000 0.000000 0.000000
 1.987500 0.000000 0.000000
 1.990000 0.000000 0.000000
 1.992500 0.000000 0.000000
 1.995000 0.000000 0.000000
 1.997500 0.000000 0.000000
 2.000000 0.000000 0.000000
