#! FIELDS es hh dhh_es
#! SET normalisation  2000.000000
#! SET min_es -0.5
#! SET max_es 2
#! SET nbins_es  1000
#! SET periodic_es false
 -0.500000 0.000000 0.000000
 -0.497500 0.000000 0.000000
 -0.495000 0.000000 0.000000
 -0.492500 0.000000 0.000000
 -0.490000 0.000000 0.000000
 -0.487500 0.000000 0.000000
 -0.485000 0.000000 0.000000
 -0.482500 0.000000 0.000000
 -0.480000 0.000000 0.000000
 -0.477500 0.000000 0.000000
 -0.475000 0.000000 0.000000
 -0.472500 0.000000 0.000000
 -0.470000 0.000000 0.000000
 -0.467500 0.000000 0.000000
 -0.465000 0.000000 0.000000
 -0.462500 0.000000 0.000000
 -0.460000 0.000000 0.000000
 -0.457500 0.000000 0.000000
 -0.455000 0.000000 0.000000
 -0.452500 0.000000 0.000000
 -0.450000 0.000000 0.000000
 -0.447500 0.000000 0.000000
 -0.445000 0.000000 0.000000
 -0.442500 0.000000 0.000000
 -0.440000 0.000000 0.000000
 -0.437500 0.000000 0.000000
 -0.435000 0.000000 0.000000
 -0.432500 0.000000 0.000000
 -0.430000 0.000000 0.000000
 -0.427500 0.000000 0.000000
 -0.425000 0.000000 0.000000
 -0.422500 0.000000 0.000000
 -0.420000 0.000000 0.000000
 -0.417500 0.000000 0.000000
 -0.415000 0.000000 0.000000
 -0.412500 0.000000 0.000000
 -0.410000 0.000000 0.000000
 -0.407500 0.000000 0.000000
 -0.405000 0.000000 0.000000
 -0.402500 0.000000 0.000000
 -0.400000 0.000000 0.000000
 -0.397500 0.000000 0.000000
 -0.395000 0.000000 0.000000
 -0.392500 0.000000 0.000000
 -0.390000 0.000000 0.000000
 -0.387500 0.000000 0.000000
 -0.385000 0.000000 0.000000
 -0.382500 0.000000 0.000000
 -0.380000 0.000000 0.000000
 -0.377500 0.000000 0.000000
 -0.375000 0.000000 0.000000
 -0.372500 0.000000 0.000000
 -0.370000 0.000000 0.000000
 -0.367500 0.000000 0.000000
 -0.365000 0.000000 0.000000
 -0.362500 0.000000 0.000000
 -0.360000 0.000000 0.000000
 -0.357500 0.000000 0.000000
 -0.355000 0.000000 0.000000
 -0.352500 0.000000 0.000000
 -0.350000 0.000000 0.000000
 -0.347500 0.000000 0.000000
 -0.345000 0.000000 0.000000
 -0.342500 0.000000 0.000000
 -0.340000 0.000000 0.000000
 -0.337500 0.000000 0.000000
 -0.335000 0.000000 0.000000
 -0.332500 0.000000 0.000000
 -0.330000 0.000000 0.000000
 -0.327500 0.000000 0.000000
 -0.325000 0.000000 0.000000
 -0.322500 0.000000 0.000000
 -0.320000 0.000000 0.000000
 -0.317500 0.000000 0.000000
 -0.315000 0.000000 0.000000
 -0.312500 0.000000 0.000000
 -0.310000 0.000000 0.000000
 -0.307500 0.000000 0.000000
 -0.305000 0.000000 0.000000
 -0.302500 0.000000 0.000000
 -0.300000 0.000000 0.000000
 -0.297500 0.000000 0.000000
 -0.295000 0.000000 0.000000
 -0.292500 0.000000 0.000000
 -0.290000 0.000000 0.000000
 -0.287500 0.000000 0.000000
 -0.285000 0.000000 0.000000
 -0.282500 0.000000 0.000000
 -0.280000 0.000000 0.000000
 -0.277500 0.000000 0.000000
 -0.275000 0.000000 0.000000
 -0.272500 0.000000 0.000000
 -0.270000 0.000000 0.000000
 -0.267500 0.000000 0.000000
 -0.265000 0.000000 0.000000
 -0.262500 0.000000 0.000000
 -0.260000 0.000000 0.000000
 -0.257500 0.000000 0.000000
 -0.255000 0.000000 0.000000
 -0.252500 0.000000 0.000000
 -0.250000 0.000000 0.000000
 -0.247500 0.000000 0.000000
 -0.245000 0.000000 0.000000
 -0.242500 0.000000 0.000000
 -0.240000 0.000000 0.000000
 -0.237500 0.000000 0.000000
 -0.235000 0.000000 0.000000
 -0.232500 0.000000 0.000000
 -0.230000 0.000000 0.000000
 -0.227500 0.000000 0.000000
 -0.225000 0.000000 0.000000
 -0.222500 0.000000 0.000000
 -0.220000 0.000000 0.000000
 -0.217500 0.000000 0.000000
 -0.215000 0.000000 0.000000
 -0.212500 0.000000 0.000000
 -0.210000 0.000000 0.000000
 -0.207500 0.000000 0.000000
 -0.205000 0.000000 0.000000
 -0.202500 0.000000 0.000000
 -0.200000 0.000000 0.000000
 -0.197500 0.000000 0.000000
 -0.195000 0.000000 0.000000
 -0.192500 0.000000 0.000000
 -0.190000 0.000000 0.000000
 -0.187500 0.000000 0.000000
 -0.185000 0.000000 0.000000
 -0.182500 0.000000 0.000000
 -0.180000 0.000000 0.000000
 -0.177500 0.000000 0.000000
 -0.175000 0.000000 0.000000
 -0.172500 0.000000 0.000000
 -0.170000 0.000000 0.000000
 -0.167500 0.000000 0.000000
 -0.165000 0.000000 0.000000
 -0.162500 0.000000 0.000000
 -0.160000 0.000000 0.000000
 -0.157500 0.000000 0.000000
 -0.155000 0.000000 0.000000
 -0.152500 0.000000 0.000000
 -0.150000 0.000000 0.000000
 -0.147500 0.000000 0.000000
 -0.145000 0.000000 0.000000
 -0.142500 0.000000 0.000000
 -0.140000 0.000000 0.000000
 -0.137500 0.000000 0.000000
 -0.135000 0.000000 0.000000
 -0.132500 0.000000 0.000000
 -0.130000 0.000000 0.000000
 -0.127500 0.000000 0.000000
 -0.125000 0.000000 0.000000
 -0.122500 0.000000 0.000000
 -0.120000 0.000000 0.000000
 -0.117500 0.000000 0.000000
 -0.115000 0.000000 0.000000
 -0.112500 0.000000 0.000000
 -0.110000 0.000000 0.000000
 -0.107500 0.000000 0.000000
 -0.105000 0.000000 0.000000
 -0.102500 0.000000 0.000000
 -0.100000 0.000000 0.000000
 -0.097500 0.000000 0.000000
 -0.095000 0.000000 0.000000
 -0.092500 0.000000 0.000000
 -0.090000 0.000000 0.000000
 -0.087500 0.000000 0.000000
 -0.085000 0.000000 0.000000
 -0.082500 0.000000 0.000000
 -0.080000 0.000000 0.000000
 -0.077500 0.000000 0.000000
 -0.075000 0.000000 0.000000
 -0.072500 0.000000 0.000000
 -0.070000 0.000000 0.000000
 -0.067500 0.000000 0.000000
 -0.065000 0.000000 0.000000
 -0.062500 0.000000 0.000000
 -0.060000 0.000000 0.000000
 -0.057500 0.000000 0.000000
 -0.055000 0.000000 0.000000
 -0.052500 0.000000 0.000000
 -0.050000 0.000000 0.000000
 -0.047500 0.000000 0.000000
 -0.045000 0.000000 0.000000
 -0.042500 0.000000 0.000000
 -0.040000 0.000000 0.000000
 -0.037500 0.000000 0.000000
 -0.035000 0.000000 0.000000
 -0.032500 0.000000 0.000000
 -0.030000 0.000000 0.000000
 -0.027500 0.000000 0.000000
 -0.025000 0.000000 0.000000
 -0.022500 0.000000 0.000000
 -0.020000 0.000000 0.000000
 -0.017500 0.000000 0.000000
 -0.015000 0.000000 0.000000
 -0.012500 0.000000 0.000000
 -0.010000 0.000000 0.000000
 -0.007500 0.000000 0.000000
 -0.005000 0.000000 0.000000
 -0.002500 0.000000 0.000000
 0.000000 0.000000 0.000000
 0.002500 0.000000 0.000000
 0.005000 0.000000 0.000000
 0.007500 0.000000 0.000000
 0.010000 0.000000 0.000000
 0.012500 0.000000 0.000000
 0.015000 0.000000 0.000000
 0.017500 0.000000 0.000000
 0.020000 0.000000 0.000000
 0.022500 0.000000 0.000000
 0.025000 0.000000 0.000000
 0.027500 0.000000 0.000000
 0.030000 0.000000 0.000000
 0.032500 0.000000 0.000000
 0.035000 0.000000 0.000000
 0.037500 0.000000 0.000000
 0.040000 0.000000 0.000000
 0.042500 0.000000 0.000000
 0.045000 0.000000 0.000000
 0.047500 0.000000 0.000000
 0.050000 0.000000 0.000000
 0.052500 0.000000 0.000000
 0.055000 0.000000 0.000000
 0.057500 0.000000 0.000000
 0.060000 0.000000 0.000000
 0.062500 0.000000 0.000000
 0.065000 0.000000 0.000000
 0.067500 0.000000 0.000000
 0.070000 0.000000 0.000000
 0.072500 0.000000 0.000000
 0.075000 0.000000 0.000000
 0.077500 0.000000 0.000000
 0.080000 0.000000 0.000000
 0.082500 0.000000 0.000000
 0.085000 0.000000 0.000000
 0.087500 0.000000 0.000000
 0.090000 0.000000 0.000000
 0.092500 0.000000 0.000000
 0.095000 0.000000 0.000000
 0.097500 0.000000 0.000000
 0.100000 0.000000 0.000000
 0.102500 0.000000 0.000000
 0.105000 0.000000 0.000000
 0.107500 0.000000 0.000000
 0.110000 0.000000 0.000000
 0.112500 0.000000 0.000000
 0.115000 0.000000 0.000000
 0.117500 0.000000 0.000000
 0.120000 0.000000 0.000000
 0.122500 0.000000 0.000000
 0.125000 0.000000 0.000000
 0.127500 0.000000 0.000000
 0.130000 0.000000 0.000000
 0.132500 0.000000 0.000000
 0.135000 0.000000 0.000000
 0.137500 0.000000 0.000000
 0.140000 0.000000 0.000000
 0.142500 0.000000 0.000000
 0.145000 0.000000 0.000000
 0.147500 0.000000 0.000000
 0.150000 0.000000 0.000000
 0.152500 0.000000 0.000000
 0.155000 0.000000 0.000000
 0.157500 0.000000 0.000000
 0.160000 0.000000 0.000000
 0.162500 0.000000 0.000000
 0.165000 0.000000 0.000000
 0.167500 0.000000 0.000000
 0.170000 0.000000 0.000000
 0.172500 0.000000 0.000000
 0.175000 0.000000 0.000000
 0.177500 0.000000 0.000000
 0.180000 0.000000 0.000000
 0.182500 0.000000 0.000000
 0.185000 0.000000 0.000000
 0.187500 0.000000 0.000000
 0.190000 0.000000 0.000000
 0.192500 0.000000 0.000000
 0.195000 0.000000 0.000000
 0.197500 0.000000 0.000000
 0.200000 0.000000 0.000000
 0.202500 0.000000 0.000000
 0.205000 0.000000 0.000000
 0.207500 0.000000 0.000000
 0.210000 0.000000 0.000000
 0.212500 0.000000 0.000000
 0.215000 0.000000 0.000000
 0.217500 0.000000 0.000000
 0.220000 0.000000 0.000000
 0.222500 0.000000 0.000000
 0.225000 0.000000 0.000000
 0.227500 0.000000 0.000000
 0.230000 0.000000 0.000000
 0.232500 0.000000 0.000000
 0.235000 0.000000 0.000000
 0.237500 0.000000 0.000000
 0.240000 0.000000 0.000000
 0.242500 0.000000 0.000000
 0.245000 0.000000 0.000000
 0.247500 0.000000 0.000000
 0.250000 0.000000 0.000000
 0.252500 0.000000 0.000000
 0.255000 0.000000 0.000000
 0.257500 0.000000 0.000000
 0.260000 0.000000 0.000000
 0.262500 0.000000 0.000000
 0.265000 0.000000 0.000000
 0.267500 0.000000 0.000000
 0.270000 0.000000 0.000000
 0.272500 0.000000 0.000000
 0.275000 0.000000 0.000000
 0.277500 0.000000 0.000000
 0.280000 0.000000 0.000000
 0.282500 0.000000 0.000000
 0.285000 0.000000 0.000000
 0.287500 0.000000 0.000000
 0.290000 0.000000 0.000000
 0.292500 0.000000 0.000000
 0.295000 0.000000 0.000000
 0.297500 0.000000 0.000000
 0.300000 0.000000 0.000000
 0.302500 0.000000 0.000000
 0.305000 0.000000 0.000000
 0.307500 0.000000 0.000000
 0.310000 0.000000 0.000000
 0.312500 0.000000 0.000000
 0.315000 0.000000 0.000000
 0.317500 0.000000 0.000000
 0.320000 0.000000 0.000000
 0.322500 0.000000 0.000000
 0.325000 0.000000 0.000000
 0.327500 0.000000 0.000000
 0.330000 0.000000 0.000000
 0.332500 0.000000 0.000000
 0.335000 0.000000 0.000000
 0.337500 0.000000 0.000000
 0.340000 0.000000 0.000000
 0.342500 0.000000 0.000000
 0.345000 0.000000 0.000000
 0.347500 0.000000 0.000000
 0.350000 0.000000 0.000000
 0.352500 0.000000 0.000000
 0.355000 0.000000 0.000000
 0.357500 0.000000 0.000000
 0.360000 0.000000 0.000000
 0.362500 0.000000 0.000000
 0.365000 0.000000 0.000000
 0.367500 0.000000 0.000000
 0.370000 0.000000 0.000000
 0.372500 0.000000 0.000000
 0.375000 0.000000 0.000000
 0.377500 0.000000 0.000000
 0.380000 0.000000 0.000000
 0.382500 0.000000 0.000000
 0.385000 0.000000 0.000000
 0.387500 0.000000 0.000000
 0.390000 0.000000 0.000000
 0.392500 0.000000 0.000000
 0.395000 0.000000 0.000000
 0.397500 0.000000 0.000000
 0.400000 0.000000 0.000000
 0.402500 0.000000 0.000000
 0.405000 0.000000 0.000000
 0.407500 0.000000 0.000000
 0.410000 0.000000 0.000000
 0.412500 0.000000 0.000000
 0.415000 0.000000 0.000000
 0.417500 0.000000 0.000000
 0.420000 0.000000 0.000000
 0.422500 0.000000 0.000000
 0.425000 0.000000 0.000000
 0.427500 0.000000 0.000000
 0.430000 0.000000 0.000000
 0.432500 0.000000 0.000000
 0.435000 0.000000 0.000000
 0.437500 0.000000 0.000000
 0.440000 0.000000 0.000000
 0.442500 0.000000 0.000000
 0.445000 0.000000 0.000000
 0.447500 0.000000 0.000000
 0.450000 0.000000 0.000000
 0.452500 0.000000 0.000000
 0.455000 0.000000 0.000000
 0.457500 0.000000 0.000000
 0.460000 0.000000 0.000000
 0.462500 0.000000 0.000000
 0.465000 0.000000 0.000000
 0.467500 0.000000 0.000000
 0.470000 0.000000 0.000000
 0.472500 0.000000 0.000000
 0.475000 0.000000 0.000000
 0.477500 0.000000 0.000000
 0.480000 0.000000 0.000000
 0.482500 0.000000 0.000000
 0.485000 0.000000 0.000000
 0.487500 0.000000 0.000000
 0.490000 0.000000 0.000000
 0.492500 0.000000 0.000000
 0.495000 0.000000 0.000000
 0.497500 0.000000 0.000000
 0.500000 0.000000 0.000000
 0.502500 0.000000 0.000000
 0.505000 0.000000 0.000000
 0.507500 0.000000 0.000000
 0.510000 0.000000 0.000000
 0.512500 0.000000 0.000000
 0.515000 0.000000 0.000000
 0.517500 0.000000 0.000000
 0.520000 0.000000 0.000000
 0.522500 0.000000 0.000000
 0.525000 0.000000 0.000000
 0.527500 0.000000 0.000000
 0.530000 0.000000 0.000000
 0.532500 0.000000 0.000000
 0.535000 0.000000 0.000000
 0.537500 0.000000 0.000000
 0.540000 0.000000 0.000000
 0.542500 0.000000 0.000000
 0.545000 0.000000 0.000000
 0.547500 0.000000 0.000000
 0.550000 0.000000 0.000000
 0.552500 0.000000 0.000013
 0.555000 0.000000 0.000031
 0.557500 0.000000 0.000072
 0.560000 0.000000 0.000155
 0.562500 0.000001 0.000312
 0.565000 0.000002 0.000585
 0.567500 0.000004 0.001024
 0.570000 0.000007 0.001667
 0.572500 0.000013 0.002517
 0.575000 0.000020 0.003514
 0.577500 0.000030 0.004515
 0.580000 0.000043 0.005296
 0.582500 0.000056 0.005601
 0.585000 0.000070 0.005214
 0.587500 0.000082 0.004046
 0.590000 0.000090 0.002198
 0.592500 0.000092 -0.000043
 0.595000 0.000089 -0.002277
 0.597500 0.000081 -0.004103
 0.600000 0.000069 -0.005242
 0.602500 0.000056 -0.005601
 0.605000 0.000042 -0.005274
 0.607500 0.000030 -0.004480
 0.610000 0.000020 -0.003476
 0.612500 0.000012 -0.002482
 0.615000 0.000007 -0.001639
 0.617500 0.000004 -0.001004
 0.620000 0.000002 -0.000572
 0.622500 0.000001 -0.000304
 0.625000 0.000000 -0.000151
 0.627500 0.000000 -0.000070
 0.630000 0.000000 0.000000
 0.632500 0.000000 0.000000
 0.635000 0.000000 0.000000
 0.637500 0.000000 0.000000
 0.640000 0.000000 0.000000
 0.642500 0.000000 0.000000
 0.645000 0.000000 0.000000
 0.647500 0.000000 0.000000
 0.650000 0.000000 0.000000
 0.652500 0.000000 0.000000
 0.655000 0.000000 0.000000
 0.657500 0.000000 0.000030
 0.660000 0.000000 0.000100
 0.662500 0.000001 0.000229
 0.665000 0.000002 0.000491
 0.667500 0.000003 0.001000
 0.670000 0.000007 0.001915
 0.672500 0.000014 0.003445
 0.675000 0.000025 0.005726
 0.677500 0.000043 0.008950
 0.680000 0.000071 0.013116
 0.682500 0.000109 0.018085
 0.685000 0.000161 0.023510
 0.687500 0.000227 0.028868
 0.690000 0.000305 0.033631
 0.692500 0.000394 0.037343
 0.695000 0.000491 0.039601
 0.697500 0.000591 0.040150
 0.700000 0.000690 0.038938
 0.702500 0.000784 0.035939
 0.705000 0.000869 0.031415
 0.707500 0.000941 0.025904
 0.710000 0.000998 0.020216
 0.712500 0.001043 0.015426
 0.715000 0.001077 0.012539
 0.717500 0.001108 0.012185
 0.720000 0.001141 0.014489
 0.722500 0.001183 0.019314
 0.725000 0.001239 0.026090
 0.727500 0.001315 0.034422
 0.730000 0.001413 0.044283
 0.732500 0.001538 0.055934
 0.735000 0.001695 0.069819
 0.737500 0.001889 0.085958
 0.740000 0.002127 0.104037
 0.742500 0.002411 0.122937
 0.745000 0.002741 0.140826
 0.747500 0.003112 0.155344
 0.750000 0.003513 0.164234
 0.752500 0.003928 0.165807
 0.755000 0.004337 0.159856
 0.757500 0.004723 0.147677
 0.760000 0.005074 0.132634
 0.762500 0.005389 0.119660
 0.765000 0.005680 0.114709
 0.767500 0.005975 0.123174
 0.770000 0.006312 0.148805
 0.772500 0.006735 0.192213
 0.775000 0.007287 0.250514
 0.777500 0.007998 0.318013
 0.780000 0.008880 0.386555
 0.782500 0.009928 0.448463
 0.785000 0.011115 0.497672
 0.787500 0.012406 0.531985
 0.790000 0.013768 0.554380
 0.792500 0.015178 0.572810
 0.795000 0.016642 0.598052
 0.797500 0.018189 0.641090
 0.800000 0.019875 0.711317
 0.802500 0.021776 0.812816
 0.805000 0.023972 0.945592
 0.807500 0.026533 1.104841
 0.810000 0.029520 1.284475
 0.812500 0.032977 1.478653
 0.815000 0.036932 1.682617
 0.817500 0.041406 1.892879
 0.820000 0.046412 2.108049
 0.822500 0.051962 2.326486
 0.825000 0.058061 2.547570
 0.827500 0.064718 2.772004
 0.830000 0.071945 3.003639
 0.832500 0.079767 3.249857
 0.835000 0.088235 3.520574
 0.837500 0.097422 3.826696
 0.840000 0.107432 4.178691
 0.842500 0.118391 4.585447
 0.845000 0.130440 5.051023
 0.847500 0.143730 5.578647
 0.850000 0.158424 6.170847
 0.852500 0.174679 6.826136
 0.855000 0.192650 7.542263
 0.857500 0.212483 8.312922
 0.860000 0.234310 9.134554
 0.862500 0.258251 10.002792
 0.865000 0.284429 10.921791
 0.867500 0.312980 11.902996
 0.870000 0.344090 12.969677
 0.872500 0.378004 14.148976
 0.875000 0.415038 15.467537
 0.877500 0.455577 16.951303
 0.880000 0.500046 18.611772
 0.882500 0.548901 20.452432
 0.885000 0.602579 22.462352
 0.887500 0.661490 24.632899
 0.890000 0.726019 26.955048
 0.892500 0.796558 29.432451
 0.895000 0.873504 32.077899
 0.897500 0.957312 34.924089
 0.900000 1.048536 38.011269
 0.902500 1.147856 41.397093
 0.905000 1.256069 45.131862
 0.907500 1.374119 49.269831
 0.910000 1.503089 53.858383
 0.912500 1.644126 58.916106
 0.915000 1.798415 64.447544
 0.917500 1.967128 70.440553
 0.920000 2.151387 76.874513
 0.922500 2.352280 83.732673
 0.925000 2.570858 91.009382
 0.927500 2.808156 98.705741
 0.930000 3.065240 106.819438
 0.932500 3.343124 115.331361
 0.935000 3.642755 124.197499
 0.937500 3.964922 133.337479
 0.940000 4.310173 142.629703
 0.942500 4.678693 151.923889
 0.945000 5.070278 161.036611
 0.947500 5.484238 169.792163
 0.950000 5.919462 178.022803
 0.952500 6.374466 185.595051
 0.955000 6.847447 192.406899
 0.957500 7.336410 198.367728
 0.960000 7.839078 203.370685
 0.962500 8.352851 207.237646
 0.965000 8.874598 209.718561
 0.967500 9.400419 210.460585
 0.970000 9.925428 209.029620
 0.972500 10.443572 204.916817
 0.975000 10.947444 197.579164
 0.977500 11.428334 186.485734
 0.980000 11.876195 171.159573
 0.982500 12.280007 151.241196
 0.985000 12.628004 126.554449
 0.987500 12.908239 97.128317
 0.990000 13.109107 63.170485
 0.992500 13.219741 25.070576
 0.995000 13.230419 -16.627811
 0.997500 13.132989 -61.238520
 1.000000 12.921233 -107.875258
 1.002500 12.591435 -155.416188
 1.005000 12.143032 -202.468271
 1.007500 11.579254 -247.366272
 1.010000 10.907759 -288.287376
 1.012500 10.140835 -323.361526
 1.015000 9.295314 -350.861584
 1.017500 8.391976 -369.379310
 1.020000 7.454562 -377.983594
 1.022500 6.508401 -376.325740
 1.025000 5.578914 -364.714253
 1.027500 4.689947 -344.091690
 1.030000 3.862266 -315.961471
 1.032500 3.112316 -282.258779
 1.035000 2.451328 -245.153787
 1.037500 1.885032 -206.875012
 1.040000 1.413755 -169.480761
 1.042500 1.033048 -134.680627
 1.045000 0.734778 -103.740624
 1.047500 0.508273 -77.395012
 1.050000 0.341663 -55.885852
 1.052500 0.223032 -39.040427
 1.055000 0.141259 -26.357995
 1.057500 0.086760 -17.196967
 1.060000 0.051617 -10.828904
 1.062500 0.029731 -6.581980
 1.065000 0.016552 -3.854696
 1.067500 0.008884 -2.169299
 1.070000 0.004590 -1.171737
 1.072500 0.002279 -0.607271
 1.075000 0.001084 -0.301053
 1.077500 0.000489 -0.141146
 1.080000 0.000209 -0.062537
 1.082500 0.000086 -0.026666
 1.085000 0.000032 -0.010167
 1.087500 0.000011 -0.003834
 1.090000 0.000003 -0.001134
 1.092500 0.000001 -0.000264
 1.095000 0.000000 -0.000040
 1.097500 0.000000 0.000000
 1.100000 0.000000 0.000000
 1.102500 0.000000 0.000000
 1.105000 0.000000 0.000000
 1.107500 0.000000 0.000000
 1.110000 0.000000 0.000000
 1.112500 0.000000 0.000000
 1.115000 0.000000 0.000000
 1.117500 0.000000 0.000000
 1.120000 0.000000 0.000000
 1.122500 0.000000 0.000000
 1.125000 0.000000 0.000000
 1.127500 0.000000 0.000000
 1.130000 0.000000 0.000000
 1.132500 0.000000 0.000000
 1.135000 0.000000 0.000000
 1.137500 0.000000 0.000000
 1.140000 0.000000 0.000000
 1.142500 0.000000 0.000000
 1.145000 0.000000 0.000000
 1.147500 0.000000 0.000000
 1.150000 0.000000 0.000000
 1.152500 0.000000 0.000000
 1.155000 0.000000 0.000000
 1.157500 0.000000 0.000000
 1.160000 0.000000 0.000000
 1.162500 0.000000 0.000000
 1.165000 0.000000 0.000000
 1.167500 0.000000 0.000000
 1.170000 0.000000 0.000000
 1.172500 0.000000 0.000000
 1.175000 0.000000 0.000000
 1.177500 0.000000 0.000000
 1.180000 0.000000 0.000000
 1.182500 0.000000 0.000000
 1.185000 0.000000 0.000000
 1.187500 0.000000 0.000000
 1.190000 0.000000 0.000000
 1.192500 0.000000 0.000000
 1.195000 0.000000 0.000000
 1.197500 0.000000 0.000000
 1.200000 0.000000 0.000000
 1.202500 0.000000 0.000000
 1.205000 0.000000 0.000000
 1.207500 0.000000 0.000000
 1.210000 0.000000 0.000000
 1.212500 0.000000 0.000000
 1.215000 0.000000 0.000000
 1.217500 0.000000 0.000000
 1.220000 0.000000 0.000000
 1.222500 0.000000 0.000000
 1.225000 0.000000 0.000000
 1.227500 0.000000 0.000000
 1.230000 0.000000 0.000000
 1.232500 0.000000 0.000000
 1.235000 0.000000 0.000000
 1.237500 0.000000 0.000000
 1.240000 0.000000 0.000000
 1.242500 0.000000 0.000000
 1.245000 0.000000 0.000000
 1.247500 0.000000 0.000000
 1.250000 0.000000 0.000000
 1.252500 0.000000 0.000000
 1.255000 0.000000 0.000000
 1.257500 0.000000 0.000000
 1.260000 0.000000 0.000000
 1.262500 0.000000 0.000000
 1.265000 0.000000 0.000000
 1.267500 0.000000 0.000000
 1.270000 0.000000 0.000000
 1.272500 0.000000 0.000000
 1.275000 0.000000 0.000000
 1.277500 0.000000 0.000000
 1.280000 0.000000 0.000000
 1.282500 0.000000 0.000000
 1.285000 0.000000 0.000000
 1.287500 0.000000 0.000000
 1.290000 0.000000 0.000000
 1.292500 0.000000 0.000000
 1.295000 0.000000 0.000000
 1.297500 0.000000 0.000000
 1.300000 0.000000 0.000000
 1.302500 0.000000 0.000000
 1.305000 0.000000 0.000000
 1.307500 0.000000 0.000000
 1.310000 0.000000 0.000000
 1.312500 0.000000 0.000000
 1.315000 0.000000 0.000000
 1.317500 0.000000 0.000000
 1.320000 0.000000 0.000000
 1.322500 0.000000 0.000000
 1.325000 0.000000 0.000000
 1.327500 0.000000 0.000000
 1.330000 0.000000 0.000000
 1.332500 0.000000 0.000000
 1.335000 0.000000 0.000000
 1.337500 0.000000 0.000000
 1.340000 0.000000 0.000000
 1.342500 0.000000 0.000000
 1.345000 0.000000 0.000000
 1.347500 0.000000 0.000000
 1.350000 0.000000 0.000000
 1.352500 0.000000 0.000000
 1.355000 0.000000 0.000000
 1.357500 0.000000 0.000000
 1.360000 0.000000 0.000000
 1.362500 0.000000 0.000000
 1.365000 0.000000 0.000000
 1.367500 0.000000 0.000000
 1.370000 0.000000 0.000000
 1.372500 0.000000 0.000000
 1.375000 0.000000 0.000000
 1.377500 0.000000 0.000000
 1.380000 0.000000 0.000000
 1.382500 0.000000 0.000000
 1.385000 0.000000 0.000000
 1.387500 0.000000 0.000000
 1.390000 0.000000 0.000000
 1.392500 0.000000 0.000000
 1.395000 0.000000 0.000000
 1.397500 0.000000 0.000000
 1.400000 0.000000 0.000000
 1.402500 0.000000 0.000000
 1.405000 0.000000 0.000000
 1.407500 0.000000 0.000000
 1.410000 0.000000 0.000000
 1.412500 0.000000 0.000000
 1.415000 0.000000 0.000000
 1.417500 0.000000 0.000000
 1.420000 0.000000 0.000000
 1.422500 0.000000 0.000000
 1.425000 0.000000 0.000000
 1.427500 0.000000 0.000000
 1.430000 0.000000 0.000000
 1.432500 0.000000 0.000000
 1.435000 0.000000 0.000000
 1.437500 0.000000 0.000000
 1.440000 0.000000 0.000000
 1.442500 0.000000 0.000000
 1.445000 0.000000 0.000000
 1.447500 0.000000 0.000000
 1.450000 0.000000 0.000000
 1.452500 0.000000 0.000000
 1.455000 0.000000 0.000000
 1.457500 0.000000 0.000000
 1.460000 0.000000 0.000000
 1.462500 0.000000 0.000000
 1.465000 0.000000 0.000000
 1.467500 0.000000 0.000000
 1.470000 0.000000 0.000000
 1.472500 0.000000 0.000000
 1.475000 0.000000 0.000000
 1.477500 0.000000 0.000000
 1.480000 0.000000 0.000000
 1.482500 0.000000 0.000000
 1.485000 0.000000 0.000000
 1.487500 0.000000 0.000000
 1.490000 0.000000 0.000000
 1.492500 0.000000 0.000000
 1.495000 0.000000 0.000000
 1.497500 0.000000 0.000000
 1.500000 0.000000 0.000000
 1.502500 0.000000 0.000000
 1.505000 0.000000 0.000000
 1.507500 0.000000 0.000000
 1.510000 0.000000 0.000000
 1.512500 0.000000 0.000000
 1.515000 0.000000 0.000000
 1.517500 0.000000 0.000000
 1.520000 0.000000 0.000000
 1.522500 0.000000 0.000000
 1.525000 0.000000 0.000000
 1.527500 0.000000 0.000000
 1.530000 0.000000 0.000000
 1.532500 0.000000 0.000000
 1.535000 0.000000 0.000000
 1.537500 0.000000 0.000000
 1.540000 0.000000 0.000000
 1.542500 0.000000 0.000000
 1.545000 0.000000 0.000000
 1.547500 0.000000 0.000000
 1.550000 0.000000 0.000000
 1.552500 0.000000 0.000000
 1.555000 0.000000 0.000000
 1.557500 0.000000 0.000000
 1.560000 0.000000 0.000000
 1.562500 0.000000 0.000000
 1.565000 0.000000 0.000000
 1.567500 0.000000 0.000000
 1.570000 0.000000 0.000000
 1.572500 0.000000 0.000000
 1.575000 0.000000 0.000000
 1.577500 0.000000 0.000000
 1.580000 0.000000 0.000000
 1.582500 0.000000 0.000000
 1.585000 0.000000 0.000000
 1.587500 0.000000 0.000000
 1.590000 0.000000 0.000000
 1.592500 0.000000 0.000000
 1.595000 0.000000 0.000000
 1.597500 0.000000 0.000000
 1.600000 0.000000 0.000000
 1.602500 0.000000 0.000000
 1.605000 0.000000 0.000000
 1.607500 0.000000 0.000000
 1.610000 0.000000 0.000000
 1.612500 0.000000 0.000000
 1.615000 0.000000 0.000000
 1.617500 0.000000 0.000000
 1.620000 0.000000 0.000000
 1.622500 0.000000 0.000000
 1.625000 0.000000 0.000000
 1.627500 0.000000 0.000000
 1.630000 0.000000 0.000000
 1.632500 0.000000 0.000000
 1.635000 0.000000 0.000000
 1.637500 0.000000 0.000000
 1.640000 0.000000 0.000000
 1.642500 0.000000 0.000000
 1.645000 0.000000 0.000000
 1.647500 0.000000 0.000000
 1.650000 0.000000 0.000000
 1.652500 0.000000 0.000000
 1.655000 0.000000 0.000000
 1.657500 0.000000 0.000000
 1.660000 0.000000 0.000000
 1.662500 0.000000 0.000000
 1.665000 0.000000 0.000000
 1.667500 0.000000 0.000000
 1.670000 0.000000 0.000000
 1.672500 0.000000 0.000000
 1.675000 0.000000 0.000000
 1.677500 0.000000 0.000000
 1.680000 0.000000 0.000000
 1.682500 0.000000 0.000000
 1.685000 0.000000 0.000000
 1.687500 0.000000 0.000000
 1.690000 0.000000 0.000000
 1.692500 0.000000 0.000000
 1.695000 0.000000 0.000000
 1.697500 0.000000 0.000000
 1.700000 0.000000 0.000000
 1.702500 0.000000 0.000000
 1.705000 0.000000 0.000000
 1.707500 0.000000 0.000000
 1.710000 0.000000 0.000000
 1.712500 0.000000 0.000000
 1.715000 0.000000 0.000000
 1.717500 0.000000 0.000000
 1.720000 0.000000 0.000000
 1.722500 0.000000 0.000000
 1.725000 0.000000 0.000000
 1.727500 0.000000 0.000000
 1.730000 0.000000 0.000000
 1.732500 0.000000 0.000000
 1.735000 0.000000 0.000000
 1.737500 0.000000 0.000000
 1.740000 0.000000 0.000000
 1.742500 0.000000 0.000000
 1.745000 0.000000 0.000000
 1.747500 0.000000 0.000000
 1.750000 0.000000 0.000000
 1.752500 0.000000 0.000000
 1.755000 0.000000 0.000000
 1.757500 0.000000 0.000000
 1.760000 0.000000 0.000000
 1.762500 0.000000 0.000000
 1.765000 0.000000 0.000000
 1.767500 0.000000 0.000000
 1.770000 0.000000 0.000000
 1.772500 0.000000 0.000000
 1.775000 0.000000 0.000000
 1.777500 0.000000 0.000000
 1.780000 0.000000 0.000000
 1.782500 0.000000 0.000000
 1.785000 0.000000 0.000000
 1.787500 0.000000 0.000000
 1.790000 0.000000 0.000000
 1.792500 0.000000 0.000000
 1.795000 0.000000 0.000000
 1.797500 0.000000 0.000000
 1.800000 0.000000 0.000000
 1.802500 0.000000 0.000000
 1.805000 0.000000 0.000000
 1.807500 0.000000 0.000000
 1.810000 0.000000 0.000000
 1.812500 0.000000 0.000000
 1.815000 0.000000 0.000000
 1.817500 0.000000 0.000000
 1.820000 0.000000 0.000000
 1.822500 0.000000 0.000000
 1.825000 0.000000 0.000000
 1.827500 0.000000 0.000000
 1.830000 0.000000 0.000000
 1.832500 0.000000 0.000000
 1.835000 0.000000 0.000000
 1.837500 0.000000 0.000000
 1.840000 0.000000 0.000000
 1.842500 0.000000 0.000000
 1.845000 0.000000 0.000000
 1.847500 0.000000 0.000000
 1.850000 0.000000 0.000000
 1.852500 0.000000 0.000000
 1.855000 0.000000 0.000000
 1.857500 0.000000 0.000000
 1.860000 0.000000 0.000000
 1.862500 0.000000 0.000000
 1.865000 0.000000 0.000000
 1.867500 0.000000 0.000000
 1.870000 0.000000 0.000000
 1.872500 0.000000 0.000000
 1.875000 0.000000 0.000000
 1.877500 0.000000 0.000000
 1.880000 0.000000 0.000000
 1.882500 0.000000 0.000000
 1.885000 0.000000 0.000000
 1.887500 0.000000 0.000000
 1.890000 0.000000 0.000000
 1.892500 0.000000 0.000000
 1.895000 0.000000 0.000000
 1.897500 0.000000 0.000000
 1.900000 0.000000 0.000000
 1.902500 0.000000 0.000000
 1.905000 0.000000 0.000000
 1.907500 0.000000 0.000000
 1.910000 0.000000 0.000000
 1.912500 0.000000 0.000000
 1.915000 0.000000 0.000000
 1.917500 0.000000 0.000000
 1.920000 0.000000 0.000000
 1.922500 0.000000 0.000000
 1.925000 0.000000 0.000000
 1.927500 0.000000 0.000000
 1.930000 0.000000 0.000000
 1.932500 0.000000 0.000000
 1.935000 0.000000 0.000000
 1.937500 0.000000 0.000000
 1.940000 0.000000 0.000000
 1.942500 0.000000 0.000000
 1.945000 0.000000 0.000000
 1.947500 0.000000 0.000000
 1.950000 0.000000 0.000000
 1.952500 0.000000 0.000000
 1.955000 0.000000 0.000000
 1.957500 0.000000 0.000000
 1.960000 0.000000 0.000000
 1.962500 0.000000 0.000000
 1.965000 0.000000 0.000000
 1.967500 0.000000 0.000000
 1.970000 0.000000 0.000000
 1.972500 0.000000 0.000000
 1.975000 0.000000 0.000000
 1.977500 0.000000 0.000000
 1.980000 0.000000 0.000000
 1.982500 0.000000 0.000000
 1.985000 0.000000 0.000000
 1.987500 0.000000 0.000000
 1.990000 0.000000 0.000000
 1.992500 0.000000 0.000000
 1.995000 0.000000 0.000000
 1.997500 0.000000 0.000000
 2.000000 0.000000 0.000000
