#! FIELDS es hh dhh_es
#! SET normalisation  2000.000000
#! SET min_es -0.5
#! SET max_es 2
#! SET nbins_es  1000
#! SET periodic_es false
 -0.500000 0.000000 0.000000
 -0.497500 0.000000 0.000000
 -0.495000 0.000000 0.000000
 -0.492500 0.000000 0.000000
 -0.490000 0.000000 0.000000
 -0.487500 0.000000 0.000000
 -0.485000 0.000000 0.000000
 -0.482500 0.000000 0.000000
 -0.480000 0.000000 0.000000
 -0.477500 0.000000 0.000000
 -0.475000 0.000000 0.000000
 -0.472500 0.000000 0.000000
 -0.470000 0.000000 0.000000
 -0.467500 0.000000 0.000000
 -0.465000 0.000000 0.000000
 -0.462500 0.000000 0.000000
 -0.460000 0.000000 0.000000
 -0.457500 0.000000 0.000000
 -0.455000 0.000000 0.000000
 -0.452500 0.000000 0.000000
 -0.450000 0.000000 0.000000
 -0.447500 0.000000 0.000000
 -0.445000 0.000000 0.000000
 -0.442500 0.000000 0.000000
 -0.440000 0.000000 0.000000
 -0.437500 0.000000 0.000000
 -0.435000 0.000000 0.000000
 -0.432500 0.000000 0.000000
 -0.430000 0.000000 0.000000
 -0.427500 0.000000 0.000000
 -0.425000 0.000000 0.000000
 -0.422500 0.000000 0.000000
 -0.420000 0.000000 0.000000
 -0.417500 0.000000 0.000000
 -0.415000 0.000000 0.000000
 -0.412500 0.000000 0.000000
 -0.410000 0.000000 0.000000
 -0.407500 0.000000 0.000000
 -0.405000 0.000000 0.000000
 -0.402500 0.000000 0.000000
 -0.400000 0.000000 0.000000
 -0.397500 0.000000 0.000000
 -0.395000 0.000000 0.000000
 -0.392500 0.000000 0.000000
 -0.390000 0.000000 0.000000
 -0.387500 0.000000 0.000000
 -0.385000 0.000000 0.000000
 -0.382500 0.000000 0.000000
 -0.380000 0.000000 0.000000
 -0.377500 0.000000 0.000000
 -0.375000 0.000000 0.000000
 -0.372500 0.000000 0.000000
 -0.370000 0.000000 0.000000
 -0.367500 0.000000 0.000000
 -0.365000 0.000000 0.000000
 -0.362500 0.000000 0.000000
 -0.360000 0.000000 0.000000
 -0.357500 0.000000 0.000000
 -0.355000 0.000000 0.000000
 -0.352500 0.000000 0.000000
 -0.350000 0.000000 0.000000
 -0.347500 0.000000 0.000000
 -0.345000 0.000000 0.000000
 -0.342500 0.000000 0.000000
 -0.340000 0.000000 0.000000
 -0.337500 0.000000 0.000000
 -0.335000 0.000000 0.000000
 -0.332500 0.000000 0.000000
 -0.330000 0.000000 0.000000
 -0.327500 0.000000 0.000000
 -0.325000 0.000000 0.000000
 -0.322500 0.000000 0.000000
 -0.320000 0.000000 0.000000
 -0.317500 0.000000 0.000000
 -0.315000 0.000000 0.000000
 -0.312500 0.000000 0.000000
 -0.310000 0.000000 0.000000
 -0.307500 0.000000 0.000000
 -0.305000 0.000000 0.000000
 -0.302500 0.000000 0.000000
 -0.300000 0.000000 0.000000
 -0.297500 0.000000 0.000000
 -0.295000 0.000000 0.000000
 -0.292500 0.000000 0.000000
 -0.290000 0.000000 0.000000
 -0.287500 0.000000 0.000000
 -0.285000 0.000000 0.000000
 -0.282500 0.000000 0.000000
 -0.280000 0.000000 0.000000
 -0.277500 0.000000 0.000000
 -0.275000 0.000000 0.000000
 -0.272500 0.000000 0.000000
 -0.270000 0.000000 0.000000
 -0.267500 0.000000 0.000000
 -0.265000 0.000000 0.000000
 -0.262500 0.000000 0.000000
 -0.260000 0.000000 0.000000
 -0.257500 0.000000 0.000000
 -0.255000 0.000000 0.000000
 -0.252500 0.000000 0.000000
 -0.250000 0.000000 0.000000
 -0.247500 0.000000 0.000000
 -0.245000 0.000000 0.000000
 -0.242500 0.000000 0.000000
 -0.240000 0.000000 0.000000
 -0.237500 0.000000 0.000000
 -0.235000 0.000000 0.000000
 -0.232500 0.000000 0.000000
 -0.230000 0.000000 0.000000
 -0.227500 0.000000 0.000000
 -0.225000 0.000000 0.000000
 -0.222500 0.000000 0.000000
 -0.220000 0.000000 0.000000
 -0.217500 0.000000 0.000000
 -0.215000 0.000000 0.000000
 -0.212500 0.000000 0.000000
 -0.210000 0.000000 0.000000
 -0.207500 0.000000 0.000000
 -0.205000 0.000000 0.000000
 -0.202500 0.000000 0.000000
 -0.200000 0.000000 0.000000
 -0.197500 0.000000 0.000000
 -0.195000 0.000000 0.000000
 -0.192500 0.000000 0.000000
 -0.190000 0.000000 0.000000
 -0.187500 0.000000 0.000000
 -0.185000 0.000000 0.000000
 -0.182500 0.000000 0.000000
 -0.180000 0.000000 0.000000
 -0.177500 0.000000 0.000000
 -0.175000 0.000000 0.000000
 -0.172500 0.000000 0.000000
 -0.170000 0.000000 0.000000
 -0.167500 0.000000 0.000000
 -0.165000 0.000000 0.000000
 -0.162500 0.000000 0.000000
 -0.160000 0.000000 0.000000
 -0.157500 0.000000 0.000000
 -0.155000 0.000000 0.000000
 -0.152500 0.000000 0.000000
 -0.150000 0.000000 0.000000
 -0.147500 0.000000 0.000000
 -0.145000 0.000000 0.000000
 -0.142500 0.000000 0.000000
 -0.140000 0.000000 0.000000
 -0.137500 0.000000 0.000000
 -0.135000 0.000000 0.000000
 -0.132500 0.000000 0.000000
 -0.130000 0.000000 0.000000
 -0.127500 0.000000 0.000000
 -0.125000 0.000000 0.000000
 -0.122500 0.000000 0.000000
 -0.120000 0.000000 0.000000
 -0.117500 0.000000 0.000000
 -0.115000 0.000000 0.000000
 -0.112500 0.000000 0.000000
 -0.110000 0.000000 0.000000
 -0.107500 0.000000 0.000000
 -0.105000 0.000000 0.000000
 -0.102500 0.000000 0.000000
 -0.100000 0.000000 0.000000
 -0.097500 0.000000 0.000000
 -0.095000 0.000000 0.000000
 -0.092500 0.000000 0.000000
 -0.090000 0.000000 0.000000
 -0.087500 0.000000 0.000000
 -0.085000 0.000000 0.000000
 -0.082500 0.000000 0.000000
 -0.080000 0.000000 0.000000
 -0.077500 0.000000 0.000000
 -0.075000 0.000000 0.000000
 -0.072500 0.000000 0.000000
 -0.070000 0.000000 0.000000
 -0.067500 0.000000 0.000000
 -0.065000 0.000000 0.000000
 -0.062500 0.000000 0.000000
 -0.060000 0.000000 0.000000
 -0.057500 0.000000 0.000000
 -0.055000 0.000000 0.000000
 -0.052500 0.000000 0.000000
 -0.050000 0.000000 0.000000
 -0.047500 0.000000 0.000000
 -0.045000 0.000000 0.000000
 -0.042500 0.000000 0.000000
 -0.040000 0.000000 0.000000
 -0.037500 0.000000 0.000000
 -0.035000 0.000000 0.000000
 -0.032500 0.000000 0.000000
 -0.030000 0.000000 0.000000
 -0.027500 0.000000 0.000000
 -0.025000 0.000000 0.000000
 -0.022500 0.000000 0.000000
 -0.020000 0.000000 0.000000
 -0.017500 0.000000 0.000000
 -0.015000 0.000000 0.000000
 -0.012500 0.000000 0.000000
 -0.010000 0.000000 0.000000
 -0.007500 0.000000 0.000000
 -0.005000 0.000000 0.000000
 -0.002500 0.000000 0.000000
 0.000000 0.000000 0.000000
 0.002500 0.000000 0.000000
 0.005000 0.000000 0.000000
 0.007500 0.000000 0.000000
 0.010000 0.000000 0.000000
 0.012500 0.000000 0.000000
 0.015000 0.000000 0.000000
 0.017500 0.000000 0.000000
 0.020000 0.000000 0.000000
 0.022500 0.000000 0.000000
 0.025000 0.000000 0.000000
 0.027500 0.000000 0.000000
 0.030000 0.000000 0.000000
 0.032500 0.000000 0.000000
 0.035000 0.000000 0.000000
 0.037500 0.000000 0.000000
 0.040000 0.000000 0.000000
 0.042500 0.000000 0.000000
 0.045000 0.000000 0.000000
 0.047500 0.000000 0.000000
 0.050000 0.000000 0.000000
 0.052500 0.000000 0.000000
 0.055000 0.000000 0.000000
 0.057500 0.000000 0.000000
 0.060000 0.000000 0.000000
 0.062500 0.000000 0.000000
 0.065000 0.000000 0.000000
 0.067500 0.000000 0.000000
 0.070000 0.000000 0.000000
 0.072500 0.000000 0.000000
 0.075000 0.000000 0.000000
 0.077500 0.000000 0.000000
 0.080000 0.000000 0.000000
 0.082500 0.000000 0.000000
 0.085000 0.000000 0.000000
 0.087500 0.000000 0.000000
 0.090000 0.000000 0.000000
 0.092500 0.000000 0.000000
 0.095000 0.000000 0.000000
 0.097500 0.000000 0.000000
 0.100000 0.000000 0.000000
 0.102500 0.000000 0.000000
 0.105000 0.000000 0.000000
 0.107500 0.000000 0.000000
 0.110000 0.000000 0.000000
 0.112500 0.000000 0.000000
 0.115000 0.000000 0.000000
 0.117500 0.000000 0.000000
 0.120000 0.000000 0.000000
 0.122500 0.000000 0.000000
 0.125000 0.000000 0.000000
 0.127500 0.000000 0.000000
 0.130000 0.000000 0.000000
 0.132500 0.000000 0.000000
 0.135000 0.000000 0.000000
 0.137500 0.000000 0.000000
 0.140000 0.000000 0.000000
 0.142500 0.000000 0.000000
 0.145000 0.000000 0.000000
 0.147500 0.000000 0.000000
 0.150000 0.000000 0.000000
 0.152500 0.000000 0.000000
 0.155000 0.000000 0.000000
 0.157500 0.000000 0.000000
 0.160000 0.000000 0.000000
 0.162500 0.000000 0.000000
 0.165000 0.000000 0.000000
 0.167500 0.000000 0.000023
 0.170000 0.000000 0.000054
 0.172500 0.000000 0.000119
 0.175000 0.000001 0.000246
 0.177500 0.000002 0.000474
 0.180000 0.000003 0.000850
 0.182500 0.000006 0.001419
 0.185000 0.000011 0.002199
 0.187500 0.000017 0.003157
 0.190000 0.000026 0.004178
 0.192500 0.000038 0.005064
 0.195000 0.000051 0.005564
 0.197500 0.000065 0.005436
 0.200000 0.000078 0.004540
 0.202500 0.000087 0.002905
 0.205000 0.000092 0.000759
 0.207500 0.000091 -0.001525
 0.210000 0.000085 -0.003534
 0.212500 0.000074 -0.004933
 0.215000 0.000061 -0.005562
 0.217500 0.000047 -0.005454
 0.220000 0.000034 -0.004793
 0.222500 0.000023 -0.003834
 0.225000 0.000015 -0.002817
 0.227500 0.000009 -0.001911
 0.230000 0.000005 -0.001201
 0.232500 0.000003 -0.000702
 0.235000 0.000001 -0.000382
 0.237500 0.000001 -0.000194
 0.240000 0.000000 -0.000092
 0.242500 0.000000 -0.000041
 0.245000 0.000000 0.000000
 0.247500 0.000000 0.000000
 0.250000 0.000000 0.000000
 0.252500 0.000000 0.000000
 0.255000 0.000000 0.000000
 0.257500 0.000000 0.000000
 0.260000 0.000000 0.000000
 0.262500 0.000000 0.000000
 0.265000 0.000000 0.000000
 0.267500 0.000000 0.000000
 0.270000 0.000000 0.000000
 0.272500 0.000000 0.000000
 0.275000 0.000000 0.000000
 0.277500 0.000000 0.000000
 0.280000 0.000000 0.000000
 0.282500 0.000000 0.000000
 0.285000 0.000000 0.000000
 0.287500 0.000000 0.000000
 0.290000 0.000000 0.000000
 0.292500 0.000000 0.000000
 0.295000 0.000000 0.000028
 0.297500 0.000000 0.000064
 0.300000 0.000000 0.000139
 0.302500 0.000001 0.000312
 0.305000 0.000002 0.000604
 0.307500 0.000004 0.001094
 0.310000 0.000008 0.001853
 0.312500 0.000014 0.002935
 0.315000 0.000023 0.004350
 0.317500 0.000036 0.006002
 0.320000 0.000053 0.007703
 0.322500 0.000074 0.009167
 0.325000 0.000098 0.010065
 0.327500 0.000124 0.010139
 0.330000 0.000148 0.009237
 0.332500 0.000169 0.007459
 0.335000 0.000185 0.005118
 0.337500 0.000195 0.002666
 0.340000 0.000199 0.000597
 0.342500 0.000198 -0.000780
 0.345000 0.000195 -0.001338
 0.347500 0.000192 -0.001175
 0.350000 0.000190 -0.000590
 0.352500 0.000189 0.000111
 0.355000 0.000190 0.000709
 0.357500 0.000193 0.001112
 0.360000 0.000196 0.001384
 0.362500 0.000200 0.001689
 0.365000 0.000205 0.002204
 0.367500 0.000211 0.003148
 0.370000 0.000221 0.004665
 0.372500 0.000235 0.006826
 0.375000 0.000256 0.009758
 0.377500 0.000285 0.013433
 0.380000 0.000324 0.017954
 0.382500 0.000375 0.023088
 0.385000 0.000440 0.028568
 0.387500 0.000518 0.033903
 0.390000 0.000609 0.038527
 0.392500 0.000710 0.041901
 0.395000 0.000817 0.043671
 0.397500 0.000927 0.043856
 0.400000 0.001035 0.042774
 0.402500 0.001140 0.040777
 0.405000 0.001239 0.038258
 0.407500 0.001331 0.035133
 0.410000 0.001414 0.031287
 0.412500 0.001487 0.026515
 0.415000 0.001546 0.020776
 0.417500 0.001590 0.014434
 0.420000 0.001618 0.008104
 0.422500 0.001632 0.003064
 0.425000 0.001636 0.000626
 0.427500 0.001638 0.002001
 0.430000 0.001650 0.008063
 0.432500 0.001683 0.018970
 0.435000 0.001748 0.033653
 0.437500 0.001853 0.050078
 0.440000 0.001997 0.065181
 0.442500 0.002175 0.075743
 0.445000 0.002370 0.079348
 0.447500 0.002565 0.075009
 0.450000 0.002740 0.063646
 0.452500 0.002880 0.048375
 0.455000 0.002982 0.033209
 0.457500 0.003050 0.022498
 0.460000 0.003101 0.019207
 0.462500 0.003154 0.024560
 0.465000 0.003231 0.037902
 0.467500 0.003348 0.056769
 0.470000 0.003517 0.077962
 0.472500 0.003737 0.098038
 0.475000 0.004004 0.113805
 0.477500 0.004302 0.123122
 0.480000 0.004614 0.125136
 0.482500 0.004923 0.121356
 0.485000 0.005219 0.114860
 0.487500 0.005500 0.110652
 0.490000 0.005778 0.113687
 0.492500 0.006077 0.126900
 0.495000 0.006421 0.149908
 0.497500 0.006831 0.178576
 0.500000 0.007314 0.206289
 0.502500 0.007856 0.225941
 0.505000 0.008433 0.232447
 0.507500 0.009007 0.224593
 0.510000 0.009547 0.205304
 0.512500 0.010030 0.179929
 0.515000 0.010448 0.155432
 0.517500 0.010814 0.138060
 0.520000 0.011150 0.132384
 0.522500 0.011489 0.141353
 0.525000 0.011871 0.166246
 0.527500 0.012334 0.206245
 0.530000 0.012914 0.259434
 0.532500 0.013641 0.322641
 0.535000 0.014533 0.390872
 0.537500 0.015597 0.458801
 0.540000 0.016825 0.521173
 0.542500 0.018197 0.574263
 0.545000 0.019688 0.615863
 0.547500 0.021268 0.645712
 0.550000 0.022909 0.665236
 0.552500 0.024588 0.675984
 0.555000 0.026285 0.680012
 0.557500 0.027987 0.679306
 0.560000 0.029682 0.676476
 0.562500 0.031371 0.674378
 0.565000 0.033060 0.677339
 0.567500 0.034768 0.689430
 0.570000 0.036521 0.712985
 0.572500 0.038346 0.747518
 0.575000 0.040269 0.791175
 0.577500 0.042309 0.839207
 0.580000 0.044470 0.888233
 0.582500 0.046753 0.936088
 0.585000 0.049154 0.983509
 0.587500 0.051676 1.033552
 0.590000 0.054330 1.090261
 0.592500 0.057141 1.158085
 0.595000 0.060137 1.239500
 0.597500 0.063355 1.334592
 0.600000 0.066826 1.442216
 0.602500 0.070577 1.558091
 0.605000 0.074621 1.675390
 0.607500 0.078957 1.790185
 0.610000 0.083573 1.898417
 0.612500 0.088450 1.999869
 0.615000 0.093574 2.096702
 0.617500 0.098941 2.193908
 0.620000 0.104557 2.296998
 0.622500 0.110439 2.408441
 0.625000 0.116613 2.527628
 0.627500 0.123092 2.652637
 0.630000 0.129885 2.778729
 0.632500 0.136993 2.903871
 0.635000 0.144412 3.027530
 0.637500 0.152137 3.149125
 0.640000 0.160165 3.270610
 0.642500 0.168499 3.391945
 0.645000 0.177135 3.512130
 0.647500 0.186068 3.629168
 0.650000 0.195285 3.738669
 0.652500 0.204769 3.843986
 0.655000 0.214513 3.946814
 0.657500 0.224519 4.054964
 0.660000 0.234811 4.177618
 0.662500 0.245443 4.325466
 0.665000 0.256482 4.506794
 0.667500 0.268025 4.726685
 0.670000 0.280165 4.986282
 0.672500 0.293000 5.280541
 0.675000 0.306606 5.602253
 0.677500 0.321043 5.945183
 0.680000 0.336363 6.305450
 0.682500 0.352602 6.679632
 0.685000 0.369797 7.070875
 0.687500 0.387988 7.476538
 0.690000 0.407209 7.894058
 0.692500 0.427482 8.315831
 0.695000 0.448810 8.736644
 0.697500 0.471189 9.155898
 0.700000 0.494621 9.580381
 0.702500 0.519128 10.021718
 0.705000 0.544779 10.493713
 0.707500 0.571661 11.003483
 0.710000 0.599856 11.544870
 0.712500 0.629428 12.102699
 0.715000 0.660395 12.655220
 0.717500 0.692723 13.188070
 0.720000 0.726353 13.698094
 0.722500 0.761245 14.200782
 0.725000 0.797412 14.725113
 0.727500 0.834952 15.299874
 0.730000 0.874024 15.954026
 0.732500 0.914838 16.693988
 0.735000 0.957604 17.512256
 0.737500 1.002489 18.383159
 0.740000 1.049586 19.275745
 0.742500 1.098909 20.157847
 0.745000 1.150401 21.011421
 0.747500 1.203981 21.826702
 0.750000 1.259566 22.616161
 0.752500 1.317113 23.397843
 0.755000 1.376633 24.197966
 0.757500 1.438199 25.041500
 0.760000 1.501944 25.939271
 0.762500 1.568003 26.895049
 0.765000 1.636524 27.902218
 0.767500 1.707622 28.953073
 0.770000 1.781395 30.044705
 0.772500 1.857954 31.185068
 0.775000 1.937445 32.398013
 0.777500 2.020087 33.708816
 0.780000 2.106160 35.136942
 0.782500 2.195942 36.676468
 0.785000 2.289664 38.287985
 0.787500 2.387442 39.901592
 0.790000 2.489180 41.440587
 0.792500 2.594589 42.825480
 0.795000 2.703201 44.001872
 0.797500 2.814473 44.952815
 0.800000 2.927872 45.712905
 0.802500 3.043006 46.355245
 0.805000 3.159702 46.983472
 0.807500 3.278070 47.709284
 0.810000 3.398445 48.607189
 0.812500 3.521321 49.711420
 0.815000 3.647198 50.996290
 0.817500 3.776421 52.372441
 0.820000 3.909063 53.712598
 0.822500 4.044877 54.887570
 0.825000 4.183297 55.785966
 0.827500 4.323528 56.340100
 0.830000 4.464688 56.534834
 0.832500 4.605934 56.420605
 0.835000 4.746576 56.078147
 0.837500 4.886186 55.617650
 0.840000 5.024579 55.120024
 0.842500 5.161732 54.643057
 0.845000 5.297705 54.175393
 0.847500 5.432450 53.660187
 0.850000 5.565756 52.998817
 0.852500 5.697118 52.096177
 0.855000 5.825826 50.879375
 0.857500 5.951040 49.322329
 0.860000 6.071930 47.434819
 0.862500 6.187726 45.255132
 0.865000 6.297738 42.825848
 0.867500 6.401370 40.170311
 0.870000 6.498058 37.284505
 0.872500 6.587219 34.158469
 0.875000 6.668233 30.774683
 0.877500 6.740426 27.115365
 0.880000 6.803079 23.153719
 0.882500 6.855414 18.863777
 0.885000 6.896565 14.224794
 0.887500 6.925635 9.206159
 0.890000 6.941659 3.804189
 0.892500 6.943670 -1.980238
 0.895000 6.930701 -8.161283
 0.897500 6.901782 -14.726888
 0.900000 6.855969 -21.647246
 0.902500 6.792448 -28.863206
 0.905000 6.710611 -36.271436
 0.907500 6.610137 -43.738747
 0.910000 6.491028 -51.128780
 0.912500 6.353619 -58.362652
 0.915000 6.198351 -65.388933
 0.917500 6.025757 -72.220221
 0.920000 5.836297 -78.870806
 0.922500 5.630429 -85.340683
 0.925000 5.408651 -91.571332
 0.927500 5.171677 -97.453300
 0.930000 4.920576 -102.846939
 0.932500 4.656772 -107.590550
 0.935000 4.382076 -111.544826
 0.937500 4.098593 -114.603178
 0.940000 3.808640 -116.705071
 0.942500 3.514662 -117.824620
 0.945000 3.219140 -117.940622
 0.947500 2.924623 -117.028734
 0.950000 2.633725 -115.046875
 0.952500 2.349180 -111.956334
 0.955000 2.073784 -107.725587
 0.957500 1.810392 -102.380711
 0.960000 1.561701 -95.995094
 0.962500 1.330137 -88.714780
 0.965000 1.117708 -80.759171
 0.967500 0.925787 -72.366212
 0.970000 0.755133 -63.796038
 0.972500 0.605889 -55.306727
 0.975000 0.477575 -47.108074
 0.977500 0.369234 -39.375379
 0.980000 0.279519 -32.243746
 0.982500 0.206800 -25.818762
 0.985000 0.149216 -20.166329
 0.987500 0.104777 -15.323714
 0.990000 0.071451 -11.300373
 0.992500 0.047215 -8.064765
 0.995000 0.030171 -5.555895
 0.997500 0.018605 -3.685793
 1.000000 0.011047 -2.348247
 1.002500 0.006305 -1.434543
 1.005000 0.003450 -0.837741
 1.007500 0.001804 -0.465576
 1.010000 0.000896 -0.244627
 1.012500 0.000421 -0.121354
 1.015000 0.000186 -0.056222
 1.017500 0.000075 -0.023806
 1.020000 0.000027 -0.008900
 1.022500 0.000009 -0.003088
 1.025000 0.000002 -0.000821
 1.027500 0.000000 -0.000126
 1.030000 0.000000 -0.000040
 1.032500 0.000000 0.000000
 1.035000 0.000000 0.000000
 1.037500 0.000000 0.000000
 1.040000 0.000000 0.000000
 1.042500 0.000000 0.000000
 1.045000 0.000000 0.000000
 1.047500 0.000000 0.000000
 1.050000 0.000000 0.000000
 1.052500 0.000000 0.000000
 1.055000 0.000000 0.000000
 1.057500 0.000000 0.000000
 1.060000 0.000000 0.000000
 1.062500 0.000000 0.000000
 1.065000 0.000000 0.000000
 1.067500 0.000000 0.000000
 1.070000 0.000000 0.000000
 1.072500 0.000000 0.000000
 1.075000 0.000000 0.000000
 1.077500 0.000000 0.000000
 1.080000 0.000000 0.000000
 1.082500 0.000000 0.000000
 1.085000 0.000000 0.000000
 1.087500 0.000000 0.000000
 1.090000 0.000000 0.000000
 1.092500 0.000000 0.000000
 1.095000 0.000000 0.000000
 1.097500 0.000000 0.000000
 1.100000 0.000000 0.000000
 1.102500 0.000000 0.000000
 1.105000 0.000000 0.000000
 1.107500 0.000000 0.000000
 1.110000 0.000000 0.000000
 1.112500 0.000000 0.000000
 1.115000 0.000000 0.000000
 1.117500 0.000000 0.000000
 1.120000 0.000000 0.000000
 1.122500 0.000000 0.000000
 1.125000 0.000000 0.000000
 1.127500 0.000000 0.000000
 1.130000 0.000000 0.000000
 1.132500 0.000000 0.000000
 1.135000 0.000000 0.000000
 1.137500 0.000000 0.000000
 1.140000 0.000000 0.000000
 1.142500 0.000000 0.000000
 1.145000 0.000000 0.000000
 1.147500 0.000000 0.000000
 1.150000 0.000000 0.000000
 1.152500 0.000000 0.000000
 1.155000 0.000000 0.000000
 1.157500 0.000000 0.000000
 1.160000 0.000000 0.000000
 1.162500 0.000000 0.000000
 1.165000 0.000000 0.000000
 1.167500 0.000000 0.000000
 1.170000 0.000000 0.000000
 1.172500 0.000000 0.000000
 1.175000 0.000000 0.000000
 1.177500 0.000000 0.000000
 1.180000 0.000000 0.000000
 1.182500 0.000000 0.000000
 1.185000 0.000000 0.000000
 1.187500 0.000000 0.000000
 1.190000 0.000000 0.000000
 1.192500 0.000000 0.000000
 1.195000 0.000000 0.000000
 1.197500 0.000000 0.000000
 1.200000 0.000000 0.000000
 1.202500 0.000000 0.000000
 1.205000 0.000000 0.000000
 1.207500 0.000000 0.000000
 1.210000 0.000000 0.000000
 1.212500 0.000000 0.000000
 1.215000 0.000000 0.000000
 1.217500 0.000000 0.000000
 1.220000 0.000000 0.000000
 1.222500 0.000000 0.000000
 1.225000 0.000000 0.000000
 1.227500 0.000000 0.000000
 1.230000 0.000000 0.000000
 1.232500 0.000000 0.000000
 1.235000 0.000000 0.000000
 1.237500 0.000000 0.000000
 1.240000 0.000000 0.000000
 1.242500 0.000000 0.000000
 1.245000 0.000000 0.000000
 1.247500 0.000000 0.000000
 1.250000 0.000000 0.000000
 1.252500 0.000000 0.000000
 1.255000 0.000000 0.000000
 1.257500 0.000000 0.000000
 1.260000 0.000000 0.000000
 1.262500 0.000000 0.000000
 1.265000 0.000000 0.000000
 1.267500 0.000000 0.000000
 1.270000 0.000000 0.000000
 1.272500 0.000000 0.000000
 1.275000 0.000000 0.000000
 1.277500 0.000000 0.000000
 1.280000 0.000000 0.000000
 1.282500 0.000000 0.000000
 1.285000 0.000000 0.000000
 1.287500 0.000000 0.000000
 1.290000 0.000000 0.000000
 1.292500 0.000000 0.000000
 1.295000 0.000000 0.000000
 1.297500 0.000000 0.000000
 1.300000 0.000000 0.000000
 1.302500 0.000000 0.000000
 1.305000 0.000000 0.000000
 1.307500 0.000000 0.000000
 1.310000 0.000000 0.000000
 1.312500 0.000000 0.000000
 1.315000 0.000000 0.000000
 1.317500 0.000000 0.000000
 1.320000 0.000000 0.000000
 1.322500 0.000000 0.000000
 1.325000 0.000000 0.000000
 1.327500 0.000000 0.000000
 1.330000 0.000000 0.000000
 1.332500 0.000000 0.000000
 1.335000 0.000000 0.000000
 1.337500 0.000000 0.000000
 1.340000 0.000000 0.000000
 1.342500 0.000000 0.000000
 1.345000 0.000000 0.000000
 1.347500 0.000000 0.000000
 1.350000 0.000000 0.000000
 1.352500 0.000000 0.000000
 1.355000 0.000000 0.000000
 1.357500 0.000000 0.000000
 1.360000 0.000000 0.000000
 1.362500 0.000000 0.000000
 1.365000 0.000000 0.000000
 1.367500 0.000000 0.000000
 1.370000 0.000000 0.000000
 1.372500 0.000000 0.000000
 1.375000 0.000000 0.000000
 1.377500 0.000000 0.000000
 1.380000 0.000000 0.000000
 1.382500 0.000000 0.000000
 1.385000 0.000000 0.000000
 1.387500 0.000000 0.000000
 1.390000 0.000000 0.000000
 1.392500 0.000000 0.000000
 1.395000 0.000000 0.000000
 1.397500 0.000000 0.000000
 1.400000 0.000000 0.000000
 1.402500 0.000000 0.000000
 1.405000 0.000000 0.000000
 1.407500 0.000000 0.000000
 1.410000 0.000000 0.000000
 1.412500 0.000000 0.000000
 1.415000 0.000000 0.000000
 1.417500 0.000000 0.000000
 1.420000 0.000000 0.000000
 1.422500 0.000000 0.000000
 1.425000 0.000000 0.000000
 1.427500 0.000000 0.000000
 1.430000 0.000000 0.000000
 1.432500 0.000000 0.000000
 1.435000 0.000000 0.000000
 1.437500 0.000000 0.000000
 1.440000 0.000000 0.000000
 1.442500 0.000000 0.000000
 1.445000 0.000000 0.000000
 1.447500 0.000000 0.000000
 1.450000 0.000000 0.000000
 1.452500 0.000000 0.000000
 1.455000 0.000000 0.000000
 1.457500 0.000000 0.000000
 1.460000 0.000000 0.000000
 1.462500 0.000000 0.000000
 1.465000 0.000000 0.000000
 1.467500 0.000000 0.000000
 1.470000 0.000000 0.000000
 1.472500 0.000000 0.000000
 1.475000 0.000000 0.000000
 1.477500 0.000000 0.000000
 1.480000 0.000000 0.000000
 1.482500 0.000000 0.000000
 1.485000 0.000000 0.000000
 1.487500 0.000000 0.000000
 1.490000 0.000000 0.000000
 1.492500 0.000000 0.000000
 1.495000 0.000000 0.000000
 1.497500 0.000000 0.000000
 1.500000 0.000000 0.000000
 1.502500 0.000000 0.000000
 1.505000 0.000000 0.000000
 1.507500 0.000000 0.000000
 1.510000 0.000000 0.000000
 1.512500 0.000000 0.000000
 1.515000 0.000000 0.000000
 1.517500 0.000000 0.000000
 1.520000 0.000000 0.000000
 1.522500 0.000000 0.000000
 1.525000 0.000000 0.000000
 1.527500 0.000000 0.000000
 1.530000 0.000000 0.000000
 1.532500 0.000000 0.000000
 1.535000 0.000000 0.000000
 1.537500 0.000000 0.000000
 1.540000 0.000000 0.000000
 1.542500 0.000000 0.000000
 1.545000 0.000000 0.000000
 1.547500 0.000000 0.000000
 1.550000 0.000000 0.000000
 1.552500 0.000000 0.000000
 1.555000 0.000000 0.000000
 1.557500 0.000000 0.000000
 1.560000 0.000000 0.000000
 1.562500 0.000000 0.000000
 1.565000 0.000000 0.000000
 1.567500 0.000000 0.000000
 1.570000 0.000000 0.000000
 1.572500 0.000000 0.000000
 1.575000 0.000000 0.000000
 1.577500 0.000000 0.000000
 1.580000 0.000000 0.000000
 1.582500 0.000000 0.000000
 1.585000 0.000000 0.000000
 1.587500 0.000000 0.000000
 1.590000 0.000000 0.000000
 1.592500 0.000000 0.000000
 1.595000 0.000000 0.000000
 1.597500 0.000000 0.000000
 1.600000 0.000000 0.000000
 1.602500 0.000000 0.000000
 1.605000 0.000000 0.000000
 1.607500 0.000000 0.000000
 1.610000 0.000000 0.000000
 1.612500 0.000000 0.000000
 1.615000 0.000000 0.000000
 1.617500 0.000000 0.000000
 1.620000 0.000000 0.000000
 1.622500 0.000000 0.000000
 1.625000 0.000000 0.000000
 1.627500 0.000000 0.000000
 1.630000 0.000000 0.000000
 1.632500 0.000000 0.000000
 1.635000 0.000000 0.000000
 1.637500 0.000000 0.000000
 1.640000 0.000000 0.000000
 1.642500 0.000000 0.000000
 1.645000 0.000000 0.000000
 1.647500 0.000000 0.000000
 1.650000 0.000000 0.000000
 1.652500 0.000000 0.000000
 1.655000 0.000000 0.000000
 1.657500 0.000000 0.000000
 1.660000 0.000000 0.000000
 1.662500 0.000000 0.000000
 1.665000 0.000000 0.000000
 1.667500 0.000000 0.000000
 1.670000 0.000000 0.000000
 1.672500 0.000000 0.000000
 1.675000 0.000000 0.000000
 1.677500 0.000000 0.000000
 1.680000 0.000000 0.000000
 1.682500 0.000000 0.000000
 1.685000 0.000000 0.000000
 1.687500 0.000000 0.000000
 1.690000 0.000000 0.000000
 1.692500 0.000000 0.000000
 1.695000 0.000000 0.000000
 1.697500 0.000000 0.000000
 1.700000 0.000000 0.000000
 1.702500 0.000000 0.000000
 1.705000 0.000000 0.000000
 1.707500 0.000000 0.000000
 1.710000 0.000000 0.000000
 1.712500 0.000000 0.000000
 1.715000 0.000000 0.000000
 1.717500 0.000000 0.000000
 1.720000 0.000000 0.000000
 1.722500 0.000000 0.000000
 1.725000 0.000000 0.000000
 1.727500 0.000000 0.000000
 1.730000 0.000000 0.000000
 1.732500 0.000000 0.000000
 1.735000 0.000000 0.000000
 1.737500 0.000000 0.000000
 1.740000 0.000000 0.000000
 1.742500 0.000000 0.000000
 1.745000 0.000000 0.000000
 1.747500 0.000000 0.000000
 1.750000 0.000000 0.000000
 1.752500 0.000000 0.000000
 1.755000 0.000000 0.000000
 1.757500 0.000000 0.000000
 1.760000 0.000000 0.000000
 1.762500 0.000000 0.000000
 1.765000 0.000000 0.000000
 1.767500 0.000000 0.000000
 1.770000 0.000000 0.000000
 1.772500 0.000000 0.000000
 1.775000 0.000000 0.000000
 1.777500 0.000000 0.000000
 1.780000 0.000000 0.000000
 1.782500 0.000000 0.000000
 1.785000 0.000000 0.000000
 1.787500 0.000000 0.000000
 1.790000 0.000000 0.000000
 1.792500 0.000000 0.000000
 1.795000 0.000000 0.000000
 1.797500 0.000000 0.000000
 1.800000 0.000000 0.000000
 1.802500 0.000000 0.000000
 1.805000 0.000000 0.000000
 1.807500 0.000000 0.000000
 1.810000 0.000000 0.000000
 1.812500 0.000000 0.000000
 1.815000 0.000000 0.000000
 1.817500 0.000000 0.000000
 1.820000 0.000000 0.000000
 1.822500 0.000000 0.000000
 1.825000 0.000000 0.000000
 1.827500 0.000000 0.000000
 1.830000 0.000000 0.000000
 1.832500 0.000000 0.000000
 1.835000 0.000000 0.000000
 1.837500 0.000000 0.000000
 1.840000 0.000000 0.000000
 1.842500 0.000000 0.000000
 1.845000 0.000000 0.000000
 1.847500 0.000000 0.000000
 1.850000 0.000000 0.000000
 1.852500 0.000000 0.000000
 1.855000 0.000000 0.000000
 1.857500 0.000000 0.000000
 1.860000 0.000000 0.000000
 1.862500 0.000000 0.000000
 1.865000 0.000000 0.000000
 1.867500 0.000000 0.000000
 1.870000 0.000000 0.000000
 1.872500 0.000000 0.000000
 1.875000 0.000000 0.000000
 1.877500 0.000000 0.000000
 1.880000 0.000000 0.000000
 1.882500 0.000000 0.000000
 1.885000 0.000000 0.000000
 1.887500 0.000000 0.000000
 1.890000 0.000000 0.000000
 1.892500 0.000000 0.000000
 1.895000 0.000000 0.000000
 1.897500 0.000000 0.000000
 1.900000 0.000000 0.000000
 1.902500 0.000000 0.000000
 1.905000 0.000000 0.000000
 1.907500 0.000000 0.000000
 1.910000 0.000000 0.000000
 1.912500 0.000000 0.000000
 1.915000 0.000000 0.000000
 1.917500 0.000000 0.000000
 1.920000 0.000000 0.000000
 1.922500 0.000000 0.000000
 1.925000 0.000000 0.000000
 1.927500 0.000000 0.000000
 1.930000 0.000000 0.000000
 1.932500 0.000000 0.000000
 1.935000 0.000000 0.000000
 1.937500 0.000000 0.000000
 1.940000 0.000000 0.000000
 1.942500 0.000000 0.000000
 1.945000 0.000000 0.000000
 1.947500 0.000000 0.000000
 1.950000 0.000000 0.000000
 1.952500 0.000000 0.000000
 1.955000 0.000000 0.000000
 1.957500 0.000000 0.000000
 1.960000 0.000000 0.000000
 1.962500 0.000000 0.000000
 1.965000 0.000000 0.000000
 1.967500 0.000000 0.000000
 1.970000 0.000000 0.000000
 1.972500 0.000000 0.000000
 1.975000 0.000000 0.000000
 1.977500 0.000000 0.000000
 1.980000 0.000000 0.000000
 1.982500 0.000000 0.000000
 1.985000 0.000000 0.000000
 1.987500 0.000000 0.000000
 1.990000 0.000000 0.000000
 1.992500 0.000000 0.000000
 1.995000 0.000000 0.000000
 1.997500 0.000000 0.000000
 2.000000 0.000000 0.000000
