#! FIELDS es hh dhh_es
#! SET normalisation  2000.000000
#! SET min_es -0.5
#! SET max_es 2
#! SET nbins_es  1000
#! SET periodic_es false
 -0.500000 0.000000 0.000000
 -0.497500 0.000000 0.000000
 -0.495000 0.000000 0.000000
 -0.492500 0.000000 0.000000
 -0.490000 0.000000 0.000000
 -0.487500 0.000000 0.000000
 -0.485000 0.000000 0.000000
 -0.482500 0.000000 0.000000
 -0.480000 0.000000 0.000000
 -0.477500 0.000000 0.000000
 -0.475000 0.000000 0.000000
 -0.472500 0.000000 0.000000
 -0.470000 0.000000 0.000000
 -0.467500 0.000000 0.000000
 -0.465000 0.000000 0.000000
 -0.462500 0.000000 0.000000
 -0.460000 0.000000 0.000000
 -0.457500 0.000000 0.000000
 -0.455000 0.000000 0.000000
 -0.452500 0.000000 0.000000
 -0.450000 0.000000 0.000000
 -0.447500 0.000000 0.000000
 -0.445000 0.000000 0.000000
 -0.442500 0.000000 0.000000
 -0.440000 0.000000 0.000000
 -0.437500 0.000000 0.000000
 -0.435000 0.000000 0.000000
 -0.432500 0.000000 0.000000
 -0.430000 0.000000 0.000000
 -0.427500 0.000000 0.000000
 -0.425000 0.000000 0.000000
 -0.422500 0.000000 0.000000
 -0.420000 0.000000 0.000000
 -0.417500 0.000000 0.000000
 -0.415000 0.000000 0.000000
 -0.412500 0.000000 0.000000
 -0.410000 0.000000 0.000000
 -0.407500 0.000000 0.000000
 -0.405000 0.000000 0.000000
 -0.402500 0.000000 0.000000
 -0.400000 0.000000 0.000000
 -0.397500 0.000000 0.000000
 -0.395000 0.000000 0.000000
 -0.392500 0.000000 0.000000
 -0.390000 0.000000 0.000000
 -0.387500 0.000000 0.000000
 -0.385000 0.000000 0.000000
 -0.382500 0.000000 0.000000
 -0.380000 0.000000 0.000000
 -0.377500 0.000000 0.000000
 -0.375000 0.000000 0.000000
 -0.372500 0.000000 0.000000
 -0.370000 0.000000 0.000000
 -0.367500 0.000000 0.000000
 -0.365000 0.000000 0.000000
 -0.362500 0.000000 0.000000
 -0.360000 0.000000 0.000000
 -0.357500 0.000000 0.000000
 -0.355000 0.000000 0.000000
 -0.352500 0.000000 0.000000
 -0.350000 0.000000 0.000000
 -0.347500 0.000000 0.000000
 -0.345000 0.000000 0.000000
 -0.342500 0.000000 0.000000
 -0.340000 0.000000 0.000000
 -0.337500 0.000000 0.000000
 -0.335000 0.000000 0.000000
 -0.332500 0.000000 0.000000
 -0.330000 0.000000 0.000000
 -0.327500 0.000000 0.000000
 -0.325000 0.000000 0.000000
 -0.322500 0.000000 0.000000
 -0.320000 0.000000 0.000000
 -0.317500 0.000000 0.000000
 -0.315000 0.000000 0.000000
 -0.312500 0.000000 0.000000
 -0.310000 0.000000 0.000000
 -0.307500 0.000000 0.000000
 -0.305000 0.000000 0.000000
 -0.302500 0.000000 0.000000
 -0.300000 0.000000 0.000000
 -0.297500 0.000000 0.000000
 -0.295000 0.000000 0.000000
 -0.292500 0.000000 0.000000
 -0.290000 0.000000 0.000000
 -0.287500 0.000000 0.000000
 -0.285000 0.000000 0.000000
 -0.282500 0.000000 0.000000
 -0.280000 0.000000 0.000000
 -0.277500 0.000000 0.000000
 -0.275000 0.000000 0.000000
 -0.272500 0.000000 0.000000
 -0.270000 0.000000 0.000000
 -0.267500 0.000000 0.000000
 -0.265000 0.000000 0.000000
 -0.262500 0.000000 0.000000
 -0.260000 0.000000 0.000000
 -0.257500 0.000000 0.000000
 -0.255000 0.000000 0.000000
 -0.252500 0.000000 0.000000
 -0.250000 0.000000 0.000000
 -0.247500 0.000000 0.000000
 -0.245000 0.000000 0.000000
 -0.242500 0.000000 0.000000
 -0.240000 0.000000 0.000000
 -0.237500 0.000000 0.000000
 -0.235000 0.000000 0.000000
 -0.232500 0.000000 0.000000
 -0.230000 0.000000 0.000000
 -0.227500 0.000000 0.000000
 -0.225000 0.000000 0.000000
 -0.222500 0.000000 0.000000
 -0.220000 0.000000 0.000000
 -0.217500 0.000000 0.000000
 -0.215000 0.000000 0.000000
 -0.212500 0.000000 0.000000
 -0.210000 0.000000 0.000000
 -0.207500 0.000000 0.000000
 -0.205000 0.000000 0.000000
 -0.202500 0.000000 0.000000
 -0.200000 0.000000 0.000000
 -0.197500 0.000000 0.000000
 -0.195000 0.000000 0.000000
 -0.192500 0.000000 0.000000
 -0.190000 0.000000 0.000000
 -0.187500 0.000000 0.000000
 -0.185000 0.000000 0.000000
 -0.182500 0.000000 0.000000
 -0.180000 0.000000 0.000000
 -0.177500 0.000000 0.000000
 -0.175000 0.000000 0.000000
 -0.172500 0.000000 0.000000
 -0.170000 0.000000 0.000000
 -0.167500 0.000000 0.000000
 -0.165000 0.000000 0.000000
 -0.162500 0.000000 0.000000
 -0.160000 0.000000 0.000000
 -0.157500 0.000000 0.000000
 -0.155000 0.000000 0.000000
 -0.152500 0.000000 0.000000
 -0.150000 0.000000 0.000000
 -0.147500 0.000000 0.000000
 -0.145000 0.000000 0.000000
 -0.142500 0.000000 0.000000
 -0.140000 0.000000 0.000000
 -0.137500 0.000000 0.000000
 -0.135000 0.000000 0.000000
 -0.132500 0.000000 0.000000
 -0.130000 0.000000 0.000000
 -0.127500 0.000000 0.000000
 -0.125000 0.000000 0.000000
 -0.122500 0.000000 0.000000
 -0.120000 0.000000 0.000000
 -0.117500 0.000000 0.000000
 -0.115000 0.000000 0.000000
 -0.112500 0.000000 0.000000
 -0.110000 0.000000 0.000000
 -0.107500 0.000000 0.000000
 -0.105000 0.000000 0.000000
 -0.102500 0.000000 0.000000
 -0.100000 0.000000 0.000000
 -0.097500 0.000000 0.000000
 -0.095000 0.000000 0.000000
 -0.092500 0.000000 0.000000
 -0.090000 0.000000 0.000000
 -0.087500 0.000000 0.000000
 -0.085000 0.000000 0.000000
 -0.082500 0.000000 0.000000
 -0.080000 0.000000 0.000000
 -0.077500 0.000000 0.000000
 -0.075000 0.000000 0.000000
 -0.072500 0.000000 0.000000
 -0.070000 0.000000 0.000000
 -0.067500 0.000000 0.000000
 -0.065000 0.000000 0.000000
 -0.062500 0.000000 0.000000
 -0.060000 0.000000 0.000000
 -0.057500 0.000000 0.000000
 -0.055000 0.000000 0.000000
 -0.052500 0.000000 0.000000
 -0.050000 0.000000 0.000000
 -0.047500 0.000000 0.000000
 -0.045000 0.000000 0.000000
 -0.042500 0.000000 0.000000
 -0.040000 0.000000 0.000000
 -0.037500 0.000000 0.000000
 -0.035000 0.000000 0.000000
 -0.032500 0.000000 0.000000
 -0.030000 0.000000 0.000000
 -0.027500 0.000000 0.000000
 -0.025000 0.000000 0.000000
 -0.022500 0.000000 0.000000
 -0.020000 0.000000 0.000000
 -0.017500 0.000000 0.000000
 -0.015000 0.000000 0.000000
 -0.012500 0.000000 0.000000
 -0.010000 0.000000 0.000000
 -0.007500 0.000000 0.000000
 -0.005000 0.000000 0.000000
 -0.002500 0.000000 0.000000
 0.000000 0.000000 0.000000
 0.002500 0.000000 0.000000
 0.005000 0.000000 0.000000
 0.007500 0.000000 0.000000
 0.010000 0.000000 0.000000
 0.012500 0.000000 0.000000
 0.015000 0.000000 0.000000
 0.017500 0.000000 0.000000
 0.020000 0.000000 0.000000
 0.022500 0.000000 0.000000
 0.025000 0.000000 0.000000
 0.027500 0.000000 0.000000
 0.030000 0.000000 0.000000
 0.032500 0.000000 0.000000
 0.035000 0.000000 0.000000
 0.037500 0.000000 0.000000
 0.040000 0.000000 0.000000
 0.042500 0.000000 0.000000
 0.045000 0.000000 0.000000
 0.047500 0.000000 0.000000
 0.050000 0.000000 0.000000
 0.052500 0.000000 0.000000
 0.055000 0.000000 0.000000
 0.057500 0.000000 0.000000
 0.060000 0.000000 0.000000
 0.062500 0.000000 0.000000
 0.065000 0.000000 0.000000
 0.067500 0.000000 0.000000
 0.070000 0.000000 0.000000
 0.072500 0.000000 0.000000
 0.075000 0.000000 0.000000
 0.077500 0.000000 0.000000
 0.080000 0.000000 0.000000
 0.082500 0.000000 0.000000
 0.085000 0.000000 0.000000
 0.087500 0.000000 0.000000
 0.090000 0.000000 0.000000
 0.092500 0.000000 0.000000
 0.095000 0.000000 0.000000
 0.097500 0.000000 0.000000
 0.100000 0.000000 0.000000
 0.102500 0.000000 0.000000
 0.105000 0.000000 0.000000
 0.107500 0.000000 0.000000
 0.110000 0.000000 0.000000
 0.112500 0.000000 0.000000
 0.115000 0.000000 0.000000
 0.117500 0.000000 0.000000
 0.120000 0.000000 0.000000
 0.122500 0.000000 0.000000
 0.125000 0.000000 0.000000
 0.127500 0.000000 0.000000
 0.130000 0.000000 0.000000
 0.132500 0.000000 0.000000
 0.135000 0.000000 0.000000
 0.137500 0.000000 0.000000
 0.140000 0.000000 0.000000
 0.142500 0.000000 0.000000
 0.145000 0.000000 0.000000
 0.147500 0.000000 0.000018
 0.150000 0.000000 0.000043
 0.152500 0.000000 0.000096
 0.155000 0.000001 0.000202
 0.157500 0.000001 0.000397
 0.160000 0.000003 0.000727
 0.162500 0.000005 0.001238
 0.165000 0.000009 0.001960
 0.167500 0.000015 0.002876
 0.170000 0.000024 0.003896
 0.172500 0.000035 0.004844
 0.175000 0.000048 0.005478
 0.177500 0.000061 0.005546
 0.180000 0.000075 0.004871
 0.182500 0.000085 0.003428
 0.185000 0.000091 0.001392
 0.187500 0.000092 -0.000896
 0.190000 0.000087 -0.003021
 0.192500 0.000077 -0.004615
 0.195000 0.000064 -0.005465
 0.197500 0.000051 -0.005550
 0.200000 0.000037 -0.005020
 0.202500 0.000026 -0.004118
 0.205000 0.000017 -0.003096
 0.207500 0.000010 -0.002147
 0.210000 0.000006 -0.001379
 0.212500 0.000003 -0.000822
 0.215000 0.000002 -0.000456
 0.217500 0.000001 -0.000236
 0.220000 0.000000 -0.000114
 0.222500 0.000000 -0.000051
 0.225000 0.000000 0.000000
 0.227500 0.000000 0.000000
 0.230000 0.000000 0.000000
 0.232500 0.000000 0.000000
 0.235000 0.000000 0.000000
 0.237500 0.000000 0.000000
 0.240000 0.000000 0.000000
 0.242500 0.000000 0.000000
 0.245000 0.000000 0.000000
 0.247500 0.000000 0.000000
 0.250000 0.000000 0.000000
 0.252500 0.000000 0.000000
 0.255000 0.000000 0.000000
 0.257500 0.000000 0.000000
 0.260000 0.000000 0.000000
 0.262500 0.000000 0.000000
 0.265000 0.000000 0.000000
 0.267500 0.000000 0.000000
 0.270000 0.000000 0.000000
 0.272500 0.000000 0.000018
 0.275000 0.000000 0.000044
 0.277500 0.000000 0.000099
 0.280000 0.000001 0.000207
 0.282500 0.000001 0.000432
 0.285000 0.000003 0.000802
 0.287500 0.000006 0.001393
 0.290000 0.000010 0.002262
 0.292500 0.000017 0.003432
 0.295000 0.000028 0.004857
 0.297500 0.000042 0.006430
 0.300000 0.000060 0.007901
 0.302500 0.000081 0.009001
 0.305000 0.000104 0.009460
 0.307500 0.000128 0.009109
 0.310000 0.000149 0.007912
 0.312500 0.000167 0.006043
 0.315000 0.000179 0.003834
 0.317500 0.000186 0.001695
 0.320000 0.000188 0.000027
 0.322500 0.000187 -0.000951
 0.325000 0.000184 -0.001181
 0.327500 0.000181 -0.000788
 0.330000 0.000180 -0.000053
 0.332500 0.000181 0.000749
 0.335000 0.000184 0.001431
 0.337500 0.000188 0.001897
 0.340000 0.000193 0.002189
 0.342500 0.000199 0.002454
 0.345000 0.000206 0.002833
 0.347500 0.000213 0.003510
 0.350000 0.000223 0.004635
 0.352500 0.000237 0.006286
 0.355000 0.000256 0.008653
 0.357500 0.000281 0.011756
 0.360000 0.000315 0.015729
 0.362500 0.000360 0.020490
 0.365000 0.000418 0.025853
 0.367500 0.000490 0.031507
 0.370000 0.000576 0.036933
 0.372500 0.000674 0.041549
 0.375000 0.000782 0.044766
 0.377500 0.000896 0.046051
 0.380000 0.001011 0.045255
 0.382500 0.001121 0.042417
 0.385000 0.001222 0.037925
 0.387500 0.001310 0.032293
 0.390000 0.001383 0.026148
 0.392500 0.001441 0.020123
 0.395000 0.001484 0.014742
 0.397500 0.001516 0.010409
 0.400000 0.001537 0.007266
 0.402500 0.001553 0.005461
 0.405000 0.001566 0.005217
 0.407500 0.001581 0.006811
 0.410000 0.001602 0.010756
 0.412500 0.001637 0.017531
 0.415000 0.001693 0.027131
 0.417500 0.001775 0.038940
 0.420000 0.001888 0.051376
 0.422500 0.002030 0.062255
 0.425000 0.002196 0.069315
 0.427500 0.002372 0.070806
 0.430000 0.002545 0.066367
 0.432500 0.002700 0.056909
 0.435000 0.002828 0.044803
 0.437500 0.002925 0.033219
 0.440000 0.002996 0.025181
 0.442500 0.003055 0.022929
 0.445000 0.003117 0.027688
 0.447500 0.003200 0.039257
 0.450000 0.003318 0.056185
 0.452500 0.003483 0.075909
 0.455000 0.003698 0.095398
 0.457500 0.003958 0.111611
 0.460000 0.004252 0.122054
 0.462500 0.004563 0.125530
 0.465000 0.004875 0.123026
 0.467500 0.005176 0.117795
 0.470000 0.005466 0.114338
 0.472500 0.005753 0.117130
 0.475000 0.006059 0.128728
 0.477500 0.006403 0.148105
 0.480000 0.006803 0.171326
 0.482500 0.007259 0.192263
 0.485000 0.007758 0.205002
 0.487500 0.008275 0.206038
 0.490000 0.008779 0.195520
 0.492500 0.009246 0.176857
 0.495000 0.009662 0.155925
 0.497500 0.010029 0.138267
 0.500000 0.010362 0.129071
 0.502500 0.010685 0.130948
 0.505000 0.011028 0.145286
 0.507500 0.011423 0.172309
 0.510000 0.011900 0.210964
 0.512500 0.012487 0.259517
 0.515000 0.013205 0.315198
 0.517500 0.014068 0.374523
 0.520000 0.015079 0.432951
 0.522500 0.016230 0.486379
 0.525000 0.017505 0.531680
 0.527500 0.018882 0.567581
 0.530000 0.020337 0.594551
 0.532500 0.021850 0.614020
 0.535000 0.023404 0.628223
 0.537500 0.024989 0.638801
 0.540000 0.026598 0.646591
 0.542500 0.028223 0.652542
 0.545000 0.029861 0.657051
 0.547500 0.031510 0.661649
 0.550000 0.033173 0.668156
 0.552500 0.034858 0.679357
 0.555000 0.036578 0.696239
 0.557500 0.038347 0.719554
 0.560000 0.040183 0.748686
 0.562500 0.042099 0.783459
 0.565000 0.044108 0.823219
 0.567500 0.046223 0.867791
 0.570000 0.048454 0.917334
 0.572500 0.050817 0.972786
 0.575000 0.053327 1.034370
 0.577500 0.056000 1.103934
 0.580000 0.058858 1.181470
 0.582500 0.061921 1.268766
 0.585000 0.065214 1.365997
 0.587500 0.068762 1.471672
 0.590000 0.072582 1.581782
 0.592500 0.076676 1.691738
 0.595000 0.081041 1.797224
 0.597500 0.085662 1.896007
 0.600000 0.090522 1.989757
 0.602500 0.095617 2.083194
 0.605000 0.100949 2.181559
 0.607500 0.106538 2.288488
 0.610000 0.112405 2.403327
 0.612500 0.118565 2.521330
 0.615000 0.125019 2.636713
 0.617500 0.131751 2.744402
 0.620000 0.138740 2.843258
 0.622500 0.145969 2.936439
 0.625000 0.153430 3.030231
 0.627500 0.161135 3.130583
 0.630000 0.169102 3.241150
 0.632500 0.177357 3.359378
 0.635000 0.185910 3.478727
 0.637500 0.194754 3.591325
 0.640000 0.203867 3.692851
 0.642500 0.213218 3.782514
 0.645000 0.222787 3.868292
 0.647500 0.232580 3.963751
 0.650000 0.242643 4.087042
 0.652500 0.253064 4.251825
 0.655000 0.263958 4.466854
 0.657500 0.275452 4.730118
 0.660000 0.287656 5.031864
 0.662500 0.300645 5.356514
 0.665000 0.314459 5.690647
 0.667500 0.329113 6.025465
 0.670000 0.344605 6.361248
 0.672500 0.360943 6.704036
 0.675000 0.378152 7.058264
 0.677500 0.396264 7.425140
 0.680000 0.415304 7.801374
 0.682500 0.435289 8.178275
 0.685000 0.456214 8.552449
 0.687500 0.478075 8.928169
 0.690000 0.500882 9.313046
 0.692500 0.524684 9.723294
 0.695000 0.549555 10.169296
 0.697500 0.575590 10.652280
 0.700000 0.602865 11.159813
 0.702500 0.631427 11.676052
 0.705000 0.661265 12.179691
 0.707500 0.692341 12.663335
 0.710000 0.724597 13.129446
 0.712500 0.758022 13.598207
 0.715000 0.792652 14.097381
 0.717500 0.828595 14.654955
 0.720000 0.866028 15.287118
 0.722500 0.905132 15.994364
 0.725000 0.946089 16.762892
 0.727500 0.989015 17.565222
 0.730000 1.033960 18.371077
 0.732500 1.080894 19.153431
 0.735000 1.129737 19.896350
 0.737500 1.180385 20.598598
 0.740000 1.232756 21.272869
 0.742500 1.286799 21.941744
 0.745000 1.342527 22.628916
 0.747500 1.400028 23.358639
 0.750000 1.459419 24.144963
 0.752500 1.520857 24.993145
 0.755000 1.584484 25.896023
 0.757500 1.650434 26.846594
 0.760000 1.718804 27.834025
 0.762500 1.789700 28.865881
 0.765000 1.863235 29.955544
 0.767500 1.939596 31.122482
 0.770000 2.018994 32.392950
 0.772500 2.101699 33.766882
 0.775000 2.187944 35.217353
 0.777500 2.277862 36.691250
 0.780000 2.371422 38.124254
 0.782500 2.468436 39.434997
 0.785000 2.568501 40.563556
 0.787500 2.671120 41.470221
 0.790000 2.775734 42.168829
 0.792500 2.881879 42.706981
 0.795000 2.989261 43.174291
 0.797500 3.097831 43.682449
 0.800000 3.207831 44.326836
 0.802500 3.319672 45.171750
 0.805000 3.433885 46.224219
 0.807500 3.550948 47.436991
 0.810000 3.671149 48.712076
 0.812500 3.794475 49.920735
 0.815000 3.920615 50.944755
 0.817500 4.048976 51.692424
 0.820000 4.178788 52.106818
 0.822500 4.309214 52.188909
 0.825000 4.439467 51.993267
 0.827500 4.568971 51.604448
 0.830000 4.697358 51.126346
 0.832500 4.824531 50.645327
 0.835000 4.950535 50.212827
 0.837500 5.075518 49.820221
 0.840000 5.199504 49.415912
 0.842500 5.322366 48.903076
 0.845000 5.443709 48.185803
 0.847500 5.562902 47.188989
 0.850000 5.679199 45.876157
 0.852500 5.791808 44.259582
 0.855000 5.900034 42.377985
 0.857500 6.003263 40.281695
 0.860000 6.100998 37.998654
 0.862500 6.192781 35.527799
 0.865000 6.278127 32.858725
 0.867500 6.356521 29.977740
 0.870000 6.427415 26.871297
 0.872500 6.490228 23.524972
 0.875000 6.544362 19.932557
 0.877500 6.589158 16.073395
 0.880000 6.623937 11.921797
 0.882500 6.647950 7.465641
 0.885000 6.660399 2.698794
 0.887500 6.660509 -2.388581
 0.890000 6.647480 -7.810356
 0.892500 6.620454 -13.567391
 0.895000 6.578597 -19.653912
 0.897500 6.521133 -26.026406
 0.900000 6.447460 -32.589991
 0.902500 6.357252 -39.216797
 0.905000 6.250521 -45.774279
 0.907500 6.127579 -52.159686
 0.910000 5.988916 -58.332900
 0.912500 5.835064 -64.310078
 0.915000 5.666461 -70.129795
 0.917500 5.483461 -75.827080
 0.920000 5.286365 -81.382251
 0.922500 5.075603 -86.726748
 0.925000 4.851854 -91.749184
 0.927500 4.616105 -96.298983
 0.930000 4.369723 -100.239653
 0.932500 4.114370 -103.455254
 0.935000 3.851948 -105.881704
 0.937500 3.584477 -107.488630
 0.940000 3.314024 -108.272387
 0.942500 3.042660 -108.229899
 0.945000 2.772462 -107.339039
 0.947500 2.505600 -105.567115
 0.950000 2.244334 -102.869506
 0.952500 1.991017 -99.206909
 0.955000 1.748078 -94.583648
 0.957500 1.517868 -89.051223
 0.960000 1.302532 -82.721067
 0.962500 1.103873 -75.764786
 0.965000 0.923192 -68.383440
 0.967500 0.761284 -60.805185
 0.970000 0.618366 -53.239994
 0.972500 0.494173 -45.879061
 0.975000 0.387998 -38.872000
 0.977500 0.298793 -32.332231
 0.980000 0.225277 -26.355012
 0.982500 0.165959 -21.005528
 0.985000 0.119204 -16.325631
 0.987500 0.083310 -12.342668
 0.990000 0.056528 -9.051448
 0.992500 0.037162 -6.422445
 0.995000 0.023623 -4.398286
 0.997500 0.014489 -2.899506
 1.000000 0.008558 -1.836283
 1.002500 0.004858 -1.114387
 1.005000 0.002643 -0.646067
 1.007500 0.001374 -0.356669
 1.010000 0.000677 -0.185861
 1.012500 0.000317 -0.091694
 1.015000 0.000140 -0.042402
 1.017500 0.000056 -0.017645
 1.020000 0.000020 -0.006683
 1.022500 0.000007 -0.002275
 1.025000 0.000002 -0.000594
 1.027500 0.000000 -0.000082
 1.030000 0.000000 -0.000036
 1.032500 0.000000 0.000000
 1.035000 0.000000 0.000000
 1.037500 0.000000 0.000000
 1.040000 0.000000 0.000000
 1.042500 0.000000 0.000000
 1.045000 0.000000 0.000000
 1.047500 0.000000 0.000000
 1.050000 0.000000 0.000000
 1.052500 0.000000 0.000000
 1.055000 0.000000 0.000000
 1.057500 0.000000 0.000000
 1.060000 0.000000 0.000000
 1.062500 0.000000 0.000000
 1.065000 0.000000 0.000000
 1.067500 0.000000 0.000000
 1.070000 0.000000 0.000000
 1.072500 0.000000 0.000000
 1.075000 0.000000 0.000000
 1.077500 0.000000 0.000000
 1.080000 0.000000 0.000000
 1.082500 0.000000 0.000000
 1.085000 0.000000 0.000000
 1.087500 0.000000 0.000000
 1.090000 0.000000 0.000000
 1.092500 0.000000 0.000000
 1.095000 0.000000 0.000000
 1.097500 0.000000 0.000000
 1.100000 0.000000 0.000000
 1.102500 0.000000 0.000000
 1.105000 0.000000 0.000000
 1.107500 0.000000 0.000000
 1.110000 0.000000 0.000000
 1.112500 0.000000 0.000000
 1.115000 0.000000 0.000000
 1.117500 0.000000 0.000000
 1.120000 0.000000 0.000000
 1.122500 0.000000 0.000000
 1.125000 0.000000 0.000000
 1.127500 0.000000 0.000000
 1.130000 0.000000 0.000000
 1.132500 0.000000 0.000000
 1.135000 0.000000 0.000000
 1.137500 0.000000 0.000000
 1.140000 0.000000 0.000000
 1.142500 0.000000 0.000000
 1.145000 0.000000 0.000000
 1.147500 0.000000 0.000000
 1.150000 0.000000 0.000000
 1.152500 0.000000 0.000000
 1.155000 0.000000 0.000000
 1.157500 0.000000 0.000000
 1.160000 0.000000 0.000000
 1.162500 0.000000 0.000000
 1.165000 0.000000 0.000000
 1.167500 0.000000 0.000000
 1.170000 0.000000 0.000000
 1.172500 0.000000 0.000000
 1.175000 0.000000 0.000000
 1.177500 0.000000 0.000000
 1.180000 0.000000 0.000000
 1.182500 0.000000 0.000000
 1.185000 0.000000 0.000000
 1.187500 0.000000 0.000000
 1.190000 0.000000 0.000000
 1.192500 0.000000 0.000000
 1.195000 0.000000 0.000000
 1.197500 0.000000 0.000000
 1.200000 0.000000 0.000000
 1.202500 0.000000 0.000000
 1.205000 0.000000 0.000000
 1.207500 0.000000 0.000000
 1.210000 0.000000 0.000000
 1.212500 0.000000 0.000000
 1.215000 0.000000 0.000000
 1.217500 0.000000 0.000000
 1.220000 0.000000 0.000000
 1.222500 0.000000 0.000000
 1.225000 0.000000 0.000000
 1.227500 0.000000 0.000000
 1.230000 0.000000 0.000000
 1.232500 0.000000 0.000000
 1.235000 0.000000 0.000000
 1.237500 0.000000 0.000000
 1.240000 0.000000 0.000000
 1.242500 0.000000 0.000000
 1.245000 0.000000 0.000000
 1.247500 0.000000 0.000000
 1.250000 0.000000 0.000000
 1.252500 0.000000 0.000000
 1.255000 0.000000 0.000000
 1.257500 0.000000 0.000000
 1.260000 0.000000 0.000000
 1.262500 0.000000 0.000000
 1.265000 0.000000 0.000000
 1.267500 0.000000 0.000000
 1.270000 0.000000 0.000000
 1.272500 0.000000 0.000000
 1.275000 0.000000 0.000000
 1.277500 0.000000 0.000000
 1.280000 0.000000 0.000000
 1.282500 0.000000 0.000000
 1.285000 0.000000 0.000000
 1.287500 0.000000 0.000000
 1.290000 0.000000 0.000000
 1.292500 0.000000 0.000000
 1.295000 0.000000 0.000000
 1.297500 0.000000 0.000000
 1.300000 0.000000 0.000000
 1.302500 0.000000 0.000000
 1.305000 0.000000 0.000000
 1.307500 0.000000 0.000000
 1.310000 0.000000 0.000000
 1.312500 0.000000 0.000000
 1.315000 0.000000 0.000000
 1.317500 0.000000 0.000000
 1.320000 0.000000 0.000000
 1.322500 0.000000 0.000000
 1.325000 0.000000 0.000000
 1.327500 0.000000 0.000000
 1.330000 0.000000 0.000000
 1.332500 0.000000 0.000000
 1.335000 0.000000 0.000000
 1.337500 0.000000 0.000000
 1.340000 0.000000 0.000000
 1.342500 0.000000 0.000000
 1.345000 0.000000 0.000000
 1.347500 0.000000 0.000000
 1.350000 0.000000 0.000000
 1.352500 0.000000 0.000000
 1.355000 0.000000 0.000000
 1.357500 0.000000 0.000000
 1.360000 0.000000 0.000000
 1.362500 0.000000 0.000000
 1.365000 0.000000 0.000000
 1.367500 0.000000 0.000000
 1.370000 0.000000 0.000000
 1.372500 0.000000 0.000000
 1.375000 0.000000 0.000000
 1.377500 0.000000 0.000000
 1.380000 0.000000 0.000000
 1.382500 0.000000 0.000000
 1.385000 0.000000 0.000000
 1.387500 0.000000 0.000000
 1.390000 0.000000 0.000000
 1.392500 0.000000 0.000000
 1.395000 0.000000 0.000000
 1.397500 0.000000 0.000000
 1.400000 0.000000 0.000000
 1.402500 0.000000 0.000000
 1.405000 0.000000 0.000000
 1.407500 0.000000 0.000000
 1.410000 0.000000 0.000000
 1.412500 0.000000 0.000000
 1.415000 0.000000 0.000000
 1.417500 0.000000 0.000000
 1.420000 0.000000 0.000000
 1.422500 0.000000 0.000000
 1.425000 0.000000 0.000000
 1.427500 0.000000 0.000000
 1.430000 0.000000 0.000000
 1.432500 0.000000 0.000000
 1.435000 0.000000 0.000000
 1.437500 0.000000 0.000000
 1.440000 0.000000 0.000000
 1.442500 0.000000 0.000000
 1.445000 0.000000 0.000000
 1.447500 0.000000 0.000000
 1.450000 0.000000 0.000000
 1.452500 0.000000 0.000000
 1.455000 0.000000 0.000000
 1.457500 0.000000 0.000000
 1.460000 0.000000 0.000000
 1.462500 0.000000 0.000000
 1.465000 0.000000 0.000000
 1.467500 0.000000 0.000000
 1.470000 0.000000 0.000000
 1.472500 0.000000 0.000000
 1.475000 0.000000 0.000000
 1.477500 0.000000 0.000000
 1.480000 0.000000 0.000000
 1.482500 0.000000 0.000000
 1.485000 0.000000 0.000000
 1.487500 0.000000 0.000000
 1.490000 0.000000 0.000000
 1.492500 0.000000 0.000000
 1.495000 0.000000 0.000000
 1.497500 0.000000 0.000000
 1.500000 0.000000 0.000000
 1.502500 0.000000 0.000000
 1.505000 0.000000 0.000000
 1.507500 0.000000 0.000000
 1.510000 0.000000 0.000000
 1.512500 0.000000 0.000000
 1.515000 0.000000 0.000000
 1.517500 0.000000 0.000000
 1.520000 0.000000 0.000000
 1.522500 0.000000 0.000000
 1.525000 0.000000 0.000000
 1.527500 0.000000 0.000000
 1.530000 0.000000 0.000000
 1.532500 0.000000 0.000000
 1.535000 0.000000 0.000000
 1.537500 0.000000 0.000000
 1.540000 0.000000 0.000000
 1.542500 0.000000 0.000000
 1.545000 0.000000 0.000000
 1.547500 0.000000 0.000000
 1.550000 0.000000 0.000000
 1.552500 0.000000 0.000000
 1.555000 0.000000 0.000000
 1.557500 0.000000 0.000000
 1.560000 0.000000 0.000000
 1.562500 0.000000 0.000000
 1.565000 0.000000 0.000000
 1.567500 0.000000 0.000000
 1.570000 0.000000 0.000000
 1.572500 0.000000 0.000000
 1.575000 0.000000 0.000000
 1.577500 0.000000 0.000000
 1.580000 0.000000 0.000000
 1.582500 0.000000 0.000000
 1.585000 0.000000 0.000000
 1.587500 0.000000 0.000000
 1.590000 0.000000 0.000000
 1.592500 0.000000 0.000000
 1.595000 0.000000 0.000000
 1.597500 0.000000 0.000000
 1.600000 0.000000 0.000000
 1.602500 0.000000 0.000000
 1.605000 0.000000 0.000000
 1.607500 0.000000 0.000000
 1.610000 0.000000 0.000000
 1.612500 0.000000 0.000000
 1.615000 0.000000 0.000000
 1.617500 0.000000 0.000000
 1.620000 0.000000 0.000000
 1.622500 0.000000 0.000000
 1.625000 0.000000 0.000000
 1.627500 0.000000 0.000000
 1.630000 0.000000 0.000000
 1.632500 0.000000 0.000000
 1.635000 0.000000 0.000000
 1.637500 0.000000 0.000000
 1.640000 0.000000 0.000000
 1.642500 0.000000 0.000000
 1.645000 0.000000 0.000000
 1.647500 0.000000 0.000000
 1.650000 0.000000 0.000000
 1.652500 0.000000 0.000000
 1.655000 0.000000 0.000000
 1.657500 0.000000 0.000000
 1.660000 0.000000 0.000000
 1.662500 0.000000 0.000000
 1.665000 0.000000 0.000000
 1.667500 0.000000 0.000000
 1.670000 0.000000 0.000000
 1.672500 0.000000 0.000000
 1.675000 0.000000 0.000000
 1.677500 0.000000 0.000000
 1.680000 0.000000 0.000000
 1.682500 0.000000 0.000000
 1.685000 0.000000 0.000000
 1.687500 0.000000 0.000000
 1.690000 0.000000 0.000000
 1.692500 0.000000 0.000000
 1.695000 0.000000 0.000000
 1.697500 0.000000 0.000000
 1.700000 0.000000 0.000000
 1.702500 0.000000 0.000000
 1.705000 0.000000 0.000000
 1.707500 0.000000 0.000000
 1.710000 0.000000 0.000000
 1.712500 0.000000 0.000000
 1.715000 0.000000 0.000000
 1.717500 0.000000 0.000000
 1.720000 0.000000 0.000000
 1.722500 0.000000 0.000000
 1.725000 0.000000 0.000000
 1.727500 0.000000 0.000000
 1.730000 0.000000 0.000000
 1.732500 0.000000 0.000000
 1.735000 0.000000 0.000000
 1.737500 0.000000 0.000000
 1.740000 0.000000 0.000000
 1.742500 0.000000 0.000000
 1.745000 0.000000 0.000000
 1.747500 0.000000 0.000000
 1.750000 0.000000 0.000000
 1.752500 0.000000 0.000000
 1.755000 0.000000 0.000000
 1.757500 0.000000 0.000000
 1.760000 0.000000 0.000000
 1.762500 0.000000 0.000000
 1.765000 0.000000 0.000000
 1.767500 0.000000 0.000000
 1.770000 0.000000 0.000000
 1.772500 0.000000 0.000000
 1.775000 0.000000 0.000000
 1.777500 0.000000 0.000000
 1.780000 0.000000 0.000000
 1.782500 0.000000 0.000000
 1.785000 0.000000 0.000000
 1.787500 0.000000 0.000000
 1.790000 0.000000 0.000000
 1.792500 0.000000 0.000000
 1.795000 0.000000 0.000000
 1.797500 0.000000 0.000000
 1.800000 0.000000 0.000000
 1.802500 0.000000 0.000000
 1.805000 0.000000 0.000000
 1.807500 0.000000 0.000000
 1.810000 0.000000 0.000000
 1.812500 0.000000 0.000000
 1.815000 0.000000 0.000000
 1.817500 0.000000 0.000000
 1.820000 0.000000 0.000000
 1.822500 0.000000 0.000000
 1.825000 0.000000 0.000000
 1.827500 0.000000 0.000000
 1.830000 0.000000 0.000000
 1.832500 0.000000 0.000000
 1.835000 0.000000 0.000000
 1.837500 0.000000 0.000000
 1.840000 0.000000 0.000000
 1.842500 0.000000 0.000000
 1.845000 0.000000 0.000000
 1.847500 0.000000 0.000000
 1.850000 0.000000 0.000000
 1.852500 0.000000 0.000000
 1.855000 0.000000 0.000000
 1.857500 0.000000 0.000000
 1.860000 0.000000 0.000000
 1.862500 0.000000 0.000000
 1.865000 0.000000 0.000000
 1.867500 0.000000 0.000000
 1.870000 0.000000 0.000000
 1.872500 0.000000 0.000000
 1.875000 0.000000 0.000000
 1.877500 0.000000 0.000000
 1.880000 0.000000 0.000000
 1.882500 0.000000 0.000000
 1.885000 0.000000 0.000000
 1.887500 0.000000 0.000000
 1.890000 0.000000 0.000000
 1.892500 0.000000 0.000000
 1.895000 0.000000 0.000000
 1.897500 0.000000 0.000000
 1.900000 0.000000 0.000000
 1.902500 0.000000 0.000000
 1.905000 0.000000 0.000000
 1.907500 0.000000 0.000000
 1.910000 0.000000 0.000000
 1.912500 0.000000 0.000000
 1.915000 0.000000 0.000000
 1.917500 0.000000 0.000000
 1.920000 0.000000 0.000000
 1.922500 0.000000 0.000000
 1.925000 0.000000 0.000000
 1.927500 0.000000 0.000000
 1.930000 0.000000 0.000000
 1.932500 0.000000 0.000000
 1.935000 0.000000 0.000000
 1.937500 0.000000 0.000000
 1.940000 0.000000 0.000000
 1.942500 0.000000 0.000000
 1.945000 0.000000 0.000000
 1.947500 0.000000 0.000000
 1.950000 0.000000 0.000000
 1.952500 0.000000 0.000000
 1.955000 0.000000 0.000000
 1.957500 0.000000 0.000000
 1.960000 0.000000 0.000000
 1.962500 0.000000 0.000000
 1.965000 0.000000 0.000000
 1.967500 0.000000 0.000000
 1.970000 0.000000 0.000000
 1.972500 0.000000 0.000000
 1.975000 0.000000 0.000000
 1.977500 0.000000 0.000000
 1.980000 0.000000 0.000000
 1.982500 0.000000 0.000000
 1.985000 0.000000 0.000000
 1.987500 0.000000 0.000000
 1.990000 0.000000 0.000000
 1.992500 0.000000 0.000000
 1.995000 0.000000 0.000000
 1.997500 0.000000 0.000000
 2.000000 0.000000 0.000000
