#! FIELDS es hh dhh_es
#! SET normalisation  2000.000000
#! SET min_es -0.5
#! SET max_es 2
#! SET nbins_es  1000
#! SET periodic_es false
 -0.500000 0.000000 0.000000
 -0.497500 0.000000 0.000000
 -0.495000 0.000000 0.000000
 -0.492500 0.000000 0.000000
 -0.490000 0.000000 0.000000
 -0.487500 0.000000 0.000000
 -0.485000 0.000000 0.000000
 -0.482500 0.000000 0.000000
 -0.480000 0.000000 0.000000
 -0.477500 0.000000 0.000000
 -0.475000 0.000000 0.000000
 -0.472500 0.000000 0.000000
 -0.470000 0.000000 0.000000
 -0.467500 0.000000 0.000000
 -0.465000 0.000000 0.000000
 -0.462500 0.000000 0.000000
 -0.460000 0.000000 0.000000
 -0.457500 0.000000 0.000000
 -0.455000 0.000000 0.000000
 -0.452500 0.000000 0.000000
 -0.450000 0.000000 0.000000
 -0.447500 0.000000 0.000000
 -0.445000 0.000000 0.000000
 -0.442500 0.000000 0.000000
 -0.440000 0.000000 0.000000
 -0.437500 0.000000 0.000000
 -0.435000 0.000000 0.000000
 -0.432500 0.000000 0.000000
 -0.430000 0.000000 0.000000
 -0.427500 0.000000 0.000000
 -0.425000 0.000000 0.000000
 -0.422500 0.000000 0.000000
 -0.420000 0.000000 0.000000
 -0.417500 0.000000 0.000000
 -0.415000 0.000000 0.000000
 -0.412500 0.000000 0.000000
 -0.410000 0.000000 0.000000
 -0.407500 0.000000 0.000000
 -0.405000 0.000000 0.000000
 -0.402500 0.000000 0.000000
 -0.400000 0.000000 0.000000
 -0.397500 0.000000 0.000000
 -0.395000 0.000000 0.000000
 -0.392500 0.000000 0.000000
 -0.390000 0.000000 0.000000
 -0.387500 0.000000 0.000000
 -0.385000 0.000000 0.000000
 -0.382500 0.000000 0.000000
 -0.380000 0.000000 0.000000
 -0.377500 0.000000 0.000000
 -0.375000 0.000000 0.000000
 -0.372500 0.000000 0.000000
 -0.370000 0.000000 0.000000
 -0.367500 0.000000 0.000000
 -0.365000 0.000000 0.000000
 -0.362500 0.000000 0.000000
 -0.360000 0.000000 0.000000
 -0.357500 0.000000 0.000000
 -0.355000 0.000000 0.000000
 -0.352500 0.000000 0.000000
 -0.350000 0.000000 0.000000
 -0.347500 0.000000 0.000000
 -0.345000 0.000000 0.000000
 -0.342500 0.000000 0.000000
 -0.340000 0.000000 0.000000
 -0.337500 0.000000 0.000000
 -0.335000 0.000000 0.000000
 -0.332500 0.000000 0.000000
 -0.330000 0.000000 0.000000
 -0.327500 0.000000 0.000000
 -0.325000 0.000000 0.000000
 -0.322500 0.000000 0.000000
 -0.320000 0.000000 0.000000
 -0.317500 0.000000 0.000000
 -0.315000 0.000000 0.000000
 -0.312500 0.000000 0.000000
 -0.310000 0.000000 0.000000
 -0.307500 0.000000 0.000000
 -0.305000 0.000000 0.000000
 -0.302500 0.000000 0.000000
 -0.300000 0.000000 0.000000
 -0.297500 0.000000 0.000000
 -0.295000 0.000000 0.000000
 -0.292500 0.000000 0.000000
 -0.290000 0.000000 0.000000
 -0.287500 0.000000 0.000000
 -0.285000 0.000000 0.000000
 -0.282500 0.000000 0.000000
 -0.280000 0.000000 0.000000
 -0.277500 0.000000 0.000000
 -0.275000 0.000000 0.000000
 -0.272500 0.000000 0.000000
 -0.270000 0.000000 0.000000
 -0.267500 0.000000 0.000000
 -0.265000 0.000000 0.000000
 -0.262500 0.000000 0.000000
 -0.260000 0.000000 0.000000
 -0.257500 0.000000 0.000000
 -0.255000 0.000000 0.000000
 -0.252500 0.000000 0.000000
 -0.250000 0.000000 0.000000
 -0.247500 0.000000 0.000000
 -0.245000 0.000000 0.000000
 -0.242500 0.000000 0.000000
 -0.240000 0.000000 0.000000
 -0.237500 0.000000 0.000000
 -0.235000 0.000000 0.000000
 -0.232500 0.000000 0.000000
 -0.230000 0.000000 0.000000
 -0.227500 0.000000 0.000000
 -0.225000 0.000000 0.000000
 -0.222500 0.000000 0.000000
 -0.220000 0.000000 0.000000
 -0.217500 0.000000 0.000000
 -0.215000 0.000000 0.000000
 -0.212500 0.000000 0.000000
 -0.210000 0.000000 0.000000
 -0.207500 0.000000 0.000000
 -0.205000 0.000000 0.000000
 -0.202500 0.000000 0.000000
 -0.200000 0.000000 0.000000
 -0.197500 0.000000 0.000000
 -0.195000 0.000000 0.000000
 -0.192500 0.000000 0.000000
 -0.190000 0.000000 0.000000
 -0.187500 0.000000 0.000000
 -0.185000 0.000000 0.000000
 -0.182500 0.000000 0.000000
 -0.180000 0.000000 0.000000
 -0.177500 0.000000 0.000000
 -0.175000 0.000000 0.000000
 -0.172500 0.000000 0.000000
 -0.170000 0.000000 0.000000
 -0.167500 0.000000 0.000000
 -0.165000 0.000000 0.000000
 -0.162500 0.000000 0.000000
 -0.160000 0.000000 0.000000
 -0.157500 0.000000 0.000000
 -0.155000 0.000000 0.000000
 -0.152500 0.000000 0.000000
 -0.150000 0.000000 0.000000
 -0.147500 0.000000 0.000000
 -0.145000 0.000000 0.000000
 -0.142500 0.000000 0.000000
 -0.140000 0.000000 0.000000
 -0.137500 0.000000 0.000000
 -0.135000 0.000000 0.000000
 -0.132500 0.000000 0.000000
 -0.130000 0.000000 0.000000
 -0.127500 0.000000 0.000000
 -0.125000 0.000000 0.000000
 -0.122500 0.000000 0.000000
 -0.120000 0.000000 0.000000
 -0.117500 0.000000 0.000000
 -0.115000 0.000000 0.000000
 -0.112500 0.000000 0.000000
 -0.110000 0.000000 0.000000
 -0.107500 0.000000 0.000000
 -0.105000 0.000000 0.000000
 -0.102500 0.000000 0.000000
 -0.100000 0.000000 0.000000
 -0.097500 0.000000 0.000000
 -0.095000 0.000000 0.000000
 -0.092500 0.000000 0.000000
 -0.090000 0.000000 0.000000
 -0.087500 0.000000 0.000000
 -0.085000 0.000000 0.000000
 -0.082500 0.000000 0.000000
 -0.080000 0.000000 0.000000
 -0.077500 0.000000 0.000000
 -0.075000 0.000000 0.000000
 -0.072500 0.000000 0.000000
 -0.070000 0.000000 0.000000
 -0.067500 0.000000 0.000000
 -0.065000 0.000000 0.000000
 -0.062500 0.000000 0.000000
 -0.060000 0.000000 0.000000
 -0.057500 0.000000 0.000000
 -0.055000 0.000000 0.000000
 -0.052500 0.000000 0.000000
 -0.050000 0.000000 0.000000
 -0.047500 0.000000 0.000000
 -0.045000 0.000000 0.000000
 -0.042500 0.000000 0.000000
 -0.040000 0.000000 0.000000
 -0.037500 0.000000 0.000000
 -0.035000 0.000000 0.000000
 -0.032500 0.000000 0.000000
 -0.030000 0.000000 0.000000
 -0.027500 0.000000 0.000000
 -0.025000 0.000000 0.000000
 -0.022500 0.000000 0.000000
 -0.020000 0.000000 0.000000
 -0.017500 0.000000 0.000000
 -0.015000 0.000000 0.000000
 -0.012500 0.000000 0.000000
 -0.010000 0.000000 0.000000
 -0.007500 0.000000 0.000000
 -0.005000 0.000000 0.000029
 -0.002500 0.000000 0.000068
 0.000000 0.000000 0.000148
 0.002500 0.000001 0.000299
 0.005000 0.000002 0.000564
 0.007500 0.000004 0.000991
 0.010000 0.000007 0.001621
 0.012500 0.000012 0.002459
 0.015000 0.000020 0.003450
 0.017500 0.000029 0.004456
 0.020000 0.000042 0.005258
 0.022500 0.000055 0.005601
 0.025000 0.000069 0.005261
 0.027500 0.000081 0.004141
 0.030000 0.000089 0.002329
 0.032500 0.000092 0.000101
 0.035000 0.000090 -0.002145
 0.037500 0.000082 -0.004007
 0.040000 0.000070 -0.005194
 0.042500 0.000057 -0.005600
 0.045000 0.000043 -0.005311
 0.047500 0.000030 -0.004538
 0.050000 0.000020 -0.003540
 0.052500 0.000013 -0.002541
 0.055000 0.000008 -0.001686
 0.057500 0.000004 -0.001038
 0.060000 0.000002 -0.000564
 0.062500 0.000001 -0.000248
 0.065000 0.000001 -0.000008
 0.067500 0.000001 0.000229
 0.070000 0.000002 0.000537
 0.072500 0.000004 0.000999
 0.075000 0.000007 0.001631
 0.077500 0.000012 0.002472
 0.080000 0.000020 0.003465
 0.082500 0.000030 0.004486
 0.085000 0.000042 0.005309
 0.087500 0.000056 0.005694
 0.090000 0.000070 0.005447
 0.092500 0.000083 0.004521
 0.095000 0.000092 0.003044
 0.097500 0.000098 0.001361
 0.100000 0.000099 -0.000078
 0.102500 0.000098 -0.000854
 0.105000 0.000096 -0.000719
 0.107500 0.000095 0.000304
 0.110000 0.000098 0.001981
 0.112500 0.000105 0.003803
 0.115000 0.000117 0.005391
 0.117500 0.000132 0.006373
 0.120000 0.000148 0.006710
 0.122500 0.000165 0.006654
 0.125000 0.000181 0.006665
 0.127500 0.000199 0.007368
 0.130000 0.000219 0.009349
 0.132500 0.000247 0.012959
 0.135000 0.000286 0.018172
 0.137500 0.000339 0.024372
 0.140000 0.000407 0.030368
 0.142500 0.000489 0.034805
 0.145000 0.000579 0.036219
 0.147500 0.000667 0.033752
 0.150000 0.000745 0.027531
 0.152500 0.000803 0.018779
 0.155000 0.000838 0.009599
 0.157500 0.000853 0.002541
 0.160000 0.000855 -0.000193
 0.162500 0.000856 0.002414
 0.165000 0.000871 0.010065
 0.167500 0.000910 0.020979
 0.170000 0.000977 0.032580
 0.172500 0.001071 0.042036
 0.175000 0.001183 0.047280
 0.177500 0.001303 0.047455
 0.180000 0.001417 0.042868
 0.182500 0.001515 0.034881
 0.185000 0.001590 0.025417
 0.187500 0.001642 0.016332
 0.190000 0.001673 0.008986
 0.192500 0.001689 0.004241
 0.195000 0.001697 0.002225
 0.197500 0.001703 0.003114
 0.200000 0.001715 0.006710
 0.202500 0.001739 0.012845
 0.205000 0.001781 0.021401
 0.207500 0.001848 0.031975
 0.210000 0.001943 0.044190
 0.212500 0.002070 0.057495
 0.215000 0.002231 0.071390
 0.217500 0.002427 0.085191
 0.220000 0.002656 0.098345
 0.222500 0.002917 0.109408
 0.225000 0.003200 0.116851
 0.227500 0.003497 0.119174
 0.230000 0.003791 0.115336
 0.232500 0.004069 0.105694
 0.235000 0.004317 0.092018
 0.237500 0.004528 0.077001
 0.240000 0.004703 0.063409
 0.242500 0.004849 0.053563
 0.245000 0.004976 0.048825
 0.247500 0.005098 0.049631
 0.250000 0.005229 0.056047
 0.252500 0.005383 0.067744
 0.255000 0.005572 0.084134
 0.257500 0.005806 0.102977
 0.260000 0.006087 0.121073
 0.262500 0.006408 0.134463
 0.265000 0.006753 0.140132
 0.267500 0.007101 0.137271
 0.270000 0.007434 0.127892
 0.272500 0.007740 0.116959
 0.275000 0.008023 0.110259
 0.277500 0.008299 0.112541
 0.280000 0.008595 0.125967
 0.282500 0.008938 0.149443
 0.285000 0.009348 0.178996
 0.287500 0.009835 0.210255
 0.290000 0.010398 0.239094
 0.292500 0.011028 0.263669
 0.295000 0.011714 0.284321
 0.297500 0.012449 0.303395
 0.300000 0.013233 0.323383
 0.302500 0.014070 0.346183
 0.305000 0.014968 0.372870
 0.307500 0.015937 0.402303
 0.310000 0.016983 0.433715
 0.312500 0.018107 0.464776
 0.315000 0.019305 0.492864
 0.317500 0.020568 0.515414
 0.320000 0.021878 0.530211
 0.322500 0.023213 0.536085
 0.325000 0.024552 0.533998
 0.327500 0.025880 0.527726
 0.330000 0.027192 0.521889
 0.332500 0.028496 0.521320
 0.335000 0.029806 0.527521
 0.337500 0.031138 0.537593
 0.340000 0.032494 0.545378
 0.342500 0.033860 0.544975
 0.345000 0.035210 0.532451
 0.347500 0.036515 0.510217
 0.350000 0.037762 0.487178
 0.352500 0.038961 0.475644
 0.355000 0.040161 0.487490
 0.357500 0.041427 0.529481
 0.360000 0.042832 0.598702
 0.362500 0.044436 0.684922
 0.365000 0.046260 0.772193
 0.367500 0.048285 0.844146
 0.370000 0.050459 0.889470
 0.372500 0.052711 0.907083
 0.375000 0.054981 0.905550
 0.377500 0.057237 0.899658
 0.380000 0.059492 0.906716
 0.382500 0.061794 0.939905
 0.385000 0.064217 1.003500
 0.387500 0.066836 1.095296
 0.390000 0.069709 1.204159
 0.392500 0.072860 1.316099
 0.395000 0.076282 1.417226
 0.397500 0.079931 1.495983
 0.400000 0.083738 1.542721
 0.402500 0.087617 1.552570
 0.405000 0.091475 1.527199
 0.407500 0.095231 1.473081
 0.410000 0.098833 1.406310
 0.412500 0.102272 1.347572
 0.415000 0.105597 1.318846
 0.417500 0.108911 1.339510
 0.420000 0.112346 1.416739
 0.422500 0.116041 1.545849
 0.425000 0.120111 1.711529
 0.427500 0.124615 1.891477
 0.430000 0.129564 2.063468
 0.432500 0.134917 2.213469
 0.435000 0.140612 2.337907
 0.437500 0.146590 2.439615
 0.440000 0.152803 2.528598
 0.442500 0.159229 2.609605
 0.445000 0.165845 2.681485
 0.447500 0.172624 2.737234
 0.450000 0.179512 2.767348
 0.452500 0.186433 2.764547
 0.455000 0.193308 2.730375
 0.457500 0.200072 2.678408
 0.460000 0.206703 2.627692
 0.462500 0.213234 2.600149
 0.465000 0.219745 2.614311
 0.467500 0.226348 2.674504
 0.470000 0.233158 2.778413
 0.472500 0.240269 2.914380
 0.475000 0.247746 3.069917
 0.477500 0.255627 3.234092
 0.480000 0.263922 3.400715
 0.482500 0.272635 3.568116
 0.485000 0.281763 3.733419
 0.487500 0.291300 3.894133
 0.490000 0.301227 4.043155
 0.492500 0.311502 4.174293
 0.495000 0.322082 4.289114
 0.497500 0.332930 4.386559
 0.500000 0.344013 4.478902
 0.502500 0.355333 4.579707
 0.505000 0.366927 4.698523
 0.507500 0.378844 4.838112
 0.510000 0.391131 4.991728
 0.512500 0.403807 5.147406
 0.515000 0.416859 5.291885
 0.517500 0.430257 5.422694
 0.520000 0.443967 5.545920
 0.522500 0.457994 5.676919
 0.525000 0.472375 5.833851
 0.527500 0.487192 6.026532
 0.530000 0.502539 6.255516
 0.532500 0.518497 6.513098
 0.535000 0.535120 6.788385
 0.537500 0.552439 7.067153
 0.540000 0.570450 7.341950
 0.542500 0.589138 7.608274
 0.545000 0.608474 7.856968
 0.547500 0.628402 8.082344
 0.550000 0.648863 8.280769
 0.552500 0.669786 8.451739
 0.555000 0.691104 8.602601
 0.557500 0.712788 8.743817
 0.560000 0.734822 8.886624
 0.562500 0.757223 9.037451
 0.565000 0.780016 9.201183
 0.567500 0.803240 9.381911
 0.570000 0.826946 9.585562
 0.572500 0.851204 9.831028
 0.575000 0.876130 10.121722
 0.577500 0.901835 10.454526
 0.580000 0.928410 10.809162
 0.582500 0.955865 11.152876
 0.585000 0.984129 11.450265
 0.587500 1.013045 11.674214
 0.590000 1.042423 11.822471
 0.592500 1.072090 11.908486
 0.595000 1.101923 11.965183
 0.597500 1.131895 12.020701
 0.600000 1.162034 12.102642
 0.602500 1.192433 12.227490
 0.605000 1.223203 12.403447
 0.607500 1.254477 12.632608
 0.610000 1.286391 12.916004
 0.612500 1.319076 13.254263
 0.615000 1.352681 13.646833
 0.617500 1.387336 14.091052
 0.620000 1.423167 14.591305
 0.622500 1.460306 15.139465
 0.625000 1.498874 15.731199
 0.627500 1.538955 16.351090
 0.630000 1.580590 16.968054
 0.632500 1.623720 17.537365
 0.635000 1.668157 18.009617
 0.637500 1.713611 18.340405
 0.640000 1.759681 18.503277
 0.642500 1.805947 18.502461
 0.645000 1.852033 18.368149
 0.647500 1.897680 18.157168
 0.650000 1.942767 17.937886
 0.652500 1.987355 17.770670
 0.655000 2.031654 17.705529
 0.657500 2.075942 17.771304
 0.660000 2.120562 17.968269
 0.662500 2.165818 18.282085
 0.665000 2.211972 18.675455
 0.667500 2.259173 19.117276
 0.670000 2.307495 19.562802
 0.672500 2.356887 19.975984
 0.675000 2.407235 20.321913
 0.677500 2.458326 20.571931
 0.680000 2.509910 20.715380
 0.682500 2.561715 20.751363
 0.685000 2.613485 20.694752
 0.687500 2.665023 20.571061
 0.690000 2.716188 20.399239
 0.692500 2.766882 20.204639
 0.695000 2.817072 19.989915
 0.697500 2.866693 19.758808
 0.700000 2.915722 19.514956
 0.702500 2.964151 19.287786
 0.705000 3.012070 19.115939
 0.707500 3.059666 19.041255
 0.710000 3.107214 19.083277
 0.712500 3.154999 19.222872
 0.715000 3.203199 19.402463
 0.717500 3.251801 19.529557
 0.720000 3.300552 19.517986
 0.722500 3.349044 19.322048
 0.725000 3.396801 18.940167
 0.727500 3.443422 18.423260
 0.730000 3.488653 17.835600
 0.732500 3.532389 17.250072
 0.735000 3.574700 16.695958
 0.737500 3.615685 16.189052
 0.740000 3.655436 15.715198
 0.742500 3.694014 15.251187
 0.745000 3.731411 14.767976
 0.747500 3.767550 14.243670
 0.750000 3.802309 13.660616
 0.752500 3.835530 13.018887
 0.755000 3.867068 12.317071
 0.757500 3.896797 11.581319
 0.760000 3.924651 10.830277
 0.762500 3.950615 10.078717
 0.765000 3.974706 9.334425
 0.767500 3.996940 8.584173
 0.770000 4.017275 7.815402
 0.772500 4.035622 7.001341
 0.775000 4.051841 6.106597
 0.777500 4.065700 5.109593
 0.780000 4.076926 4.005515
 0.782500 4.085244 2.798345
 0.785000 4.090441 1.514132
 0.787500 4.092394 0.210606
 0.790000 4.091128 -1.040337
 0.792500 4.086865 -2.171549
 0.795000 4.079957 -3.141534
 0.797500 4.070835 -3.953781
 0.800000 4.059835 -4.642819
 0.802500 4.047170 -5.310885
 0.805000 4.032736 -6.069289
 0.807500 4.016171 -7.033769
 0.810000 3.996842 -8.284211
 0.812500 3.973999 -9.840158
 0.815000 3.946915 -11.655343
 0.817500 3.915073 -13.625753
 0.820000 3.878256 -15.606430
 0.822500 3.836633 -17.445075
 0.825000 3.790718 -19.019893
 0.827500 3.741269 -20.265575
 0.830000 3.689106 -21.190223
 0.832500 3.634963 -21.871287
 0.835000 3.579299 -22.425577
 0.837500 3.522252 -22.999355
 0.840000 3.463618 -23.718450
 0.842500 3.402914 -24.652239
 0.845000 3.339586 -25.811468
 0.847500 3.273136 -27.138854
 0.850000 3.203260 -28.529188
 0.852500 3.129935 -29.877704
 0.855000 3.053385 -31.104923
 0.857500 2.973950 -32.171861
 0.860000 2.892039 -33.098245
 0.862500 2.807958 -33.924089
 0.865000 2.721902 -34.681384
 0.867500 2.634015 -35.387933
 0.870000 2.544434 -36.027133
 0.872500 2.453386 -36.567449
 0.875000 2.361161 -36.963861
 0.877500 2.268152 -37.193037
 0.880000 2.174775 -37.258670
 0.882500 2.081415 -37.193645
 0.885000 1.988335 -37.033373
 0.887500 1.895730 -36.833639
 0.890000 1.803649 -36.618549
 0.892500 1.712113 -36.404322
 0.895000 1.621124 -36.180621
 0.897500 1.530734 -35.927684
 0.900000 1.441055 -35.612938
 0.902500 1.352275 -35.204852
 0.905000 1.264657 -34.681071
 0.907500 1.178514 -34.035177
 0.910000 1.094153 -33.262580
 0.912500 1.011880 -32.367116
 0.915000 0.931996 -31.359157
 0.917500 0.854782 -30.240886
 0.920000 0.780513 -29.010238
 0.922500 0.709471 -27.663744
 0.925000 0.641943 -26.203888
 0.927500 0.578199 -24.646192
 0.930000 0.518454 -23.018691
 0.932500 0.462831 -21.360166
 0.935000 0.411354 -19.717596
 0.937500 0.363924 -18.131290
 0.940000 0.320366 -16.633143
 0.942500 0.280441 -15.231991
 0.945000 0.243909 -13.922635
 0.947500 0.210560 -12.689323
 0.950000 0.180227 -11.511701
 0.952500 0.152792 -10.376219
 0.955000 0.128157 -9.274598
 0.957500 0.106240 -8.208663
 0.960000 0.086948 -7.184329
 0.962500 0.070160 -6.206635
 0.965000 0.055754 -5.287874
 0.967500 0.043572 -4.434216
 0.970000 0.033441 -3.652014
 0.972500 0.025172 -2.948988
 0.975000 0.018561 -2.330341
 0.977500 0.013390 -1.799291
 0.980000 0.009440 -1.355368
 0.982500 0.006497 -0.994860
 0.985000 0.004360 -0.711246
 0.987500 0.002850 -0.494932
 0.990000 0.001811 -0.334201
 0.992500 0.001119 -0.219294
 0.995000 0.000669 -0.138899
 0.997500 0.000387 -0.085140
 1.000000 0.000216 -0.050223
 1.002500 0.000116 -0.028388
 1.005000 0.000060 -0.015479
 1.007500 0.000030 -0.008067
 1.010000 0.000014 -0.003975
 1.012500 0.000006 -0.001735
 1.015000 0.000003 -0.000833
 1.017500 0.000001 -0.000262
 1.020000 0.000000 -0.000109
 1.022500 0.000000 -0.000049
 1.025000 0.000000 0.000000
 1.027500 0.000000 0.000000
 1.030000 0.000000 0.000000
 1.032500 0.000000 0.000000
 1.035000 0.000000 0.000000
 1.037500 0.000000 0.000000
 1.040000 0.000000 0.000000
 1.042500 0.000000 0.000000
 1.045000 0.000000 0.000000
 1.047500 0.000000 0.000000
 1.050000 0.000000 0.000000
 1.052500 0.000000 0.000000
 1.055000 0.000000 0.000000
 1.057500 0.000000 0.000000
 1.060000 0.000000 0.000000
 1.062500 0.000000 0.000000
 1.065000 0.000000 0.000000
 1.067500 0.000000 0.000000
 1.070000 0.000000 0.000000
 1.072500 0.000000 0.000000
 1.075000 0.000000 0.000000
 1.077500 0.000000 0.000000
 1.080000 0.000000 0.000000
 1.082500 0.000000 0.000000
 1.085000 0.000000 0.000000
 1.087500 0.000000 0.000000
 1.090000 0.000000 0.000000
 1.092500 0.000000 0.000000
 1.095000 0.000000 0.000000
 1.097500 0.000000 0.000000
 1.100000 0.000000 0.000000
 1.102500 0.000000 0.000000
 1.105000 0.000000 0.000000
 1.107500 0.000000 0.000000
 1.110000 0.000000 0.000000
 1.112500 0.000000 0.000000
 1.115000 0.000000 0.000000
 1.117500 0.000000 0.000000
 1.120000 0.000000 0.000000
 1.122500 0.000000 0.000000
 1.125000 0.000000 0.000000
 1.127500 0.000000 0.000000
 1.130000 0.000000 0.000000
 1.132500 0.000000 0.000000
 1.135000 0.000000 0.000000
 1.137500 0.000000 0.000000
 1.140000 0.000000 0.000000
 1.142500 0.000000 0.000000
 1.145000 0.000000 0.000000
 1.147500 0.000000 0.000000
 1.150000 0.000000 0.000000
 1.152500 0.000000 0.000000
 1.155000 0.000000 0.000000
 1.157500 0.000000 0.000000
 1.160000 0.000000 0.000000
 1.162500 0.000000 0.000000
 1.165000 0.000000 0.000000
 1.167500 0.000000 0.000000
 1.170000 0.000000 0.000000
 1.172500 0.000000 0.000000
 1.175000 0.000000 0.000000
 1.177500 0.000000 0.000000
 1.180000 0.000000 0.000000
 1.182500 0.000000 0.000000
 1.185000 0.000000 0.000000
 1.187500 0.000000 0.000000
 1.190000 0.000000 0.000000
 1.192500 0.000000 0.000000
 1.195000 0.000000 0.000000
 1.197500 0.000000 0.000000
 1.200000 0.000000 0.000000
 1.202500 0.000000 0.000000
 1.205000 0.000000 0.000000
 1.207500 0.000000 0.000000
 1.210000 0.000000 0.000000
 1.212500 0.000000 0.000000
 1.215000 0.000000 0.000000
 1.217500 0.000000 0.000000
 1.220000 0.000000 0.000000
 1.222500 0.000000 0.000000
 1.225000 0.000000 0.000000
 1.227500 0.000000 0.000000
 1.230000 0.000000 0.000000
 1.232500 0.000000 0.000000
 1.235000 0.000000 0.000000
 1.237500 0.000000 0.000000
 1.240000 0.000000 0.000000
 1.242500 0.000000 0.000000
 1.245000 0.000000 0.000000
 1.247500 0.000000 0.000000
 1.250000 0.000000 0.000000
 1.252500 0.000000 0.000000
 1.255000 0.000000 0.000000
 1.257500 0.000000 0.000000
 1.260000 0.000000 0.000000
 1.262500 0.000000 0.000000
 1.265000 0.000000 0.000000
 1.267500 0.000000 0.000000
 1.270000 0.000000 0.000000
 1.272500 0.000000 0.000000
 1.275000 0.000000 0.000000
 1.277500 0.000000 0.000000
 1.280000 0.000000 0.000000
 1.282500 0.000000 0.000000
 1.285000 0.000000 0.000000
 1.287500 0.000000 0.000000
 1.290000 0.000000 0.000000
 1.292500 0.000000 0.000000
 1.295000 0.000000 0.000000
 1.297500 0.000000 0.000000
 1.300000 0.000000 0.000000
 1.302500 0.000000 0.000000
 1.305000 0.000000 0.000000
 1.307500 0.000000 0.000000
 1.310000 0.000000 0.000000
 1.312500 0.000000 0.000000
 1.315000 0.000000 0.000000
 1.317500 0.000000 0.000000
 1.320000 0.000000 0.000000
 1.322500 0.000000 0.000000
 1.325000 0.000000 0.000000
 1.327500 0.000000 0.000000
 1.330000 0.000000 0.000000
 1.332500 0.000000 0.000000
 1.335000 0.000000 0.000000
 1.337500 0.000000 0.000000
 1.340000 0.000000 0.000000
 1.342500 0.000000 0.000000
 1.345000 0.000000 0.000000
 1.347500 0.000000 0.000000
 1.350000 0.000000 0.000000
 1.352500 0.000000 0.000000
 1.355000 0.000000 0.000000
 1.357500 0.000000 0.000000
 1.360000 0.000000 0.000000
 1.362500 0.000000 0.000000
 1.365000 0.000000 0.000000
 1.367500 0.000000 0.000000
 1.370000 0.000000 0.000000
 1.372500 0.000000 0.000000
 1.375000 0.000000 0.000000
 1.377500 0.000000 0.000000
 1.380000 0.000000 0.000000
 1.382500 0.000000 0.000000
 1.385000 0.000000 0.000000
 1.387500 0.000000 0.000000
 1.390000 0.000000 0.000000
 1.392500 0.000000 0.000000
 1.395000 0.000000 0.000000
 1.397500 0.000000 0.000000
 1.400000 0.000000 0.000000
 1.402500 0.000000 0.000000
 1.405000 0.000000 0.000000
 1.407500 0.000000 0.000000
 1.410000 0.000000 0.000000
 1.412500 0.000000 0.000000
 1.415000 0.000000 0.000000
 1.417500 0.000000 0.000000
 1.420000 0.000000 0.000000
 1.422500 0.000000 0.000000
 1.425000 0.000000 0.000000
 1.427500 0.000000 0.000000
 1.430000 0.000000 0.000000
 1.432500 0.000000 0.000000
 1.435000 0.000000 0.000000
 1.437500 0.000000 0.000000
 1.440000 0.000000 0.000000
 1.442500 0.000000 0.000000
 1.445000 0.000000 0.000000
 1.447500 0.000000 0.000000
 1.450000 0.000000 0.000000
 1.452500 0.000000 0.000000
 1.455000 0.000000 0.000000
 1.457500 0.000000 0.000000
 1.460000 0.000000 0.000000
 1.462500 0.000000 0.000000
 1.465000 0.000000 0.000000
 1.467500 0.000000 0.000000
 1.470000 0.000000 0.000000
 1.472500 0.000000 0.000000
 1.475000 0.000000 0.000000
 1.477500 0.000000 0.000000
 1.480000 0.000000 0.000000
 1.482500 0.000000 0.000000
 1.485000 0.000000 0.000000
 1.487500 0.000000 0.000000
 1.490000 0.000000 0.000000
 1.492500 0.000000 0.000000
 1.495000 0.000000 0.000000
 1.497500 0.000000 0.000000
 1.500000 0.000000 0.000000
 1.502500 0.000000 0.000000
 1.505000 0.000000 0.000000
 1.507500 0.000000 0.000000
 1.510000 0.000000 0.000000
 1.512500 0.000000 0.000000
 1.515000 0.000000 0.000000
 1.517500 0.000000 0.000000
 1.520000 0.000000 0.000000
 1.522500 0.000000 0.000000
 1.525000 0.000000 0.000000
 1.527500 0.000000 0.000000
 1.530000 0.000000 0.000000
 1.532500 0.000000 0.000000
 1.535000 0.000000 0.000000
 1.537500 0.000000 0.000000
 1.540000 0.000000 0.000000
 1.542500 0.000000 0.000000
 1.545000 0.000000 0.000000
 1.547500 0.000000 0.000000
 1.550000 0.000000 0.000000
 1.552500 0.000000 0.000000
 1.555000 0.000000 0.000000
 1.557500 0.000000 0.000000
 1.560000 0.000000 0.000000
 1.562500 0.000000 0.000000
 1.565000 0.000000 0.000000
 1.567500 0.000000 0.000000
 1.570000 0.000000 0.000000
 1.572500 0.000000 0.000000
 1.575000 0.000000 0.000000
 1.577500 0.000000 0.000000
 1.580000 0.000000 0.000000
 1.582500 0.000000 0.000000
 1.585000 0.000000 0.000000
 1.587500 0.000000 0.000000
 1.590000 0.000000 0.000000
 1.592500 0.000000 0.000000
 1.595000 0.000000 0.000000
 1.597500 0.000000 0.000000
 1.600000 0.000000 0.000000
 1.602500 0.000000 0.000000
 1.605000 0.000000 0.000000
 1.607500 0.000000 0.000000
 1.610000 0.000000 0.000000
 1.612500 0.000000 0.000000
 1.615000 0.000000 0.000000
 1.617500 0.000000 0.000000
 1.620000 0.000000 0.000000
 1.622500 0.000000 0.000000
 1.625000 0.000000 0.000000
 1.627500 0.000000 0.000000
 1.630000 0.000000 0.000000
 1.632500 0.000000 0.000000
 1.635000 0.000000 0.000000
 1.637500 0.000000 0.000000
 1.640000 0.000000 0.000000
 1.642500 0.000000 0.000000
 1.645000 0.000000 0.000000
 1.647500 0.000000 0.000000
 1.650000 0.000000 0.000000
 1.652500 0.000000 0.000000
 1.655000 0.000000 0.000000
 1.657500 0.000000 0.000000
 1.660000 0.000000 0.000000
 1.662500 0.000000 0.000000
 1.665000 0.000000 0.000000
 1.667500 0.000000 0.000000
 1.670000 0.000000 0.000000
 1.672500 0.000000 0.000000
 1.675000 0.000000 0.000000
 1.677500 0.000000 0.000000
 1.680000 0.000000 0.000000
 1.682500 0.000000 0.000000
 1.685000 0.000000 0.000000
 1.687500 0.000000 0.000000
 1.690000 0.000000 0.000000
 1.692500 0.000000 0.000000
 1.695000 0.000000 0.000000
 1.697500 0.000000 0.000000
 1.700000 0.000000 0.000000
 1.702500 0.000000 0.000000
 1.705000 0.000000 0.000000
 1.707500 0.000000 0.000000
 1.710000 0.000000 0.000000
 1.712500 0.000000 0.000000
 1.715000 0.000000 0.000000
 1.717500 0.000000 0.000000
 1.720000 0.000000 0.000000
 1.722500 0.000000 0.000000
 1.725000 0.000000 0.000000
 1.727500 0.000000 0.000000
 1.730000 0.000000 0.000000
 1.732500 0.000000 0.000000
 1.735000 0.000000 0.000000
 1.737500 0.000000 0.000000
 1.740000 0.000000 0.000000
 1.742500 0.000000 0.000000
 1.745000 0.000000 0.000000
 1.747500 0.000000 0.000000
 1.750000 0.000000 0.000000
 1.752500 0.000000 0.000000
 1.755000 0.000000 0.000000
 1.757500 0.000000 0.000000
 1.760000 0.000000 0.000000
 1.762500 0.000000 0.000000
 1.765000 0.000000 0.000000
 1.767500 0.000000 0.000000
 1.770000 0.000000 0.000000
 1.772500 0.000000 0.000000
 1.775000 0.000000 0.000000
 1.777500 0.000000 0.000000
 1.780000 0.000000 0.000000
 1.782500 0.000000 0.000000
 1.785000 0.000000 0.000000
 1.787500 0.000000 0.000000
 1.790000 0.000000 0.000000
 1.792500 0.000000 0.000000
 1.795000 0.000000 0.000000
 1.797500 0.000000 0.000000
 1.800000 0.000000 0.000000
 1.802500 0.000000 0.000000
 1.805000 0.000000 0.000000
 1.807500 0.000000 0.000000
 1.810000 0.000000 0.000000
 1.812500 0.000000 0.000000
 1.815000 0.000000 0.000000
 1.817500 0.000000 0.000000
 1.820000 0.000000 0.000000
 1.822500 0.000000 0.000000
 1.825000 0.000000 0.000000
 1.827500 0.000000 0.000000
 1.830000 0.000000 0.000000
 1.832500 0.000000 0.000000
 1.835000 0.000000 0.000000
 1.837500 0.000000 0.000000
 1.840000 0.000000 0.000000
 1.842500 0.000000 0.000000
 1.845000 0.000000 0.000000
 1.847500 0.000000 0.000000
 1.850000 0.000000 0.000000
 1.852500 0.000000 0.000000
 1.855000 0.000000 0.000000
 1.857500 0.000000 0.000000
 1.860000 0.000000 0.000000
 1.862500 0.000000 0.000000
 1.865000 0.000000 0.000000
 1.867500 0.000000 0.000000
 1.870000 0.000000 0.000000
 1.872500 0.000000 0.000000
 1.875000 0.000000 0.000000
 1.877500 0.000000 0.000000
 1.880000 0.000000 0.000000
 1.882500 0.000000 0.000000
 1.885000 0.000000 0.000000
 1.887500 0.000000 0.000000
 1.890000 0.000000 0.000000
 1.892500 0.000000 0.000000
 1.895000 0.000000 0.000000
 1.897500 0.000000 0.000000
 1.900000 0.000000 0.000000
 1.902500 0.000000 0.000000
 1.905000 0.000000 0.000000
 1.907500 0.000000 0.000000
 1.910000 0.000000 0.000000
 1.912500 0.000000 0.000000
 1.915000 0.000000 0.000000
 1.917500 0.000000 0.000000
 1.920000 0.000000 0.000000
 1.922500 0.000000 0.000000
 1.925000 0.000000 0.000000
 1.927500 0.000000 0.000000
 1.930000 0.000000 0.000000
 1.932500 0.000000 0.000000
 1.935000 0.000000 0.000000
 1.937500 0.000000 0.000000
 1.940000 0.000000 0.000000
 1.942500 0.000000 0.000000
 1.945000 0.000000 0.000000
 1.947500 0.000000 0.000000
 1.950000 0.000000 0.000000
 1.952500 0.000000 0.000000
 1.955000 0.000000 0.000000
 1.957500 0.000000 0.000000
 1.960000 0.000000 0.000000
 1.962500 0.000000 0.000000
 1.965000 0.000000 0.000000
 1.967500 0.000000 0.000000
 1.970000 0.000000 0.000000
 1.972500 0.000000 0.000000
 1.975000 0.000000 0.000000
 1.977500 0.000000 0.000000
 1.980000 0.000000 0.000000
 1.982500 0.000000 0.000000
 1.985000 0.000000 0.000000
 1.987500 0.000000 0.000000
 1.990000 0.000000 0.000000
 1.992500 0.000000 0.000000
 1.995000 0.000000 0.000000
 1.997500 0.000000 0.000000
 2.000000 0.000000 0.000000
