#! FIELDS es hh dhh_es
#! SET normalisation  2000.000000
#! SET min_es -0.5
#! SET max_es 2
#! SET nbins_es  1000
#! SET periodic_es false
 -0.500000 0.000000 0.000000
 -0.497500 0.000000 0.000000
 -0.495000 0.000000 0.000000
 -0.492500 0.000000 0.000000
 -0.490000 0.000000 0.000000
 -0.487500 0.000000 0.000000
 -0.485000 0.000000 0.000000
 -0.482500 0.000000 0.000000
 -0.480000 0.000000 0.000000
 -0.477500 0.000000 0.000000
 -0.475000 0.000000 0.000000
 -0.472500 0.000000 0.000000
 -0.470000 0.000000 0.000000
 -0.467500 0.000000 0.000000
 -0.465000 0.000000 0.000000
 -0.462500 0.000000 0.000000
 -0.460000 0.000000 0.000000
 -0.457500 0.000000 0.000000
 -0.455000 0.000000 0.000000
 -0.452500 0.000000 0.000000
 -0.450000 0.000000 0.000000
 -0.447500 0.000000 0.000000
 -0.445000 0.000000 0.000000
 -0.442500 0.000000 0.000000
 -0.440000 0.000000 0.000000
 -0.437500 0.000000 0.000000
 -0.435000 0.000000 0.000000
 -0.432500 0.000000 0.000000
 -0.430000 0.000000 0.000000
 -0.427500 0.000000 0.000000
 -0.425000 0.000000 0.000000
 -0.422500 0.000000 0.000000
 -0.420000 0.000000 0.000000
 -0.417500 0.000000 0.000000
 -0.415000 0.000000 0.000000
 -0.412500 0.000000 0.000000
 -0.410000 0.000000 0.000000
 -0.407500 0.000000 0.000000
 -0.405000 0.000000 0.000000
 -0.402500 0.000000 0.000000
 -0.400000 0.000000 0.000000
 -0.397500 0.000000 0.000000
 -0.395000 0.000000 0.000000
 -0.392500 0.000000 0.000000
 -0.390000 0.000000 0.000000
 -0.387500 0.000000 0.000000
 -0.385000 0.000000 0.000000
 -0.382500 0.000000 0.000000
 -0.380000 0.000000 0.000000
 -0.377500 0.000000 0.000000
 -0.375000 0.000000 0.000000
 -0.372500 0.000000 0.000000
 -0.370000 0.000000 0.000000
 -0.367500 0.000000 0.000000
 -0.365000 0.000000 0.000000
 -0.362500 0.000000 0.000000
 -0.360000 0.000000 0.000000
 -0.357500 0.000000 0.000000
 -0.355000 0.000000 0.000000
 -0.352500 0.000000 0.000000
 -0.350000 0.000000 0.000000
 -0.347500 0.000000 0.000000
 -0.345000 0.000000 0.000000
 -0.342500 0.000000 0.000000
 -0.340000 0.000000 0.000000
 -0.337500 0.000000 0.000000
 -0.335000 0.000000 0.000000
 -0.332500 0.000000 0.000000
 -0.330000 0.000000 0.000000
 -0.327500 0.000000 0.000000
 -0.325000 0.000000 0.000000
 -0.322500 0.000000 0.000000
 -0.320000 0.000000 0.000000
 -0.317500 0.000000 0.000000
 -0.315000 0.000000 0.000000
 -0.312500 0.000000 0.000000
 -0.310000 0.000000 0.000000
 -0.307500 0.000000 0.000000
 -0.305000 0.000000 0.000000
 -0.302500 0.000000 0.000000
 -0.300000 0.000000 0.000000
 -0.297500 0.000000 0.000000
 -0.295000 0.000000 0.000000
 -0.292500 0.000000 0.000000
 -0.290000 0.000000 0.000000
 -0.287500 0.000000 0.000000
 -0.285000 0.000000 0.000000
 -0.282500 0.000000 0.000000
 -0.280000 0.000000 0.000000
 -0.277500 0.000000 0.000000
 -0.275000 0.000000 0.000000
 -0.272500 0.000000 0.000000
 -0.270000 0.000000 0.000000
 -0.267500 0.000000 0.000000
 -0.265000 0.000000 0.000000
 -0.262500 0.000000 0.000000
 -0.260000 0.000000 0.000000
 -0.257500 0.000000 0.000000
 -0.255000 0.000000 0.000000
 -0.252500 0.000000 0.000000
 -0.250000 0.000000 0.000000
 -0.247500 0.000000 0.000000
 -0.245000 0.000000 0.000000
 -0.242500 0.000000 0.000000
 -0.240000 0.000000 0.000000
 -0.237500 0.000000 0.000000
 -0.235000 0.000000 0.000000
 -0.232500 0.000000 0.000000
 -0.230000 0.000000 0.000000
 -0.227500 0.000000 0.000000
 -0.225000 0.000000 0.000000
 -0.222500 0.000000 0.000000
 -0.220000 0.000000 0.000000
 -0.217500 0.000000 0.000000
 -0.215000 0.000000 0.000000
 -0.212500 0.000000 0.000000
 -0.210000 0.000000 0.000000
 -0.207500 0.000000 0.000000
 -0.205000 0.000000 0.000000
 -0.202500 0.000000 0.000000
 -0.200000 0.000000 0.000000
 -0.197500 0.000000 0.000000
 -0.195000 0.000000 0.000000
 -0.192500 0.000000 0.000000
 -0.190000 0.000000 0.000000
 -0.187500 0.000000 0.000000
 -0.185000 0.000000 0.000000
 -0.182500 0.000000 0.000000
 -0.180000 0.000000 0.000000
 -0.177500 0.000000 0.000000
 -0.175000 0.000000 0.000000
 -0.172500 0.000000 0.000000
 -0.170000 0.000000 0.000000
 -0.167500 0.000000 0.000000
 -0.165000 0.000000 0.000000
 -0.162500 0.000000 0.000000
 -0.160000 0.000000 0.000000
 -0.157500 0.000000 0.000000
 -0.155000 0.000000 0.000000
 -0.152500 0.000000 0.000000
 -0.150000 0.000000 0.000000
 -0.147500 0.000000 0.000000
 -0.145000 0.000000 0.000000
 -0.142500 0.000000 0.000000
 -0.140000 0.000000 0.000000
 -0.137500 0.000000 0.000000
 -0.135000 0.000000 0.000000
 -0.132500 0.000000 0.000000
 -0.130000 0.000000 0.000000
 -0.127500 0.000000 0.000000
 -0.125000 0.000000 0.000000
 -0.122500 0.000000 0.000000
 -0.120000 0.000000 0.000000
 -0.117500 0.000000 0.000000
 -0.115000 0.000000 0.000000
 -0.112500 0.000000 0.000000
 -0.110000 0.000000 0.000000
 -0.107500 0.000000 0.000000
 -0.105000 0.000000 0.000000
 -0.102500 0.000000 0.000000
 -0.100000 0.000000 0.000000
 -0.097500 0.000000 0.000000
 -0.095000 0.000000 0.000000
 -0.092500 0.000000 0.000000
 -0.090000 0.000000 0.000000
 -0.087500 0.000000 0.000000
 -0.085000 0.000000 0.000000
 -0.082500 0.000000 0.000000
 -0.080000 0.000000 0.000000
 -0.077500 0.000000 0.000000
 -0.075000 0.000000 0.000000
 -0.072500 0.000000 0.000000
 -0.070000 0.000000 0.000000
 -0.067500 0.000000 0.000000
 -0.065000 0.000000 0.000000
 -0.062500 0.000000 0.000000
 -0.060000 0.000000 0.000000
 -0.057500 0.000000 0.000000
 -0.055000 0.000000 0.000000
 -0.052500 0.000000 0.000000
 -0.050000 0.000000 0.000000
 -0.047500 0.000000 0.000000
 -0.045000 0.000000 0.000000
 -0.042500 0.000000 0.000000
 -0.040000 0.000000 0.000000
 -0.037500 0.000000 0.000000
 -0.035000 0.000000 0.000000
 -0.032500 0.000000 0.000000
 -0.030000 0.000000 0.000000
 -0.027500 0.000000 0.000000
 -0.025000 0.000000 0.000000
 -0.022500 0.000000 0.000000
 -0.020000 0.000000 0.000000
 -0.017500 0.000000 0.000000
 -0.015000 0.000000 0.000000
 -0.012500 0.000000 0.000000
 -0.010000 0.000000 0.000000
 -0.007500 0.000000 0.000000
 -0.005000 0.000000 0.000000
 -0.002500 0.000000 0.000000
 0.000000 0.000000 0.000000
 0.002500 0.000000 0.000000
 0.005000 0.000000 0.000000
 0.007500 0.000000 0.000000
 0.010000 0.000000 0.000000
 0.012500 0.000000 0.000000
 0.015000 0.000000 0.000000
 0.017500 0.000000 0.000000
 0.020000 0.000000 0.000000
 0.022500 0.000000 0.000000
 0.025000 0.000000 0.000000
 0.027500 0.000000 0.000000
 0.030000 0.000000 0.000000
 0.032500 0.000000 0.000000
 0.035000 0.000000 0.000000
 0.037500 0.000000 0.000000
 0.040000 0.000000 0.000000
 0.042500 0.000000 0.000000
 0.045000 0.000000 0.000000
 0.047500 0.000000 0.000000
 0.050000 0.000000 0.000000
 0.052500 0.000000 0.000000
 0.055000 0.000000 0.000000
 0.057500 0.000000 0.000000
 0.060000 0.000000 0.000000
 0.062500 0.000000 0.000000
 0.065000 0.000000 0.000000
 0.067500 0.000000 0.000000
 0.070000 0.000000 0.000000
 0.072500 0.000000 0.000000
 0.075000 0.000000 0.000000
 0.077500 0.000000 0.000000
 0.080000 0.000000 0.000000
 0.082500 0.000000 0.000000
 0.085000 0.000000 0.000000
 0.087500 0.000000 0.000000
 0.090000 0.000000 0.000000
 0.092500 0.000000 0.000000
 0.095000 0.000000 0.000000
 0.097500 0.000000 0.000000
 0.100000 0.000000 0.000000
 0.102500 0.000000 0.000000
 0.105000 0.000000 0.000000
 0.107500 0.000000 0.000000
 0.110000 0.000000 0.000000
 0.112500 0.000000 0.000000
 0.115000 0.000000 0.000000
 0.117500 0.000000 0.000000
 0.120000 0.000000 0.000000
 0.122500 0.000000 0.000000
 0.125000 0.000000 0.000000
 0.127500 0.000000 0.000000
 0.130000 0.000000 0.000000
 0.132500 0.000000 0.000000
 0.135000 0.000000 0.000000
 0.137500 0.000000 0.000000
 0.140000 0.000000 0.000000
 0.142500 0.000000 0.000000
 0.145000 0.000000 0.000000
 0.147500 0.000000 0.000000
 0.150000 0.000000 0.000000
 0.152500 0.000000 0.000000
 0.155000 0.000000 0.000000
 0.157500 0.000000 0.000000
 0.160000 0.000000 0.000000
 0.162500 0.000000 0.000000
 0.165000 0.000000 0.000000
 0.167500 0.000000 0.000000
 0.170000 0.000000 0.000000
 0.172500 0.000000 0.000000
 0.175000 0.000000 0.000000
 0.177500 0.000000 0.000000
 0.180000 0.000000 0.000000
 0.182500 0.000000 0.000000
 0.185000 0.000000 0.000000
 0.187500 0.000000 0.000024
 0.190000 0.000000 0.000057
 0.192500 0.000000 0.000125
 0.195000 0.000001 0.000256
 0.197500 0.000002 0.000490
 0.200000 0.000003 0.000876
 0.202500 0.000006 0.001457
 0.205000 0.000011 0.002249
 0.207500 0.000018 0.003215
 0.210000 0.000027 0.004234
 0.212500 0.000039 0.005106
 0.215000 0.000052 0.005576
 0.217500 0.000066 0.005407
 0.220000 0.000079 0.004466
 0.222500 0.000088 0.002795
 0.225000 0.000092 0.000630
 0.227500 0.000091 -0.001650
 0.230000 0.000084 -0.003631
 0.232500 0.000073 -0.004990
 0.235000 0.000060 -0.005574
 0.237500 0.000046 -0.005429
 0.240000 0.000033 -0.004745
 0.242500 0.000022 -0.003777
 0.245000 0.000014 -0.002761
 0.247500 0.000009 -0.001865
 0.250000 0.000005 -0.001168
 0.252500 0.000003 -0.000680
 0.255000 0.000001 -0.000368
 0.257500 0.000001 -0.000186
 0.260000 0.000000 -0.000088
 0.262500 0.000000 -0.000039
 0.265000 0.000000 0.000000
 0.267500 0.000000 0.000000
 0.270000 0.000000 0.000000
 0.272500 0.000000 0.000000
 0.275000 0.000000 0.000000
 0.277500 0.000000 0.000000
 0.280000 0.000000 0.000000
 0.282500 0.000000 0.000000
 0.285000 0.000000 0.000000
 0.287500 0.000000 0.000000
 0.290000 0.000000 0.000000
 0.292500 0.000000 0.000000
 0.295000 0.000000 0.000000
 0.297500 0.000000 0.000000
 0.300000 0.000000 0.000000
 0.302500 0.000000 0.000000
 0.305000 0.000000 0.000000
 0.307500 0.000000 0.000000
 0.310000 0.000000 0.000000
 0.312500 0.000000 0.000000
 0.315000 0.000000 0.000016
 0.317500 0.000000 0.000040
 0.320000 0.000000 0.000090
 0.322500 0.000001 0.000218
 0.325000 0.000001 0.000442
 0.327500 0.000003 0.000835
 0.330000 0.000006 0.001478
 0.332500 0.000011 0.002443
 0.335000 0.000018 0.003785
 0.337500 0.000030 0.005451
 0.340000 0.000046 0.007302
 0.342500 0.000066 0.009071
 0.345000 0.000091 0.010414
 0.347500 0.000118 0.010965
 0.350000 0.000145 0.010492
 0.352500 0.000169 0.008976
 0.355000 0.000189 0.006661
 0.357500 0.000202 0.003997
 0.360000 0.000209 0.001535
 0.362500 0.000211 -0.000318
 0.365000 0.000208 -0.001341
 0.367500 0.000205 -0.001560
 0.370000 0.000201 -0.001253
 0.372500 0.000199 -0.000724
 0.375000 0.000197 -0.000193
 0.377500 0.000197 0.000198
 0.380000 0.000199 0.000572
 0.382500 0.000201 0.001058
 0.385000 0.000204 0.001917
 0.387500 0.000211 0.003327
 0.390000 0.000221 0.005370
 0.392500 0.000238 0.008164
 0.395000 0.000263 0.011624
 0.397500 0.000297 0.015802
 0.400000 0.000343 0.020644
 0.402500 0.000401 0.025904
 0.405000 0.000472 0.031335
 0.407500 0.000557 0.036476
 0.410000 0.000654 0.040767
 0.412500 0.000760 0.043786
 0.415000 0.000872 0.045292
 0.417500 0.000985 0.045360
 0.420000 0.001098 0.044297
 0.422500 0.001206 0.042493
 0.425000 0.001310 0.040018
 0.427500 0.001406 0.036726
 0.430000 0.001492 0.032164
 0.432500 0.001566 0.025993
 0.435000 0.001621 0.018258
 0.437500 0.001656 0.009714
 0.440000 0.001671 0.001956
 0.442500 0.001669 -0.003057
 0.445000 0.001659 -0.003368
 0.447500 0.001657 0.002259
 0.450000 0.001676 0.013904
 0.452500 0.001731 0.030267
 0.455000 0.001829 0.048638
 0.457500 0.001973 0.065709
 0.460000 0.002154 0.078055
 0.462500 0.002357 0.083250
 0.465000 0.002563 0.080324
 0.467500 0.002753 0.070233
 0.470000 0.002911 0.055924
 0.472500 0.003032 0.041125
 0.475000 0.003120 0.029819
 0.477500 0.003187 0.024988
 0.480000 0.003251 0.028004
 0.482500 0.003333 0.038708
 0.485000 0.003450 0.055123
 0.487500 0.003612 0.074479
 0.490000 0.003822 0.093271
 0.492500 0.004076 0.108196
 0.495000 0.004358 0.116655
 0.497500 0.004654 0.117966
 0.500000 0.004944 0.113769
 0.502500 0.005221 0.107998
 0.505000 0.005488 0.106268
 0.507500 0.005761 0.113826
 0.510000 0.006067 0.133586
 0.512500 0.006438 0.164449
 0.515000 0.006895 0.201256
 0.517500 0.007443 0.236100
 0.520000 0.008067 0.260601
 0.522500 0.008733 0.268729
 0.525000 0.009397 0.258894
 0.527500 0.010016 0.233698
 0.530000 0.010559 0.199840
 0.532500 0.011016 0.165849
 0.535000 0.011396 0.139760
 0.537500 0.011729 0.128505
 0.540000 0.012057 0.136736
 0.542500 0.012430 0.165423
 0.545000 0.012901 0.213294
 0.547500 0.013511 0.277133
 0.550000 0.014296 0.351391
 0.552500 0.015273 0.429286
 0.555000 0.016442 0.504395
 0.557500 0.017789 0.570930
 0.560000 0.019289 0.625494
 0.562500 0.020908 0.666295
 0.565000 0.022611 0.694111
 0.567500 0.024369 0.710197
 0.570000 0.026156 0.716841
 0.572500 0.027950 0.716180
 0.575000 0.029735 0.711449
 0.577500 0.031509 0.707033
 0.580000 0.033277 0.707696
 0.582500 0.035059 0.719172
 0.585000 0.036888 0.744935
 0.587500 0.038801 0.785454
 0.590000 0.040829 0.837144
 0.592500 0.042995 0.894484
 0.595000 0.045305 0.951117
 0.597500 0.047753 1.003993
 0.600000 0.050326 1.052834
 0.602500 0.053020 1.101874
 0.605000 0.055844 1.156996
 0.607500 0.058820 1.224541
 0.610000 0.061985 1.308433
 0.612500 0.065383 1.409309
 0.615000 0.069051 1.524771
 0.617500 0.073019 1.650064
 0.620000 0.077307 1.778241
 0.622500 0.081916 1.905862
 0.625000 0.086840 2.029148
 0.627500 0.092066 2.147920
 0.630000 0.097584 2.262913
 0.632500 0.103386 2.376297
 0.635000 0.109473 2.490011
 0.637500 0.115846 2.606031
 0.640000 0.122513 2.724275
 0.642500 0.129480 2.845950
 0.645000 0.136757 2.972523
 0.647500 0.144358 3.105855
 0.650000 0.152301 3.245884
 0.652500 0.160600 3.390201
 0.655000 0.169264 3.536208
 0.657500 0.178287 3.677208
 0.660000 0.187657 3.810794
 0.662500 0.197346 3.934450
 0.665000 0.207337 4.052622
 0.667500 0.217623 4.171841
 0.670000 0.228217 4.300595
 0.672500 0.239156 4.446812
 0.675000 0.250487 4.616838
 0.677500 0.262277 4.813602
 0.680000 0.274598 5.041148
 0.682500 0.287526 5.301316
 0.685000 0.301149 5.595661
 0.687500 0.315553 5.925541
 0.690000 0.330826 6.291168
 0.692500 0.347057 6.689934
 0.695000 0.364323 7.117877
 0.697500 0.382691 7.568839
 0.700000 0.402206 8.035487
 0.702500 0.422892 8.504912
 0.705000 0.444749 8.970771
 0.707500 0.467763 9.428646
 0.710000 0.491923 9.886871
 0.712500 0.517234 10.355963
 0.715000 0.543757 10.854709
 0.717500 0.571579 11.395885
 0.720000 0.600807 11.979578
 0.722500 0.631539 12.594457
 0.725000 0.663825 13.219912
 0.727500 0.697666 13.832833
 0.730000 0.733009 14.420205
 0.732500 0.769792 14.989569
 0.735000 0.808000 15.561317
 0.737500 0.847678 16.173583
 0.740000 0.888971 16.853046
 0.742500 0.932072 17.623720
 0.745000 0.977216 18.483470
 0.747500 1.024606 19.415625
 0.750000 1.074385 20.389826
 0.752500 1.126616 21.370841
 0.755000 1.181279 22.333233
 0.757500 1.238317 23.269269
 0.760000 1.297674 24.184438
 0.762500 1.359306 25.096452
 0.765000 1.423246 26.032052
 0.767500 1.489573 27.012232
 0.770000 1.558422 28.047590
 0.772500 1.629929 29.136850
 0.775000 1.704225 30.274646
 0.777500 1.781412 31.452497
 0.780000 1.861600 32.673276
 0.782500 1.944908 33.954540
 0.785000 2.031525 35.323662
 0.787500 2.121709 36.814349
 0.790000 2.215788 38.428905
 0.792500 2.314039 40.153872
 0.795000 2.416678 41.934046
 0.797500 2.523763 43.683970
 0.800000 2.635101 45.321573
 0.802500 2.750299 46.769420
 0.805000 2.868843 47.995115
 0.807500 2.990170 49.002286
 0.810000 3.113807 49.858578
 0.812500 3.239492 50.655770
 0.815000 3.367213 51.510441
 0.817500 3.497239 52.513867
 0.820000 3.630010 53.714000
 0.822500 3.766027 55.096152
 0.825000 3.905634 56.575809
 0.827500 4.048929 58.025305
 0.830000 4.195662 59.303278
 0.832500 4.345242 60.283172
 0.835000 4.496811 60.897700
 0.837500 4.649429 61.139466
 0.840000 4.802227 61.051880
 0.842500 4.954492 60.737527
 0.845000 5.105786 60.297667
 0.847500 5.255899 59.814062
 0.850000 5.404782 59.321182
 0.852500 5.552388 58.792741
 0.855000 5.698545 58.150465
 0.857500 5.842849 57.293534
 0.860000 5.984620 56.126628
 0.862500 6.123009 54.589513
 0.865000 6.257063 52.679188
 0.867500 6.385877 50.413987
 0.870000 6.508627 47.833665
 0.872500 6.624543 44.970924
 0.875000 6.732934 41.837097
 0.877500 6.833124 38.421492
 0.880000 6.924377 34.692333
 0.882500 7.005878 30.635844
 0.885000 7.076765 26.208669
 0.887500 7.136068 21.385965
 0.890000 7.182777 16.141315
 0.892500 7.215799 10.447222
 0.895000 7.234001 4.300804
 0.897500 7.236236 -2.305161
 0.900000 7.221350 -9.364854
 0.902500 7.188236 -16.869667
 0.905000 7.135836 -24.765895
 0.907500 7.063269 -32.964858
 0.910000 6.969927 -41.348746
 0.912500 6.855527 -49.773733
 0.915000 6.720120 -58.110646
 0.917500 6.564054 -66.278157
 0.920000 6.387807 -74.232816
 0.922500 6.191922 -81.970910
 0.925000 5.976963 -89.483843
 0.927500 5.743540 -96.722996
 0.930000 5.492454 -103.580218
 0.932500 5.224838 -109.904452
 0.935000 4.942251 -115.519954
 0.937500 4.646688 -120.260722
 0.940000 4.340524 -123.987698
 0.942500 4.026410 -126.601679
 0.945000 3.707209 -128.048505
 0.947500 3.385884 -128.286682
 0.950000 3.065526 -127.288224
 0.952500 2.749281 -125.004863
 0.955000 2.440399 -121.393529
 0.957500 2.142240 -116.455516
 0.960000 1.858062 -110.222236
 0.962500 1.590981 -102.818491
 0.965000 1.343704 -94.438241
 0.967500 1.118352 -85.335711
 0.970000 0.916377 -75.815239
 0.972500 0.738430 -66.175231
 0.975000 0.584456 -56.708107
 0.977500 0.453703 -47.657418
 0.980000 0.344875 -39.224827
 0.982500 0.256223 -31.559499
 0.985000 0.185690 -24.770207
 0.987500 0.130996 -18.919210
 0.990000 0.089758 -14.023744
 0.992500 0.059612 -10.064601
 0.995000 0.038291 -6.974504
 0.997500 0.023737 -4.654524
 1.000000 0.014174 -2.985462
 1.002500 0.008131 -1.833949
 1.005000 0.004475 -1.078366
 1.007500 0.002353 -0.603564
 1.010000 0.001177 -0.320033
 1.012500 0.000555 -0.159133
 1.015000 0.000247 -0.074360
 1.017500 0.000101 -0.031888
 1.020000 0.000037 -0.012158
 1.022500 0.000012 -0.004077
 1.025000 0.000003 -0.001167
 1.027500 0.000001 -0.000313
 1.030000 0.000000 -0.000045
 1.032500 0.000000 0.000000
 1.035000 0.000000 0.000000
 1.037500 0.000000 0.000000
 1.040000 0.000000 0.000000
 1.042500 0.000000 0.000000
 1.045000 0.000000 0.000000
 1.047500 0.000000 0.000000
 1.050000 0.000000 0.000000
 1.052500 0.000000 0.000000
 1.055000 0.000000 0.000000
 1.057500 0.000000 0.000000
 1.060000 0.000000 0.000000
 1.062500 0.000000 0.000000
 1.065000 0.000000 0.000000
 1.067500 0.000000 0.000000
 1.070000 0.000000 0.000000
 1.072500 0.000000 0.000000
 1.075000 0.000000 0.000000
 1.077500 0.000000 0.000000
 1.080000 0.000000 0.000000
 1.082500 0.000000 0.000000
 1.085000 0.000000 0.000000
 1.087500 0.000000 0.000000
 1.090000 0.000000 0.000000
 1.092500 0.000000 0.000000
 1.095000 0.000000 0.000000
 1.097500 0.000000 0.000000
 1.100000 0.000000 0.000000
 1.102500 0.000000 0.000000
 1.105000 0.000000 0.000000
 1.107500 0.000000 0.000000
 1.110000 0.000000 0.000000
 1.112500 0.000000 0.000000
 1.115000 0.000000 0.000000
 1.117500 0.000000 0.000000
 1.120000 0.000000 0.000000
 1.122500 0.000000 0.000000
 1.125000 0.000000 0.000000
 1.127500 0.000000 0.000000
 1.130000 0.000000 0.000000
 1.132500 0.000000 0.000000
 1.135000 0.000000 0.000000
 1.137500 0.000000 0.000000
 1.140000 0.000000 0.000000
 1.142500 0.000000 0.000000
 1.145000 0.000000 0.000000
 1.147500 0.000000 0.000000
 1.150000 0.000000 0.000000
 1.152500 0.000000 0.000000
 1.155000 0.000000 0.000000
 1.157500 0.000000 0.000000
 1.160000 0.000000 0.000000
 1.162500 0.000000 0.000000
 1.165000 0.000000 0.000000
 1.167500 0.000000 0.000000
 1.170000 0.000000 0.000000
 1.172500 0.000000 0.000000
 1.175000 0.000000 0.000000
 1.177500 0.000000 0.000000
 1.180000 0.000000 0.000000
 1.182500 0.000000 0.000000
 1.185000 0.000000 0.000000
 1.187500 0.000000 0.000000
 1.190000 0.000000 0.000000
 1.192500 0.000000 0.000000
 1.195000 0.000000 0.000000
 1.197500 0.000000 0.000000
 1.200000 0.000000 0.000000
 1.202500 0.000000 0.000000
 1.205000 0.000000 0.000000
 1.207500 0.000000 0.000000
 1.210000 0.000000 0.000000
 1.212500 0.000000 0.000000
 1.215000 0.000000 0.000000
 1.217500 0.000000 0.000000
 1.220000 0.000000 0.000000
 1.222500 0.000000 0.000000
 1.225000 0.000000 0.000000
 1.227500 0.000000 0.000000
 1.230000 0.000000 0.000000
 1.232500 0.000000 0.000000
 1.235000 0.000000 0.000000
 1.237500 0.000000 0.000000
 1.240000 0.000000 0.000000
 1.242500 0.000000 0.000000
 1.245000 0.000000 0.000000
 1.247500 0.000000 0.000000
 1.250000 0.000000 0.000000
 1.252500 0.000000 0.000000
 1.255000 0.000000 0.000000
 1.257500 0.000000 0.000000
 1.260000 0.000000 0.000000
 1.262500 0.000000 0.000000
 1.265000 0.000000 0.000000
 1.267500 0.000000 0.000000
 1.270000 0.000000 0.000000
 1.272500 0.000000 0.000000
 1.275000 0.000000 0.000000
 1.277500 0.000000 0.000000
 1.280000 0.000000 0.000000
 1.282500 0.000000 0.000000
 1.285000 0.000000 0.000000
 1.287500 0.000000 0.000000
 1.290000 0.000000 0.000000
 1.292500 0.000000 0.000000
 1.295000 0.000000 0.000000
 1.297500 0.000000 0.000000
 1.300000 0.000000 0.000000
 1.302500 0.000000 0.000000
 1.305000 0.000000 0.000000
 1.307500 0.000000 0.000000
 1.310000 0.000000 0.000000
 1.312500 0.000000 0.000000
 1.315000 0.000000 0.000000
 1.317500 0.000000 0.000000
 1.320000 0.000000 0.000000
 1.322500 0.000000 0.000000
 1.325000 0.000000 0.000000
 1.327500 0.000000 0.000000
 1.330000 0.000000 0.000000
 1.332500 0.000000 0.000000
 1.335000 0.000000 0.000000
 1.337500 0.000000 0.000000
 1.340000 0.000000 0.000000
 1.342500 0.000000 0.000000
 1.345000 0.000000 0.000000
 1.347500 0.000000 0.000000
 1.350000 0.000000 0.000000
 1.352500 0.000000 0.000000
 1.355000 0.000000 0.000000
 1.357500 0.000000 0.000000
 1.360000 0.000000 0.000000
 1.362500 0.000000 0.000000
 1.365000 0.000000 0.000000
 1.367500 0.000000 0.000000
 1.370000 0.000000 0.000000
 1.372500 0.000000 0.000000
 1.375000 0.000000 0.000000
 1.377500 0.000000 0.000000
 1.380000 0.000000 0.000000
 1.382500 0.000000 0.000000
 1.385000 0.000000 0.000000
 1.387500 0.000000 0.000000
 1.390000 0.000000 0.000000
 1.392500 0.000000 0.000000
 1.395000 0.000000 0.000000
 1.397500 0.000000 0.000000
 1.400000 0.000000 0.000000
 1.402500 0.000000 0.000000
 1.405000 0.000000 0.000000
 1.407500 0.000000 0.000000
 1.410000 0.000000 0.000000
 1.412500 0.000000 0.000000
 1.415000 0.000000 0.000000
 1.417500 0.000000 0.000000
 1.420000 0.000000 0.000000
 1.422500 0.000000 0.000000
 1.425000 0.000000 0.000000
 1.427500 0.000000 0.000000
 1.430000 0.000000 0.000000
 1.432500 0.000000 0.000000
 1.435000 0.000000 0.000000
 1.437500 0.000000 0.000000
 1.440000 0.000000 0.000000
 1.442500 0.000000 0.000000
 1.445000 0.000000 0.000000
 1.447500 0.000000 0.000000
 1.450000 0.000000 0.000000
 1.452500 0.000000 0.000000
 1.455000 0.000000 0.000000
 1.457500 0.000000 0.000000
 1.460000 0.000000 0.000000
 1.462500 0.000000 0.000000
 1.465000 0.000000 0.000000
 1.467500 0.000000 0.000000
 1.470000 0.000000 0.000000
 1.472500 0.000000 0.000000
 1.475000 0.000000 0.000000
 1.477500 0.000000 0.000000
 1.480000 0.000000 0.000000
 1.482500 0.000000 0.000000
 1.485000 0.000000 0.000000
 1.487500 0.000000 0.000000
 1.490000 0.000000 0.000000
 1.492500 0.000000 0.000000
 1.495000 0.000000 0.000000
 1.497500 0.000000 0.000000
 1.500000 0.000000 0.000000
 1.502500 0.000000 0.000000
 1.505000 0.000000 0.000000
 1.507500 0.000000 0.000000
 1.510000 0.000000 0.000000
 1.512500 0.000000 0.000000
 1.515000 0.000000 0.000000
 1.517500 0.000000 0.000000
 1.520000 0.000000 0.000000
 1.522500 0.000000 0.000000
 1.525000 0.000000 0.000000
 1.527500 0.000000 0.000000
 1.530000 0.000000 0.000000
 1.532500 0.000000 0.000000
 1.535000 0.000000 0.000000
 1.537500 0.000000 0.000000
 1.540000 0.000000 0.000000
 1.542500 0.000000 0.000000
 1.545000 0.000000 0.000000
 1.547500 0.000000 0.000000
 1.550000 0.000000 0.000000
 1.552500 0.000000 0.000000
 1.555000 0.000000 0.000000
 1.557500 0.000000 0.000000
 1.560000 0.000000 0.000000
 1.562500 0.000000 0.000000
 1.565000 0.000000 0.000000
 1.567500 0.000000 0.000000
 1.570000 0.000000 0.000000
 1.572500 0.000000 0.000000
 1.575000 0.000000 0.000000
 1.577500 0.000000 0.000000
 1.580000 0.000000 0.000000
 1.582500 0.000000 0.000000
 1.585000 0.000000 0.000000
 1.587500 0.000000 0.000000
 1.590000 0.000000 0.000000
 1.592500 0.000000 0.000000
 1.595000 0.000000 0.000000
 1.597500 0.000000 0.000000
 1.600000 0.000000 0.000000
 1.602500 0.000000 0.000000
 1.605000 0.000000 0.000000
 1.607500 0.000000 0.000000
 1.610000 0.000000 0.000000
 1.612500 0.000000 0.000000
 1.615000 0.000000 0.000000
 1.617500 0.000000 0.000000
 1.620000 0.000000 0.000000
 1.622500 0.000000 0.000000
 1.625000 0.000000 0.000000
 1.627500 0.000000 0.000000
 1.630000 0.000000 0.000000
 1.632500 0.000000 0.000000
 1.635000 0.000000 0.000000
 1.637500 0.000000 0.000000
 1.640000 0.000000 0.000000
 1.642500 0.000000 0.000000
 1.645000 0.000000 0.000000
 1.647500 0.000000 0.000000
 1.650000 0.000000 0.000000
 1.652500 0.000000 0.000000
 1.655000 0.000000 0.000000
 1.657500 0.000000 0.000000
 1.660000 0.000000 0.000000
 1.662500 0.000000 0.000000
 1.665000 0.000000 0.000000
 1.667500 0.000000 0.000000
 1.670000 0.000000 0.000000
 1.672500 0.000000 0.000000
 1.675000 0.000000 0.000000
 1.677500 0.000000 0.000000
 1.680000 0.000000 0.000000
 1.682500 0.000000 0.000000
 1.685000 0.000000 0.000000
 1.687500 0.000000 0.000000
 1.690000 0.000000 0.000000
 1.692500 0.000000 0.000000
 1.695000 0.000000 0.000000
 1.697500 0.000000 0.000000
 1.700000 0.000000 0.000000
 1.702500 0.000000 0.000000
 1.705000 0.000000 0.000000
 1.707500 0.000000 0.000000
 1.710000 0.000000 0.000000
 1.712500 0.000000 0.000000
 1.715000 0.000000 0.000000
 1.717500 0.000000 0.000000
 1.720000 0.000000 0.000000
 1.722500 0.000000 0.000000
 1.725000 0.000000 0.000000
 1.727500 0.000000 0.000000
 1.730000 0.000000 0.000000
 1.732500 0.000000 0.000000
 1.735000 0.000000 0.000000
 1.737500 0.000000 0.000000
 1.740000 0.000000 0.000000
 1.742500 0.000000 0.000000
 1.745000 0.000000 0.000000
 1.747500 0.000000 0.000000
 1.750000 0.000000 0.000000
 1.752500 0.000000 0.000000
 1.755000 0.000000 0.000000
 1.757500 0.000000 0.000000
 1.760000 0.000000 0.000000
 1.762500 0.000000 0.000000
 1.765000 0.000000 0.000000
 1.767500 0.000000 0.000000
 1.770000 0.000000 0.000000
 1.772500 0.000000 0.000000
 1.775000 0.000000 0.000000
 1.777500 0.000000 0.000000
 1.780000 0.000000 0.000000
 1.782500 0.000000 0.000000
 1.785000 0.000000 0.000000
 1.787500 0.000000 0.000000
 1.790000 0.000000 0.000000
 1.792500 0.000000 0.000000
 1.795000 0.000000 0.000000
 1.797500 0.000000 0.000000
 1.800000 0.000000 0.000000
 1.802500 0.000000 0.000000
 1.805000 0.000000 0.000000
 1.807500 0.000000 0.000000
 1.810000 0.000000 0.000000
 1.812500 0.000000 0.000000
 1.815000 0.000000 0.000000
 1.817500 0.000000 0.000000
 1.820000 0.000000 0.000000
 1.822500 0.000000 0.000000
 1.825000 0.000000 0.000000
 1.827500 0.000000 0.000000
 1.830000 0.000000 0.000000
 1.832500 0.000000 0.000000
 1.835000 0.000000 0.000000
 1.837500 0.000000 0.000000
 1.840000 0.000000 0.000000
 1.842500 0.000000 0.000000
 1.845000 0.000000 0.000000
 1.847500 0.000000 0.000000
 1.850000 0.000000 0.000000
 1.852500 0.000000 0.000000
 1.855000 0.000000 0.000000
 1.857500 0.000000 0.000000
 1.860000 0.000000 0.000000
 1.862500 0.000000 0.000000
 1.865000 0.000000 0.000000
 1.867500 0.000000 0.000000
 1.870000 0.000000 0.000000
 1.872500 0.000000 0.000000
 1.875000 0.000000 0.000000
 1.877500 0.000000 0.000000
 1.880000 0.000000 0.000000
 1.882500 0.000000 0.000000
 1.885000 0.000000 0.000000
 1.887500 0.000000 0.000000
 1.890000 0.000000 0.000000
 1.892500 0.000000 0.000000
 1.895000 0.000000 0.000000
 1.897500 0.000000 0.000000
 1.900000 0.000000 0.000000
 1.902500 0.000000 0.000000
 1.905000 0.000000 0.000000
 1.907500 0.000000 0.000000
 1.910000 0.000000 0.000000
 1.912500 0.000000 0.000000
 1.915000 0.000000 0.000000
 1.917500 0.000000 0.000000
 1.920000 0.000000 0.000000
 1.922500 0.000000 0.000000
 1.925000 0.000000 0.000000
 1.927500 0.000000 0.000000
 1.930000 0.000000 0.000000
 1.932500 0.000000 0.000000
 1.935000 0.000000 0.000000
 1.937500 0.000000 0.000000
 1.940000 0.000000 0.000000
 1.942500 0.000000 0.000000
 1.945000 0.000000 0.000000
 1.947500 0.000000 0.000000
 1.950000 0.000000 0.000000
 1.952500 0.000000 0.000000
 1.955000 0.000000 0.000000
 1.957500 0.000000 0.000000
 1.960000 0.000000 0.000000
 1.962500 0.000000 0.000000
 1.965000 0.000000 0.000000
 1.967500 0.000000 0.000000
 1.970000 0.000000 0.000000
 1.972500 0.000000 0.000000
 1.975000 0.000000 0.000000
 1.977500 0.000000 0.000000
 1.980000 0.000000 0.000000
 1.982500 0.000000 0.000000
 1.985000 0.000000 0.000000
 1.987500 0.000000 0.000000
 1.990000 0.000000 0.000000
 1.992500 0.000000 0.000000
 1.995000 0.000000 0.000000
 1.997500 0.000000 0.000000
 2.000000 0.000000 0.000000
