#! FIELDS es hh dhh_es
#! SET normalisation  2000.000000
#! SET min_es -0.5
#! SET max_es 2
#! SET nbins_es  1000
#! SET periodic_es false
 -0.500000 0.000000 0.000000
 -0.497500 0.000000 0.000000
 -0.495000 0.000000 0.000000
 -0.492500 0.000000 0.000000
 -0.490000 0.000000 0.000000
 -0.487500 0.000000 0.000000
 -0.485000 0.000000 0.000000
 -0.482500 0.000000 0.000000
 -0.480000 0.000000 0.000000
 -0.477500 0.000000 0.000000
 -0.475000 0.000000 0.000000
 -0.472500 0.000000 0.000000
 -0.470000 0.000000 0.000000
 -0.467500 0.000000 0.000000
 -0.465000 0.000000 0.000000
 -0.462500 0.000000 0.000000
 -0.460000 0.000000 0.000000
 -0.457500 0.000000 0.000000
 -0.455000 0.000000 0.000000
 -0.452500 0.000000 0.000000
 -0.450000 0.000000 0.000000
 -0.447500 0.000000 0.000000
 -0.445000 0.000000 0.000000
 -0.442500 0.000000 0.000000
 -0.440000 0.000000 0.000000
 -0.437500 0.000000 0.000000
 -0.435000 0.000000 0.000000
 -0.432500 0.000000 0.000000
 -0.430000 0.000000 0.000000
 -0.427500 0.000000 0.000000
 -0.425000 0.000000 0.000000
 -0.422500 0.000000 0.000000
 -0.420000 0.000000 0.000000
 -0.417500 0.000000 0.000000
 -0.415000 0.000000 0.000000
 -0.412500 0.000000 0.000000
 -0.410000 0.000000 0.000000
 -0.407500 0.000000 0.000000
 -0.405000 0.000000 0.000000
 -0.402500 0.000000 0.000000
 -0.400000 0.000000 0.000000
 -0.397500 0.000000 0.000000
 -0.395000 0.000000 0.000000
 -0.392500 0.000000 0.000000
 -0.390000 0.000000 0.000000
 -0.387500 0.000000 0.000000
 -0.385000 0.000000 0.000000
 -0.382500 0.000000 0.000000
 -0.380000 0.000000 0.000000
 -0.377500 0.000000 0.000000
 -0.375000 0.000000 0.000000
 -0.372500 0.000000 0.000000
 -0.370000 0.000000 0.000000
 -0.367500 0.000000 0.000000
 -0.365000 0.000000 0.000000
 -0.362500 0.000000 0.000000
 -0.360000 0.000000 0.000000
 -0.357500 0.000000 0.000000
 -0.355000 0.000000 0.000000
 -0.352500 0.000000 0.000000
 -0.350000 0.000000 0.000000
 -0.347500 0.000000 0.000000
 -0.345000 0.000000 0.000000
 -0.342500 0.000000 0.000000
 -0.340000 0.000000 0.000000
 -0.337500 0.000000 0.000000
 -0.335000 0.000000 0.000000
 -0.332500 0.000000 0.000000
 -0.330000 0.000000 0.000000
 -0.327500 0.000000 0.000000
 -0.325000 0.000000 0.000000
 -0.322500 0.000000 0.000000
 -0.320000 0.000000 0.000000
 -0.317500 0.000000 0.000000
 -0.315000 0.000000 0.000000
 -0.312500 0.000000 0.000000
 -0.310000 0.000000 0.000000
 -0.307500 0.000000 0.000000
 -0.305000 0.000000 0.000000
 -0.302500 0.000000 0.000000
 -0.300000 0.000000 0.000000
 -0.297500 0.000000 0.000000
 -0.295000 0.000000 0.000000
 -0.292500 0.000000 0.000000
 -0.290000 0.000000 0.000000
 -0.287500 0.000000 0.000000
 -0.285000 0.000000 0.000000
 -0.282500 0.000000 0.000000
 -0.280000 0.000000 0.000000
 -0.277500 0.000000 0.000000
 -0.275000 0.000000 0.000000
 -0.272500 0.000000 0.000000
 -0.270000 0.000000 0.000000
 -0.267500 0.000000 0.000000
 -0.265000 0.000000 0.000000
 -0.262500 0.000000 0.000000
 -0.260000 0.000000 0.000000
 -0.257500 0.000000 0.000000
 -0.255000 0.000000 0.000000
 -0.252500 0.000000 0.000000
 -0.250000 0.000000 0.000000
 -0.247500 0.000000 0.000000
 -0.245000 0.000000 0.000000
 -0.242500 0.000000 0.000000
 -0.240000 0.000000 0.000000
 -0.237500 0.000000 0.000000
 -0.235000 0.000000 0.000000
 -0.232500 0.000000 0.000000
 -0.230000 0.000000 0.000000
 -0.227500 0.000000 0.000000
 -0.225000 0.000000 0.000000
 -0.222500 0.000000 0.000000
 -0.220000 0.000000 0.000000
 -0.217500 0.000000 0.000000
 -0.215000 0.000000 0.000000
 -0.212500 0.000000 0.000000
 -0.210000 0.000000 0.000000
 -0.207500 0.000000 0.000000
 -0.205000 0.000000 0.000000
 -0.202500 0.000000 0.000000
 -0.200000 0.000000 0.000000
 -0.197500 0.000000 0.000000
 -0.195000 0.000000 0.000000
 -0.192500 0.000000 0.000000
 -0.190000 0.000000 0.000000
 -0.187500 0.000000 0.000000
 -0.185000 0.000000 0.000000
 -0.182500 0.000000 0.000000
 -0.180000 0.000000 0.000000
 -0.177500 0.000000 0.000000
 -0.175000 0.000000 0.000000
 -0.172500 0.000000 0.000000
 -0.170000 0.000000 0.000000
 -0.167500 0.000000 0.000000
 -0.165000 0.000000 0.000000
 -0.162500 0.000000 0.000000
 -0.160000 0.000000 0.000000
 -0.157500 0.000000 0.000000
 -0.155000 0.000000 0.000000
 -0.152500 0.000000 0.000000
 -0.150000 0.000000 0.000000
 -0.147500 0.000000 0.000000
 -0.145000 0.000000 0.000000
 -0.142500 0.000000 0.000000
 -0.140000 0.000000 0.000000
 -0.137500 0.000000 0.000000
 -0.135000 0.000000 0.000000
 -0.132500 0.000000 0.000000
 -0.130000 0.000000 0.000000
 -0.127500 0.000000 0.000000
 -0.125000 0.000000 0.000000
 -0.122500 0.000000 0.000000
 -0.120000 0.000000 0.000000
 -0.117500 0.000000 0.000000
 -0.115000 0.000000 0.000000
 -0.112500 0.000000 0.000000
 -0.110000 0.000000 0.000000
 -0.107500 0.000000 0.000000
 -0.105000 0.000000 0.000000
 -0.102500 0.000000 0.000000
 -0.100000 0.000000 0.000000
 -0.097500 0.000000 0.000000
 -0.095000 0.000000 0.000000
 -0.092500 0.000000 0.000000
 -0.090000 0.000000 0.000000
 -0.087500 0.000000 0.000000
 -0.085000 0.000000 0.000000
 -0.082500 0.000000 0.000000
 -0.080000 0.000000 0.000000
 -0.077500 0.000000 0.000000
 -0.075000 0.000000 0.000000
 -0.072500 0.000000 0.000000
 -0.070000 0.000000 0.000000
 -0.067500 0.000000 0.000000
 -0.065000 0.000000 0.000000
 -0.062500 0.000000 0.000000
 -0.060000 0.000000 0.000000
 -0.057500 0.000000 0.000000
 -0.055000 0.000000 0.000000
 -0.052500 0.000000 0.000000
 -0.050000 0.000000 0.000000
 -0.047500 0.000000 0.000000
 -0.045000 0.000000 0.000000
 -0.042500 0.000000 0.000000
 -0.040000 0.000000 0.000000
 -0.037500 0.000000 0.000000
 -0.035000 0.000000 0.000000
 -0.032500 0.000000 0.000000
 -0.030000 0.000000 0.000000
 -0.027500 0.000000 0.000000
 -0.025000 0.000000 0.000000
 -0.022500 0.000000 0.000000
 -0.020000 0.000000 0.000000
 -0.017500 0.000000 0.000000
 -0.015000 0.000000 0.000000
 -0.012500 0.000000 0.000000
 -0.010000 0.000000 0.000000
 -0.007500 0.000000 0.000000
 -0.005000 0.000000 0.000000
 -0.002500 0.000000 0.000000
 0.000000 0.000000 0.000000
 0.002500 0.000000 0.000000
 0.005000 0.000000 0.000000
 0.007500 0.000000 0.000000
 0.010000 0.000000 0.000000
 0.012500 0.000000 0.000000
 0.015000 0.000000 0.000000
 0.017500 0.000000 0.000000
 0.020000 0.000000 0.000000
 0.022500 0.000000 0.000000
 0.025000 0.000000 0.000000
 0.027500 0.000000 0.000000
 0.030000 0.000000 0.000000
 0.032500 0.000000 0.000000
 0.035000 0.000000 0.000000
 0.037500 0.000000 0.000000
 0.040000 0.000000 0.000000
 0.042500 0.000000 0.000000
 0.045000 0.000000 0.000000
 0.047500 0.000000 0.000000
 0.050000 0.000000 0.000000
 0.052500 0.000000 0.000000
 0.055000 0.000000 0.000000
 0.057500 0.000000 0.000000
 0.060000 0.000000 0.000000
 0.062500 0.000000 0.000000
 0.065000 0.000000 0.000000
 0.067500 0.000000 0.000000
 0.070000 0.000000 0.000000
 0.072500 0.000000 0.000000
 0.075000 0.000000 0.000000
 0.077500 0.000000 0.000000
 0.080000 0.000000 0.000000
 0.082500 0.000000 0.000000
 0.085000 0.000000 0.000000
 0.087500 0.000000 0.000000
 0.090000 0.000000 0.000000
 0.092500 0.000000 0.000000
 0.095000 0.000000 0.000000
 0.097500 0.000000 0.000000
 0.100000 0.000000 0.000000
 0.102500 0.000000 0.000000
 0.105000 0.000000 0.000000
 0.107500 0.000000 0.000000
 0.110000 0.000000 0.000000
 0.112500 0.000000 0.000000
 0.115000 0.000000 0.000000
 0.117500 0.000000 0.000000
 0.120000 0.000000 0.000000
 0.122500 0.000000 0.000000
 0.125000 0.000000 0.000000
 0.127500 0.000000 0.000000
 0.130000 0.000000 0.000027
 0.132500 0.000000 0.000063
 0.135000 0.000000 0.000137
 0.137500 0.000001 0.000279
 0.140000 0.000002 0.000530
 0.142500 0.000004 0.000939
 0.145000 0.000007 0.001547
 0.147500 0.000012 0.002365
 0.150000 0.000019 0.003346
 0.152500 0.000028 0.004359
 0.155000 0.000040 0.005194
 0.157500 0.000054 0.005594
 0.160000 0.000068 0.005330
 0.162500 0.000080 0.004289
 0.165000 0.000089 0.002537
 0.167500 0.000092 0.000335
 0.170000 0.000090 -0.001929
 0.172500 0.000083 -0.003846
 0.175000 0.000072 -0.005109
 0.177500 0.000058 -0.005594
 0.180000 0.000044 -0.005366
 0.182500 0.000032 -0.004631
 0.185000 0.000021 -0.003644
 0.187500 0.000013 -0.002637
 0.190000 0.000008 -0.001764
 0.192500 0.000004 -0.001094
 0.195000 0.000002 -0.000631
 0.197500 0.000001 -0.000339
 0.200000 0.000001 -0.000170
 0.202500 0.000000 -0.000079
 0.205000 0.000000 -0.000035
 0.207500 0.000000 0.000000
 0.210000 0.000000 0.000000
 0.212500 0.000000 0.000000
 0.215000 0.000000 0.000000
 0.217500 0.000000 0.000000
 0.220000 0.000000 0.000000
 0.222500 0.000000 0.000000
 0.225000 0.000000 0.000000
 0.227500 0.000000 0.000000
 0.230000 0.000000 0.000000
 0.232500 0.000000 0.000000
 0.235000 0.000000 0.000000
 0.237500 0.000000 0.000000
 0.240000 0.000000 0.000000
 0.242500 0.000000 0.000000
 0.245000 0.000000 0.000000
 0.247500 0.000000 0.000000
 0.250000 0.000000 0.000000
 0.252500 0.000000 0.000028
 0.255000 0.000000 0.000066
 0.257500 0.000000 0.000144
 0.260000 0.000001 0.000291
 0.262500 0.000002 0.000574
 0.265000 0.000004 0.001026
 0.267500 0.000007 0.001713
 0.270000 0.000013 0.002672
 0.272500 0.000021 0.003889
 0.275000 0.000032 0.005279
 0.277500 0.000047 0.006690
 0.280000 0.000066 0.007871
 0.282500 0.000086 0.008586
 0.285000 0.000108 0.008642
 0.287500 0.000129 0.007957
 0.290000 0.000147 0.006624
 0.292500 0.000162 0.004823
 0.295000 0.000171 0.002873
 0.297500 0.000176 0.001101
 0.300000 0.000177 -0.000192
 0.302500 0.000176 -0.000873
 0.305000 0.000173 -0.000919
 0.307500 0.000172 -0.000444
 0.310000 0.000171 0.000323
 0.312500 0.000173 0.001171
 0.315000 0.000177 0.001913
 0.317500 0.000183 0.002475
 0.320000 0.000190 0.002893
 0.322500 0.000197 0.003236
 0.325000 0.000206 0.003587
 0.327500 0.000215 0.004065
 0.330000 0.000226 0.004855
 0.332500 0.000240 0.006008
 0.335000 0.000257 0.007701
 0.337500 0.000279 0.010087
 0.340000 0.000308 0.013285
 0.342500 0.000346 0.017332
 0.345000 0.000396 0.022219
 0.347500 0.000458 0.027722
 0.350000 0.000535 0.033478
 0.352500 0.000625 0.039016
 0.355000 0.000729 0.043699
 0.357500 0.000843 0.046877
 0.360000 0.000962 0.047959
 0.362500 0.001080 0.046533
 0.365000 0.001192 0.042500
 0.367500 0.001291 0.036074
 0.370000 0.001371 0.027879
 0.372500 0.001430 0.018984
 0.375000 0.001467 0.010624
 0.377500 0.001485 0.004161
 0.380000 0.001490 0.000441
 0.382500 0.001490 0.000027
 0.385000 0.001493 0.002675
 0.387500 0.001506 0.007697
 0.390000 0.001533 0.014418
 0.392500 0.001578 0.022040
 0.395000 0.001644 0.030223
 0.397500 0.001730 0.038627
 0.400000 0.001837 0.046743
 0.402500 0.001962 0.053658
 0.405000 0.002103 0.058452
 0.407500 0.002252 0.060158
 0.410000 0.002401 0.058183
 0.412500 0.002540 0.052739
 0.415000 0.002663 0.044914
 0.417500 0.002765 0.036508
 0.420000 0.002847 0.029536
 0.422500 0.002915 0.025921
 0.425000 0.002981 0.027009
 0.427500 0.003055 0.033569
 0.430000 0.003153 0.045668
 0.432500 0.003287 0.062093
 0.435000 0.003466 0.081146
 0.437500 0.003693 0.099956
 0.440000 0.003964 0.115491
 0.442500 0.004267 0.125474
 0.445000 0.004586 0.128717
 0.447500 0.004906 0.126501
 0.450000 0.005216 0.121981
 0.452500 0.005517 0.119416
 0.455000 0.005818 0.122344
 0.457500 0.006135 0.132251
 0.460000 0.006484 0.147751
 0.462500 0.006875 0.164687
 0.465000 0.007305 0.177829
 0.467500 0.007758 0.182956
 0.470000 0.008212 0.178182
 0.472500 0.008643 0.164971
 0.475000 0.009034 0.147395
 0.477500 0.009382 0.131016
 0.480000 0.009695 0.120742
 0.482500 0.009995 0.120381
 0.485000 0.010308 0.131571
 0.487500 0.010663 0.154057
 0.490000 0.011087 0.186188
 0.492500 0.011602 0.226133
 0.495000 0.012223 0.271012
 0.497500 0.012960 0.318173
 0.500000 0.013816 0.365534
 0.502500 0.014787 0.410376
 0.505000 0.015866 0.451204
 0.507500 0.017040 0.487126
 0.510000 0.018298 0.517801
 0.512500 0.019626 0.543891
 0.515000 0.021015 0.566610
 0.517500 0.022459 0.586723
 0.520000 0.023949 0.604905
 0.522500 0.025483 0.621190
 0.525000 0.027055 0.635457
 0.527500 0.028661 0.647578
 0.530000 0.030293 0.657105
 0.532500 0.031946 0.664065
 0.535000 0.033615 0.669708
 0.537500 0.035296 0.674658
 0.540000 0.036992 0.681363
 0.542500 0.038709 0.692279
 0.545000 0.040462 0.710213
 0.547500 0.042271 0.737615
 0.550000 0.044163 0.776041
 0.552500 0.046163 0.824240
 0.555000 0.048293 0.880263
 0.557500 0.050570 0.941136
 0.560000 0.053004 1.004911
 0.562500 0.055602 1.071367
 0.565000 0.058369 1.142020
 0.567500 0.061321 1.219909
 0.570000 0.064481 1.307939
 0.572500 0.067873 1.405541
 0.575000 0.071521 1.510666
 0.577500 0.075433 1.617861
 0.580000 0.079609 1.720744
 0.582500 0.084035 1.816776
 0.585000 0.088694 1.907675
 0.587500 0.093577 1.997341
 0.590000 0.098693 2.092736
 0.592500 0.104055 2.196665
 0.595000 0.109689 2.308328
 0.597500 0.115605 2.420573
 0.600000 0.121795 2.526037
 0.602500 0.128229 2.616106
 0.605000 0.134869 2.690858
 0.607500 0.141680 2.754767
 0.610000 0.148650 2.819670
 0.612500 0.155799 2.899713
 0.615000 0.163175 3.000783
 0.617500 0.170832 3.124139
 0.620000 0.178816 3.260157
 0.622500 0.187139 3.392683
 0.625000 0.195772 3.507199
 0.627500 0.204662 3.596774
 0.630000 0.213744 3.661815
 0.632500 0.222973 3.717785
 0.635000 0.232357 3.787843
 0.637500 0.241956 3.894926
 0.640000 0.251890 4.057345
 0.642500 0.262305 4.280582
 0.645000 0.273349 4.557464
 0.647500 0.285133 4.870850
 0.650000 0.297724 5.198131
 0.652500 0.311135 5.523747
 0.655000 0.325347 5.839175
 0.657500 0.340339 6.145400
 0.660000 0.356089 6.450061
 0.662500 0.372610 6.761008
 0.665000 0.389918 7.079820
 0.667500 0.408029 7.405020
 0.670000 0.426961 7.731480
 0.672500 0.446705 8.057083
 0.675000 0.467266 8.383950
 0.677500 0.488655 8.723250
 0.680000 0.510920 9.084817
 0.682500 0.534133 9.483703
 0.685000 0.558395 9.919494
 0.687500 0.583786 10.384821
 0.690000 0.610360 10.866368
 0.692500 0.638137 11.343812
 0.695000 0.667093 11.805188
 0.697500 0.697179 12.250984
 0.700000 0.728368 12.688222
 0.702500 0.760667 13.141042
 0.705000 0.794138 13.632502
 0.707500 0.828908 14.180207
 0.710000 0.865128 14.792653
 0.712500 0.902955 15.465639
 0.715000 0.942520 16.177515
 0.717500 0.983890 16.905819
 0.720000 1.027075 17.622516
 0.722500 1.072011 18.306097
 0.725000 1.118605 18.948269
 0.727500 1.166759 19.552911
 0.730000 1.216394 20.136711
 0.732500 1.267482 20.718540
 0.735000 1.320042 21.320531
 0.737500 1.374158 21.961148
 0.740000 1.429936 22.654387
 0.742500 1.487515 23.400454
 0.745000 1.547027 24.197151
 0.747500 1.608589 25.040515
 0.750000 1.672313 25.926558
 0.752500 1.738312 26.863431
 0.755000 1.806729 27.862768
 0.757500 1.877745 28.946023
 0.760000 1.951583 30.125805
 0.762500 2.028496 31.400872
 0.765000 2.108685 32.740815
 0.767500 2.192259 34.100735
 0.770000 2.279189 35.413571
 0.772500 2.369273 36.613655
 0.775000 2.462150 37.637799
 0.777500 2.557325 38.448739
 0.780000 2.654257 39.047078
 0.782500 2.752454 39.470962
 0.785000 2.851569 39.801903
 0.787500 2.951498 40.139049
 0.790000 3.052388 40.589979
 0.792500 3.154634 41.230692
 0.795000 3.258750 42.092242
 0.797500 3.365263 43.148299
 0.800000 3.474588 44.320327
 0.802500 3.586885 45.500733
 0.805000 3.702004 46.568997
 0.807500 3.819539 47.422071
 0.810000 3.938859 47.988258
 0.812500 4.059188 48.232891
 0.815000 4.179733 48.177510
 0.817500 4.299816 47.882141
 0.820000 4.418953 47.433966
 0.822500 4.536870 46.931979
 0.825000 4.653546 46.457575
 0.827500 4.769112 46.050539
 0.830000 4.883734 45.708533
 0.832500 4.997528 45.370350
 0.835000 5.110380 44.947930
 0.837500 5.221970 44.347702
 0.840000 5.331740 43.498499
 0.842500 5.439014 42.355201
 0.845000 5.543071 40.936378
 0.847500 5.643265 39.281566
 0.850000 5.739062 37.442129
 0.852500 5.830048 35.447434
 0.855000 5.915859 33.302523
 0.857500 5.996087 30.995669
 0.860000 6.070320 28.506581
 0.862500 6.138070 25.825217
 0.865000 6.198862 22.948561
 0.867500 6.252191 19.872281
 0.870000 6.297571 16.594334
 0.872500 6.334463 13.092831
 0.875000 6.362303 9.353434
 0.877500 6.380465 5.371183
 0.880000 6.388324 1.135004
 0.882500 6.385264 -3.369665
 0.885000 6.370593 -8.145698
 0.887500 6.343584 -13.213398
 0.890000 6.303514 -18.587261
 0.892500 6.249648 -24.233340
 0.895000 6.181398 -30.062927
 0.897500 6.098458 -35.941999
 0.900000 6.000875 -41.745339
 0.902500 5.888978 -47.362629
 0.905000 5.763311 -52.758935
 0.907500 5.624401 -57.952723
 0.910000 5.472687 -63.001372
 0.912500 5.308469 -67.962118
 0.915000 5.131923 -72.842958
 0.917500 4.943285 -77.606270
 0.920000 4.742978 -82.167180
 0.922500 4.531651 -86.393308
 0.925000 4.310313 -90.154057
 0.927500 4.080275 -93.336188
 0.930000 3.843085 -95.863329
 0.932500 3.600427 -97.698912
 0.935000 3.354058 -98.846503
 0.937500 3.105679 -99.309209
 0.940000 2.857002 -99.096327
 0.942500 2.609722 -98.189290
 0.945000 2.365631 -96.561563
 0.947500 2.126568 -94.153619
 0.950000 1.894551 -90.937580
 0.952500 1.671619 -86.898005
 0.955000 1.459792 -82.066938
 0.957500 1.260969 -76.540972
 0.960000 1.076717 -70.449300
 0.962500 0.908232 -63.964728
 0.965000 0.756275 -57.283899
 0.967500 0.621101 -50.584121
 0.970000 0.502550 -44.026951
 0.972500 0.400103 -37.743444
 0.975000 0.312933 -31.825909
 0.977500 0.240041 -26.358019
 0.980000 0.180226 -21.391252
 0.982500 0.132173 -16.967556
 0.985000 0.094489 -13.122164
 0.987500 0.065704 -9.866191
 0.990000 0.044348 -7.192996
 0.992500 0.028998 -5.072607
 0.995000 0.018332 -3.451653
 0.997500 0.011180 -2.260295
 1.000000 0.006569 -1.422692
 1.002500 0.003710 -0.858431
 1.005000 0.002006 -0.493959
 1.007500 0.001035 -0.270325
 1.010000 0.000509 -0.140478
 1.012500 0.000237 -0.068714
 1.015000 0.000103 -0.031255
 1.017500 0.000041 -0.012823
 1.020000 0.000015 -0.004847
 1.022500 0.000005 -0.001621
 1.025000 0.000001 -0.000475
 1.027500 0.000000 -0.000072
 1.030000 0.000000 -0.000031
 1.032500 0.000000 0.000000
 1.035000 0.000000 0.000000
 1.037500 0.000000 0.000000
 1.040000 0.000000 0.000000
 1.042500 0.000000 0.000000
 1.045000 0.000000 0.000000
 1.047500 0.000000 0.000000
 1.050000 0.000000 0.000000
 1.052500 0.000000 0.000000
 1.055000 0.000000 0.000000
 1.057500 0.000000 0.000000
 1.060000 0.000000 0.000000
 1.062500 0.000000 0.000000
 1.065000 0.000000 0.000000
 1.067500 0.000000 0.000000
 1.070000 0.000000 0.000000
 1.072500 0.000000 0.000000
 1.075000 0.000000 0.000000
 1.077500 0.000000 0.000000
 1.080000 0.000000 0.000000
 1.082500 0.000000 0.000000
 1.085000 0.000000 0.000000
 1.087500 0.000000 0.000000
 1.090000 0.000000 0.000000
 1.092500 0.000000 0.000000
 1.095000 0.000000 0.000000
 1.097500 0.000000 0.000000
 1.100000 0.000000 0.000000
 1.102500 0.000000 0.000000
 1.105000 0.000000 0.000000
 1.107500 0.000000 0.000000
 1.110000 0.000000 0.000000
 1.112500 0.000000 0.000000
 1.115000 0.000000 0.000000
 1.117500 0.000000 0.000000
 1.120000 0.000000 0.000000
 1.122500 0.000000 0.000000
 1.125000 0.000000 0.000000
 1.127500 0.000000 0.000000
 1.130000 0.000000 0.000000
 1.132500 0.000000 0.000000
 1.135000 0.000000 0.000000
 1.137500 0.000000 0.000000
 1.140000 0.000000 0.000000
 1.142500 0.000000 0.000000
 1.145000 0.000000 0.000000
 1.147500 0.000000 0.000000
 1.150000 0.000000 0.000000
 1.152500 0.000000 0.000000
 1.155000 0.000000 0.000000
 1.157500 0.000000 0.000000
 1.160000 0.000000 0.000000
 1.162500 0.000000 0.000000
 1.165000 0.000000 0.000000
 1.167500 0.000000 0.000000
 1.170000 0.000000 0.000000
 1.172500 0.000000 0.000000
 1.175000 0.000000 0.000000
 1.177500 0.000000 0.000000
 1.180000 0.000000 0.000000
 1.182500 0.000000 0.000000
 1.185000 0.000000 0.000000
 1.187500 0.000000 0.000000
 1.190000 0.000000 0.000000
 1.192500 0.000000 0.000000
 1.195000 0.000000 0.000000
 1.197500 0.000000 0.000000
 1.200000 0.000000 0.000000
 1.202500 0.000000 0.000000
 1.205000 0.000000 0.000000
 1.207500 0.000000 0.000000
 1.210000 0.000000 0.000000
 1.212500 0.000000 0.000000
 1.215000 0.000000 0.000000
 1.217500 0.000000 0.000000
 1.220000 0.000000 0.000000
 1.222500 0.000000 0.000000
 1.225000 0.000000 0.000000
 1.227500 0.000000 0.000000
 1.230000 0.000000 0.000000
 1.232500 0.000000 0.000000
 1.235000 0.000000 0.000000
 1.237500 0.000000 0.000000
 1.240000 0.000000 0.000000
 1.242500 0.000000 0.000000
 1.245000 0.000000 0.000000
 1.247500 0.000000 0.000000
 1.250000 0.000000 0.000000
 1.252500 0.000000 0.000000
 1.255000 0.000000 0.000000
 1.257500 0.000000 0.000000
 1.260000 0.000000 0.000000
 1.262500 0.000000 0.000000
 1.265000 0.000000 0.000000
 1.267500 0.000000 0.000000
 1.270000 0.000000 0.000000
 1.272500 0.000000 0.000000
 1.275000 0.000000 0.000000
 1.277500 0.000000 0.000000
 1.280000 0.000000 0.000000
 1.282500 0.000000 0.000000
 1.285000 0.000000 0.000000
 1.287500 0.000000 0.000000
 1.290000 0.000000 0.000000
 1.292500 0.000000 0.000000
 1.295000 0.000000 0.000000
 1.297500 0.000000 0.000000
 1.300000 0.000000 0.000000
 1.302500 0.000000 0.000000
 1.305000 0.000000 0.000000
 1.307500 0.000000 0.000000
 1.310000 0.000000 0.000000
 1.312500 0.000000 0.000000
 1.315000 0.000000 0.000000
 1.317500 0.000000 0.000000
 1.320000 0.000000 0.000000
 1.322500 0.000000 0.000000
 1.325000 0.000000 0.000000
 1.327500 0.000000 0.000000
 1.330000 0.000000 0.000000
 1.332500 0.000000 0.000000
 1.335000 0.000000 0.000000
 1.337500 0.000000 0.000000
 1.340000 0.000000 0.000000
 1.342500 0.000000 0.000000
 1.345000 0.000000 0.000000
 1.347500 0.000000 0.000000
 1.350000 0.000000 0.000000
 1.352500 0.000000 0.000000
 1.355000 0.000000 0.000000
 1.357500 0.000000 0.000000
 1.360000 0.000000 0.000000
 1.362500 0.000000 0.000000
 1.365000 0.000000 0.000000
 1.367500 0.000000 0.000000
 1.370000 0.000000 0.000000
 1.372500 0.000000 0.000000
 1.375000 0.000000 0.000000
 1.377500 0.000000 0.000000
 1.380000 0.000000 0.000000
 1.382500 0.000000 0.000000
 1.385000 0.000000 0.000000
 1.387500 0.000000 0.000000
 1.390000 0.000000 0.000000
 1.392500 0.000000 0.000000
 1.395000 0.000000 0.000000
 1.397500 0.000000 0.000000
 1.400000 0.000000 0.000000
 1.402500 0.000000 0.000000
 1.405000 0.000000 0.000000
 1.407500 0.000000 0.000000
 1.410000 0.000000 0.000000
 1.412500 0.000000 0.000000
 1.415000 0.000000 0.000000
 1.417500 0.000000 0.000000
 1.420000 0.000000 0.000000
 1.422500 0.000000 0.000000
 1.425000 0.000000 0.000000
 1.427500 0.000000 0.000000
 1.430000 0.000000 0.000000
 1.432500 0.000000 0.000000
 1.435000 0.000000 0.000000
 1.437500 0.000000 0.000000
 1.440000 0.000000 0.000000
 1.442500 0.000000 0.000000
 1.445000 0.000000 0.000000
 1.447500 0.000000 0.000000
 1.450000 0.000000 0.000000
 1.452500 0.000000 0.000000
 1.455000 0.000000 0.000000
 1.457500 0.000000 0.000000
 1.460000 0.000000 0.000000
 1.462500 0.000000 0.000000
 1.465000 0.000000 0.000000
 1.467500 0.000000 0.000000
 1.470000 0.000000 0.000000
 1.472500 0.000000 0.000000
 1.475000 0.000000 0.000000
 1.477500 0.000000 0.000000
 1.480000 0.000000 0.000000
 1.482500 0.000000 0.000000
 1.485000 0.000000 0.000000
 1.487500 0.000000 0.000000
 1.490000 0.000000 0.000000
 1.492500 0.000000 0.000000
 1.495000 0.000000 0.000000
 1.497500 0.000000 0.000000
 1.500000 0.000000 0.000000
 1.502500 0.000000 0.000000
 1.505000 0.000000 0.000000
 1.507500 0.000000 0.000000
 1.510000 0.000000 0.000000
 1.512500 0.000000 0.000000
 1.515000 0.000000 0.000000
 1.517500 0.000000 0.000000
 1.520000 0.000000 0.000000
 1.522500 0.000000 0.000000
 1.525000 0.000000 0.000000
 1.527500 0.000000 0.000000
 1.530000 0.000000 0.000000
 1.532500 0.000000 0.000000
 1.535000 0.000000 0.000000
 1.537500 0.000000 0.000000
 1.540000 0.000000 0.000000
 1.542500 0.000000 0.000000
 1.545000 0.000000 0.000000
 1.547500 0.000000 0.000000
 1.550000 0.000000 0.000000
 1.552500 0.000000 0.000000
 1.555000 0.000000 0.000000
 1.557500 0.000000 0.000000
 1.560000 0.000000 0.000000
 1.562500 0.000000 0.000000
 1.565000 0.000000 0.000000
 1.567500 0.000000 0.000000
 1.570000 0.000000 0.000000
 1.572500 0.000000 0.000000
 1.575000 0.000000 0.000000
 1.577500 0.000000 0.000000
 1.580000 0.000000 0.000000
 1.582500 0.000000 0.000000
 1.585000 0.000000 0.000000
 1.587500 0.000000 0.000000
 1.590000 0.000000 0.000000
 1.592500 0.000000 0.000000
 1.595000 0.000000 0.000000
 1.597500 0.000000 0.000000
 1.600000 0.000000 0.000000
 1.602500 0.000000 0.000000
 1.605000 0.000000 0.000000
 1.607500 0.000000 0.000000
 1.610000 0.000000 0.000000
 1.612500 0.000000 0.000000
 1.615000 0.000000 0.000000
 1.617500 0.000000 0.000000
 1.620000 0.000000 0.000000
 1.622500 0.000000 0.000000
 1.625000 0.000000 0.000000
 1.627500 0.000000 0.000000
 1.630000 0.000000 0.000000
 1.632500 0.000000 0.000000
 1.635000 0.000000 0.000000
 1.637500 0.000000 0.000000
 1.640000 0.000000 0.000000
 1.642500 0.000000 0.000000
 1.645000 0.000000 0.000000
 1.647500 0.000000 0.000000
 1.650000 0.000000 0.000000
 1.652500 0.000000 0.000000
 1.655000 0.000000 0.000000
 1.657500 0.000000 0.000000
 1.660000 0.000000 0.000000
 1.662500 0.000000 0.000000
 1.665000 0.000000 0.000000
 1.667500 0.000000 0.000000
 1.670000 0.000000 0.000000
 1.672500 0.000000 0.000000
 1.675000 0.000000 0.000000
 1.677500 0.000000 0.000000
 1.680000 0.000000 0.000000
 1.682500 0.000000 0.000000
 1.685000 0.000000 0.000000
 1.687500 0.000000 0.000000
 1.690000 0.000000 0.000000
 1.692500 0.000000 0.000000
 1.695000 0.000000 0.000000
 1.697500 0.000000 0.000000
 1.700000 0.000000 0.000000
 1.702500 0.000000 0.000000
 1.705000 0.000000 0.000000
 1.707500 0.000000 0.000000
 1.710000 0.000000 0.000000
 1.712500 0.000000 0.000000
 1.715000 0.000000 0.000000
 1.717500 0.000000 0.000000
 1.720000 0.000000 0.000000
 1.722500 0.000000 0.000000
 1.725000 0.000000 0.000000
 1.727500 0.000000 0.000000
 1.730000 0.000000 0.000000
 1.732500 0.000000 0.000000
 1.735000 0.000000 0.000000
 1.737500 0.000000 0.000000
 1.740000 0.000000 0.000000
 1.742500 0.000000 0.000000
 1.745000 0.000000 0.000000
 1.747500 0.000000 0.000000
 1.750000 0.000000 0.000000
 1.752500 0.000000 0.000000
 1.755000 0.000000 0.000000
 1.757500 0.000000 0.000000
 1.760000 0.000000 0.000000
 1.762500 0.000000 0.000000
 1.765000 0.000000 0.000000
 1.767500 0.000000 0.000000
 1.770000 0.000000 0.000000
 1.772500 0.000000 0.000000
 1.775000 0.000000 0.000000
 1.777500 0.000000 0.000000
 1.780000 0.000000 0.000000
 1.782500 0.000000 0.000000
 1.785000 0.000000 0.000000
 1.787500 0.000000 0.000000
 1.790000 0.000000 0.000000
 1.792500 0.000000 0.000000
 1.795000 0.000000 0.000000
 1.797500 0.000000 0.000000
 1.800000 0.000000 0.000000
 1.802500 0.000000 0.000000
 1.805000 0.000000 0.000000
 1.807500 0.000000 0.000000
 1.810000 0.000000 0.000000
 1.812500 0.000000 0.000000
 1.815000 0.000000 0.000000
 1.817500 0.000000 0.000000
 1.820000 0.000000 0.000000
 1.822500 0.000000 0.000000
 1.825000 0.000000 0.000000
 1.827500 0.000000 0.000000
 1.830000 0.000000 0.000000
 1.832500 0.000000 0.000000
 1.835000 0.000000 0.000000
 1.837500 0.000000 0.000000
 1.840000 0.000000 0.000000
 1.842500 0.000000 0.000000
 1.845000 0.000000 0.000000
 1.847500 0.000000 0.000000
 1.850000 0.000000 0.000000
 1.852500 0.000000 0.000000
 1.855000 0.000000 0.000000
 1.857500 0.000000 0.000000
 1.860000 0.000000 0.000000
 1.862500 0.000000 0.000000
 1.865000 0.000000 0.000000
 1.867500 0.000000 0.000000
 1.870000 0.000000 0.000000
 1.872500 0.000000 0.000000
 1.875000 0.000000 0.000000
 1.877500 0.000000 0.000000
 1.880000 0.000000 0.000000
 1.882500 0.000000 0.000000
 1.885000 0.000000 0.000000
 1.887500 0.000000 0.000000
 1.890000 0.000000 0.000000
 1.892500 0.000000 0.000000
 1.895000 0.000000 0.000000
 1.897500 0.000000 0.000000
 1.900000 0.000000 0.000000
 1.902500 0.000000 0.000000
 1.905000 0.000000 0.000000
 1.907500 0.000000 0.000000
 1.910000 0.000000 0.000000
 1.912500 0.000000 0.000000
 1.915000 0.000000 0.000000
 1.917500 0.000000 0.000000
 1.920000 0.000000 0.000000
 1.922500 0.000000 0.000000
 1.925000 0.000000 0.000000
 1.927500 0.000000 0.000000
 1.930000 0.000000 0.000000
 1.932500 0.000000 0.000000
 1.935000 0.000000 0.000000
 1.937500 0.000000 0.000000
 1.940000 0.000000 0.000000
 1.942500 0.000000 0.000000
 1.945000 0.000000 0.000000
 1.947500 0.000000 0.000000
 1.950000 0.000000 0.000000
 1.952500 0.000000 0.000000
 1.955000 0.000000 0.000000
 1.957500 0.000000 0.000000
 1.960000 0.000000 0.000000
 1.962500 0.000000 0.000000
 1.965000 0.000000 0.000000
 1.967500 0.000000 0.000000
 1.970000 0.000000 0.000000
 1.972500 0.000000 0.000000
 1.975000 0.000000 0.000000
 1.977500 0.000000 0.000000
 1.980000 0.000000 0.000000
 1.982500 0.000000 0.000000
 1.985000 0.000000 0.000000
 1.987500 0.000000 0.000000
 1.990000 0.000000 0.000000
 1.992500 0.000000 0.000000
 1.995000 0.000000 0.000000
 1.997500 0.000000 0.000000
 2.000000 0.000000 0.000000
