#! FIELDS es hh dhh_es
#! SET normalisation  2000.000000
#! SET min_es -0.5
#! SET max_es 2
#! SET nbins_es  1000
#! SET periodic_es false
 -0.500000 0.000000 0.000000
 -0.497500 0.000000 0.000000
 -0.495000 0.000000 0.000000
 -0.492500 0.000000 0.000000
 -0.490000 0.000000 0.000000
 -0.487500 0.000000 0.000000
 -0.485000 0.000000 0.000000
 -0.482500 0.000000 0.000000
 -0.480000 0.000000 0.000000
 -0.477500 0.000000 0.000000
 -0.475000 0.000000 0.000000
 -0.472500 0.000000 0.000000
 -0.470000 0.000000 0.000000
 -0.467500 0.000000 0.000000
 -0.465000 0.000000 0.000000
 -0.462500 0.000000 0.000000
 -0.460000 0.000000 0.000000
 -0.457500 0.000000 0.000000
 -0.455000 0.000000 0.000000
 -0.452500 0.000000 0.000000
 -0.450000 0.000000 0.000000
 -0.447500 0.000000 0.000000
 -0.445000 0.000000 0.000000
 -0.442500 0.000000 0.000000
 -0.440000 0.000000 0.000000
 -0.437500 0.000000 0.000000
 -0.435000 0.000000 0.000000
 -0.432500 0.000000 0.000000
 -0.430000 0.000000 0.000000
 -0.427500 0.000000 0.000000
 -0.425000 0.000000 0.000000
 -0.422500 0.000000 0.000000
 -0.420000 0.000000 0.000000
 -0.417500 0.000000 0.000000
 -0.415000 0.000000 0.000000
 -0.412500 0.000000 0.000000
 -0.410000 0.000000 0.000000
 -0.407500 0.000000 0.000000
 -0.405000 0.000000 0.000000
 -0.402500 0.000000 0.000000
 -0.400000 0.000000 0.000000
 -0.397500 0.000000 0.000000
 -0.395000 0.000000 0.000000
 -0.392500 0.000000 0.000000
 -0.390000 0.000000 0.000000
 -0.387500 0.000000 0.000000
 -0.385000 0.000000 0.000000
 -0.382500 0.000000 0.000000
 -0.380000 0.000000 0.000000
 -0.377500 0.000000 0.000000
 -0.375000 0.000000 0.000000
 -0.372500 0.000000 0.000000
 -0.370000 0.000000 0.000000
 -0.367500 0.000000 0.000000
 -0.365000 0.000000 0.000000
 -0.362500 0.000000 0.000000
 -0.360000 0.000000 0.000000
 -0.357500 0.000000 0.000000
 -0.355000 0.000000 0.000000
 -0.352500 0.000000 0.000000
 -0.350000 0.000000 0.000000
 -0.347500 0.000000 0.000000
 -0.345000 0.000000 0.000000
 -0.342500 0.000000 0.000000
 -0.340000 0.000000 0.000000
 -0.337500 0.000000 0.000000
 -0.335000 0.000000 0.000000
 -0.332500 0.000000 0.000000
 -0.330000 0.000000 0.000000
 -0.327500 0.000000 0.000000
 -0.325000 0.000000 0.000000
 -0.322500 0.000000 0.000000
 -0.320000 0.000000 0.000000
 -0.317500 0.000000 0.000000
 -0.315000 0.000000 0.000000
 -0.312500 0.000000 0.000000
 -0.310000 0.000000 0.000000
 -0.307500 0.000000 0.000000
 -0.305000 0.000000 0.000000
 -0.302500 0.000000 0.000000
 -0.300000 0.000000 0.000000
 -0.297500 0.000000 0.000000
 -0.295000 0.000000 0.000000
 -0.292500 0.000000 0.000000
 -0.290000 0.000000 0.000000
 -0.287500 0.000000 0.000000
 -0.285000 0.000000 0.000000
 -0.282500 0.000000 0.000000
 -0.280000 0.000000 0.000000
 -0.277500 0.000000 0.000000
 -0.275000 0.000000 0.000000
 -0.272500 0.000000 0.000000
 -0.270000 0.000000 0.000000
 -0.267500 0.000000 0.000000
 -0.265000 0.000000 0.000000
 -0.262500 0.000000 0.000000
 -0.260000 0.000000 0.000000
 -0.257500 0.000000 0.000000
 -0.255000 0.000000 0.000000
 -0.252500 0.000000 0.000000
 -0.250000 0.000000 0.000000
 -0.247500 0.000000 0.000000
 -0.245000 0.000000 0.000000
 -0.242500 0.000000 0.000000
 -0.240000 0.000000 0.000000
 -0.237500 0.000000 0.000000
 -0.235000 0.000000 0.000000
 -0.232500 0.000000 0.000000
 -0.230000 0.000000 0.000000
 -0.227500 0.000000 0.000000
 -0.225000 0.000000 0.000000
 -0.222500 0.000000 0.000000
 -0.220000 0.000000 0.000000
 -0.217500 0.000000 0.000000
 -0.215000 0.000000 0.000000
 -0.212500 0.000000 0.000000
 -0.210000 0.000000 0.000000
 -0.207500 0.000000 0.000000
 -0.205000 0.000000 0.000000
 -0.202500 0.000000 0.000000
 -0.200000 0.000000 0.000000
 -0.197500 0.000000 0.000000
 -0.195000 0.000000 0.000000
 -0.192500 0.000000 0.000000
 -0.190000 0.000000 0.000000
 -0.187500 0.000000 0.000000
 -0.185000 0.000000 0.000000
 -0.182500 0.000000 0.000000
 -0.180000 0.000000 0.000000
 -0.177500 0.000000 0.000000
 -0.175000 0.000000 0.000000
 -0.172500 0.000000 0.000000
 -0.170000 0.000000 0.000000
 -0.167500 0.000000 0.000000
 -0.165000 0.000000 0.000000
 -0.162500 0.000000 0.000000
 -0.160000 0.000000 0.000000
 -0.157500 0.000000 0.000000
 -0.155000 0.000000 0.000000
 -0.152500 0.000000 0.000000
 -0.150000 0.000000 0.000000
 -0.147500 0.000000 0.000000
 -0.145000 0.000000 0.000000
 -0.142500 0.000000 0.000000
 -0.140000 0.000000 0.000000
 -0.137500 0.000000 0.000000
 -0.135000 0.000000 0.000000
 -0.132500 0.000000 0.000000
 -0.130000 0.000000 0.000000
 -0.127500 0.000000 0.000000
 -0.125000 0.000000 0.000000
 -0.122500 0.000000 0.000000
 -0.120000 0.000000 0.000000
 -0.117500 0.000000 0.000000
 -0.115000 0.000000 0.000000
 -0.112500 0.000000 0.000000
 -0.110000 0.000000 0.000000
 -0.107500 0.000000 0.000000
 -0.105000 0.000000 0.000000
 -0.102500 0.000000 0.000000
 -0.100000 0.000000 0.000000
 -0.097500 0.000000 0.000000
 -0.095000 0.000000 0.000000
 -0.092500 0.000000 0.000000
 -0.090000 0.000000 0.000000
 -0.087500 0.000000 0.000000
 -0.085000 0.000000 0.000000
 -0.082500 0.000000 0.000000
 -0.080000 0.000000 0.000000
 -0.077500 0.000000 0.000000
 -0.075000 0.000000 0.000000
 -0.072500 0.000000 0.000000
 -0.070000 0.000000 0.000000
 -0.067500 0.000000 0.000000
 -0.065000 0.000000 0.000000
 -0.062500 0.000000 0.000000
 -0.060000 0.000000 0.000000
 -0.057500 0.000000 0.000000
 -0.055000 0.000000 0.000000
 -0.052500 0.000000 0.000000
 -0.050000 0.000000 0.000000
 -0.047500 0.000000 0.000000
 -0.045000 0.000000 0.000000
 -0.042500 0.000000 0.000000
 -0.040000 0.000000 0.000000
 -0.037500 0.000000 0.000000
 -0.035000 0.000000 0.000000
 -0.032500 0.000000 0.000000
 -0.030000 0.000000 0.000000
 -0.027500 0.000000 0.000000
 -0.025000 0.000000 0.000000
 -0.022500 0.000000 0.000000
 -0.020000 0.000000 0.000000
 -0.017500 0.000000 0.000000
 -0.015000 0.000000 0.000000
 -0.012500 0.000000 0.000000
 -0.010000 0.000000 0.000000
 -0.007500 0.000000 0.000000
 -0.005000 0.000000 0.000000
 -0.002500 0.000000 0.000000
 0.000000 0.000000 0.000000
 0.002500 0.000000 0.000000
 0.005000 0.000000 0.000000
 0.007500 0.000000 0.000000
 0.010000 0.000000 0.000000
 0.012500 0.000000 0.000000
 0.015000 0.000000 0.000000
 0.017500 0.000000 0.000000
 0.020000 0.000000 0.000000
 0.022500 0.000000 0.000000
 0.025000 0.000000 0.000000
 0.027500 0.000000 0.000000
 0.030000 0.000000 0.000000
 0.032500 0.000000 0.000000
 0.035000 0.000000 0.000000
 0.037500 0.000000 0.000000
 0.040000 0.000000 0.000000
 0.042500 0.000000 0.000000
 0.045000 0.000000 0.000000
 0.047500 0.000000 0.000000
 0.050000 0.000000 0.000000
 0.052500 0.000000 0.000000
 0.055000 0.000000 0.000000
 0.057500 0.000000 0.000000
 0.060000 0.000000 0.000000
 0.062500 0.000000 0.000000
 0.065000 0.000000 0.000000
 0.067500 0.000000 0.000000
 0.070000 0.000000 0.000000
 0.072500 0.000000 0.000000
 0.075000 0.000000 0.000000
 0.077500 0.000000 0.000000
 0.080000 0.000000 0.000000
 0.082500 0.000000 0.000000
 0.085000 0.000000 0.000000
 0.087500 0.000000 0.000000
 0.090000 0.000000 0.000000
 0.092500 0.000000 0.000000
 0.095000 0.000000 0.000000
 0.097500 0.000000 0.000000
 0.100000 0.000000 0.000000
 0.102500 0.000000 0.000000
 0.105000 0.000000 0.000000
 0.107500 0.000000 0.000000
 0.110000 0.000000 0.000013
 0.112500 0.000000 0.000032
 0.115000 0.000000 0.000073
 0.117500 0.000000 0.000157
 0.120000 0.000001 0.000315
 0.122500 0.000002 0.000591
 0.125000 0.000004 0.001033
 0.127500 0.000007 0.001679
 0.130000 0.000013 0.002532
 0.132500 0.000020 0.003530
 0.135000 0.000030 0.004529
 0.137500 0.000043 0.005305
 0.140000 0.000056 0.005601
 0.142500 0.000070 0.005202
 0.145000 0.000082 0.004022
 0.147500 0.000090 0.002166
 0.150000 0.000092 -0.000079
 0.152500 0.000089 -0.002309
 0.155000 0.000081 -0.004126
 0.157500 0.000069 -0.005254
 0.160000 0.000056 -0.005601
 0.162500 0.000042 -0.005264
 0.165000 0.000030 -0.004465
 0.167500 0.000020 -0.003460
 0.170000 0.000012 -0.002468
 0.172500 0.000007 -0.001628
 0.175000 0.000004 -0.000996
 0.177500 0.000002 -0.000567
 0.180000 0.000001 -0.000301
 0.182500 0.000000 -0.000149
 0.185000 0.000000 -0.000069
 0.187500 0.000000 0.000000
 0.190000 0.000000 0.000000
 0.192500 0.000000 0.000000
 0.195000 0.000000 0.000000
 0.197500 0.000000 0.000000
 0.200000 0.000000 0.000000
 0.202500 0.000000 0.000000
 0.205000 0.000000 0.000000
 0.207500 0.000000 0.000000
 0.210000 0.000000 0.000000
 0.212500 0.000000 0.000000
 0.215000 0.000000 0.000000
 0.217500 0.000000 0.000000
 0.220000 0.000000 0.000000
 0.222500 0.000000 0.000000
 0.225000 0.000000 0.000000
 0.227500 0.000000 0.000000
 0.230000 0.000000 0.000017
 0.232500 0.000000 0.000041
 0.235000 0.000000 0.000093
 0.237500 0.000001 0.000195
 0.240000 0.000001 0.000385
 0.242500 0.000003 0.000726
 0.245000 0.000005 0.001254
 0.247500 0.000009 0.002022
 0.250000 0.000015 0.003042
 0.252500 0.000025 0.004265
 0.255000 0.000037 0.005565
 0.257500 0.000052 0.006768
 0.260000 0.000070 0.007634
 0.262500 0.000090 0.007978
 0.265000 0.000110 0.007697
 0.267500 0.000128 0.006805
 0.270000 0.000143 0.005454
 0.272500 0.000155 0.003846
 0.275000 0.000163 0.002238
 0.277500 0.000166 0.000855
 0.280000 0.000167 -0.000110
 0.282500 0.000166 -0.000591
 0.285000 0.000165 -0.000578
 0.287500 0.000164 -0.000132
 0.290000 0.000164 0.000576
 0.292500 0.000167 0.001421
 0.295000 0.000172 0.002265
 0.297500 0.000178 0.003057
 0.300000 0.000187 0.003801
 0.302500 0.000197 0.004536
 0.305000 0.000210 0.005227
 0.307500 0.000223 0.005902
 0.310000 0.000239 0.006537
 0.312500 0.000256 0.007190
 0.315000 0.000275 0.007969
 0.317500 0.000296 0.009090
 0.320000 0.000321 0.010889
 0.322500 0.000352 0.013555
 0.325000 0.000390 0.017355
 0.327500 0.000439 0.022270
 0.330000 0.000502 0.028043
 0.332500 0.000580 0.034172
 0.335000 0.000673 0.039970
 0.337500 0.000779 0.044553
 0.340000 0.000894 0.047258
 0.342500 0.001013 0.047561
 0.345000 0.001130 0.045131
 0.347500 0.001237 0.039994
 0.350000 0.001328 0.032477
 0.352500 0.001398 0.023339
 0.355000 0.001444 0.013713
 0.357500 0.001467 0.005061
 0.360000 0.001472 -0.001166
 0.362500 0.001465 -0.003820
 0.365000 0.001456 -0.002270
 0.367500 0.001457 0.003103
 0.370000 0.001475 0.011424
 0.372500 0.001515 0.021160
 0.375000 0.001581 0.030939
 0.377500 0.001669 0.039620
 0.380000 0.001777 0.046557
 0.382500 0.001900 0.051215
 0.385000 0.002031 0.053673
 0.387500 0.002166 0.053983
 0.390000 0.002300 0.052385
 0.392500 0.002427 0.049168
 0.395000 0.002545 0.044824
 0.397500 0.002651 0.040111
 0.400000 0.002745 0.035656
 0.402500 0.002830 0.032262
 0.405000 0.002909 0.030967
 0.407500 0.002988 0.032865
 0.410000 0.003077 0.039172
 0.412500 0.003188 0.050497
 0.415000 0.003334 0.066376
 0.417500 0.003523 0.085240
 0.420000 0.003760 0.103914
 0.422500 0.004040 0.118918
 0.425000 0.004350 0.127735
 0.427500 0.004673 0.129822
 0.430000 0.004995 0.126888
 0.432500 0.005307 0.122562
 0.435000 0.005611 0.121045
 0.437500 0.005917 0.124908
 0.440000 0.006240 0.134369
 0.442500 0.006592 0.147218
 0.445000 0.006976 0.159083
 0.447500 0.007384 0.166030
 0.450000 0.007799 0.164896
 0.452500 0.008201 0.155365
 0.455000 0.008572 0.139922
 0.457500 0.008901 0.123127
 0.460000 0.009191 0.109962
 0.462500 0.009459 0.105054
 0.465000 0.009727 0.111315
 0.467500 0.010026 0.130172
 0.470000 0.010387 0.159982
 0.472500 0.010834 0.198582
 0.475000 0.011386 0.243136
 0.477500 0.012053 0.289664
 0.480000 0.012835 0.334876
 0.482500 0.013725 0.376342
 0.485000 0.014713 0.411563
 0.487500 0.015780 0.440351
 0.490000 0.016911 0.463239
 0.492500 0.018094 0.481923
 0.495000 0.019321 0.499397
 0.497500 0.020592 0.517769
 0.500000 0.021914 0.538887
 0.502500 0.023291 0.563268
 0.505000 0.024733 0.589961
 0.507500 0.026243 0.617004
 0.510000 0.027819 0.642089
 0.512500 0.029451 0.661953
 0.515000 0.031124 0.674168
 0.517500 0.032817 0.677357
 0.520000 0.034506 0.672110
 0.522500 0.036175 0.661459
 0.525000 0.037817 0.651752
 0.527500 0.039442 0.649209
 0.530000 0.041076 0.659684
 0.532500 0.042758 0.687205
 0.535000 0.044530 0.731807
 0.537500 0.046431 0.789602
 0.540000 0.048488 0.855582
 0.542500 0.050715 0.924845
 0.545000 0.053115 0.994215
 0.547500 0.055689 1.063244
 0.550000 0.058436 1.134296
 0.552500 0.061368 1.210443
 0.555000 0.064498 1.293492
 0.557500 0.067847 1.383355
 0.560000 0.071424 1.477413
 0.562500 0.075236 1.570258
 0.565000 0.079275 1.659102
 0.567500 0.083531 1.743476
 0.570000 0.087997 1.826962
 0.572500 0.092676 1.915328
 0.575000 0.097589 2.014120
 0.577500 0.102762 2.124094
 0.580000 0.108221 2.241208
 0.582500 0.113972 2.355093
 0.585000 0.119993 2.455570
 0.587500 0.126236 2.532882
 0.590000 0.132642 2.586046
 0.592500 0.139161 2.624554
 0.595000 0.145771 2.663718
 0.597500 0.152502 2.721616
 0.600000 0.159415 2.811463
 0.602500 0.166594 2.934139
 0.605000 0.174112 3.078796
 0.607500 0.181998 3.225055
 0.610000 0.190229 3.351909
 0.612500 0.198737 3.444874
 0.615000 0.207431 3.501808
 0.617500 0.216236 3.535396
 0.620000 0.225118 3.570170
 0.622500 0.234119 3.633488
 0.625000 0.243339 3.748741
 0.627500 0.252929 3.929713
 0.630000 0.263052 4.174195
 0.632500 0.273849 4.466534
 0.635000 0.285415 4.784169
 0.637500 0.297783 5.105274
 0.640000 0.310943 5.414914
 0.642500 0.324860 5.709691
 0.645000 0.339495 5.992457
 0.647500 0.354830 6.270052
 0.650000 0.370862 6.549305
 0.652500 0.387594 6.832238
 0.655000 0.405037 7.116055
 0.657500 0.423191 7.400606
 0.660000 0.442054 7.682754
 0.662500 0.461624 7.969134
 0.665000 0.481925 8.267102
 0.667500 0.502998 8.589182
 0.670000 0.524918 8.944931
 0.672500 0.547777 9.338476
 0.675000 0.571662 9.766446
 0.677500 0.596646 10.214863
 0.680000 0.622763 10.668738
 0.682500 0.650005 11.114305
 0.685000 0.678347 11.544656
 0.687500 0.707747 11.962381
 0.690000 0.738188 12.383077
 0.692500 0.769699 12.821386
 0.695000 0.802353 13.298959
 0.697500 0.836266 13.830016
 0.700000 0.871578 14.416256
 0.702500 0.908414 15.046701
 0.705000 0.946863 15.703865
 0.707500 0.986962 16.361660
 0.710000 1.028686 16.998884
 0.712500 1.071958 17.600150
 0.715000 1.116681 18.161288
 0.717500 1.162765 18.688822
 0.720000 1.210141 19.197190
 0.722500 1.258782 19.702608
 0.725000 1.308707 20.226293
 0.727500 1.359976 20.785289
 0.730000 1.412704 21.389700
 0.732500 1.467006 22.044804
 0.735000 1.523008 22.751556
 0.737500 1.580846 23.509416
 0.740000 1.640637 24.317204
 0.742500 1.702524 25.185518
 0.745000 1.766663 26.125557
 0.747500 1.833251 27.149714
 0.750000 1.902512 28.262528
 0.752500 1.974664 29.456698
 0.755000 2.049872 30.702089
 0.757500 2.128211 31.951599
 0.760000 2.209615 33.145305
 0.762500 2.293862 34.220437
 0.765000 2.380595 35.120226
 0.767500 2.469316 35.812333
 0.770000 2.559499 36.289616
 0.772500 2.650646 36.593804
 0.775000 2.742408 36.798815
 0.777500 2.834657 37.006199
 0.780000 2.927541 37.318517
 0.782500 3.021428 37.823591
 0.785000 3.116850 38.551707
 0.787500 3.214360 39.488608
 0.790000 3.314398 40.561296
 0.792500 3.417191 41.672247
 0.795000 3.522696 42.714338
 0.797500 3.630593 43.578068
 0.800000 3.740347 44.189756
 0.802500 3.851269 44.513271
 0.805000 3.962626 44.543993
 0.807500 4.073721 44.326462
 0.810000 4.184032 43.927749
 0.812500 4.293210 43.440235
 0.815000 4.401137 42.950642
 0.817500 4.507902 42.514958
 0.820000 4.613673 42.165309
 0.822500 4.718646 41.873658
 0.825000 4.822904 41.580106
 0.827500 4.926330 41.200829
 0.830000 5.028591 40.649359
 0.832500 5.129185 39.858115
 0.835000 5.227470 38.809004
 0.837500 5.322805 37.514552
 0.840000 5.414635 36.020362
 0.842500 5.502515 34.376179
 0.845000 5.586121 32.610963
 0.847500 5.665160 30.728122
 0.850000 5.739319 28.713662
 0.852500 5.808237 26.541651
 0.855000 5.871510 24.200873
 0.857500 5.928702 21.692688
 0.860000 5.979405 19.025136
 0.862500 6.023223 16.189721
 0.865000 6.059735 13.188760
 0.867500 6.088499 9.996731
 0.870000 6.109023 6.609170
 0.872500 6.120795 3.020823
 0.875000 6.123347 -0.774912
 0.877500 6.116131 -4.776015
 0.880000 6.098616 -9.003929
 0.882500 6.070195 -13.497537
 0.885000 6.030181 -18.272231
 0.887500 5.977892 -23.295100
 0.890000 5.912801 -28.475318
 0.892500 5.834677 -33.687993
 0.895000 5.743621 -38.790904
 0.897500 5.640031 -43.691152
 0.900000 5.524471 -48.359415
 0.902500 5.397495 -52.829617
 0.905000 5.259507 -57.174131
 0.907500 5.110726 -61.459436
 0.910000 4.951253 -65.715475
 0.912500 4.781185 -69.919204
 0.915000 4.600742 -73.996689
 0.917500 4.410383 -77.836060
 0.920000 4.210847 -81.317124
 0.922500 4.003169 -84.326717
 0.925000 3.788628 -86.790890
 0.927500 3.568651 -88.668782
 0.930000 3.344727 -89.959295
 0.932500 3.118303 -90.675390
 0.935000 2.890789 -90.841311
 0.937500 2.663546 -90.461365
 0.940000 2.437966 -89.528435
 0.942500 2.215457 -87.991747
 0.945000 1.997600 -85.813602
 0.947500 1.786049 -82.946535
 0.950000 1.582558 -79.378377
 0.952500 1.388862 -75.133013
 0.955000 1.206580 -70.281586
 0.957500 1.037082 -64.932169
 0.960000 0.881443 -59.238155
 0.962500 0.740322 -53.357710
 0.965000 0.613997 -47.451775
 0.967500 0.502349 -41.651723
 0.970000 0.404973 -36.068620
 0.972500 0.321213 -30.779829
 0.975000 0.250263 -25.848000
 0.977500 0.191173 -21.316275
 0.980000 0.142892 -17.219933
 0.982500 0.104294 -13.591896
 0.985000 0.074176 -10.453403
 0.987500 0.051305 -7.813400
 0.990000 0.034438 -5.660604
 0.992500 0.022393 -3.966180
 0.995000 0.014074 -2.679839
 0.997500 0.008541 -1.745261
 1.000000 0.004988 -1.090263
 1.002500 0.002801 -0.653125
 1.005000 0.001506 -0.373295
 1.007500 0.000774 -0.203068
 1.010000 0.000378 -0.104565
 1.012500 0.000175 -0.051128
 1.015000 0.000075 -0.022797
 1.017500 0.000030 -0.009343
 1.020000 0.000011 -0.003596
 1.022500 0.000003 -0.001161
 1.025000 0.000001 -0.000372
 1.027500 0.000000 -0.000064
 1.030000 0.000000 0.000000
 1.032500 0.000000 0.000000
 1.035000 0.000000 0.000000
 1.037500 0.000000 0.000000
 1.040000 0.000000 0.000000
 1.042500 0.000000 0.000000
 1.045000 0.000000 0.000000
 1.047500 0.000000 0.000000
 1.050000 0.000000 0.000000
 1.052500 0.000000 0.000000
 1.055000 0.000000 0.000000
 1.057500 0.000000 0.000000
 1.060000 0.000000 0.000000
 1.062500 0.000000 0.000000
 1.065000 0.000000 0.000000
 1.067500 0.000000 0.000000
 1.070000 0.000000 0.000000
 1.072500 0.000000 0.000000
 1.075000 0.000000 0.000000
 1.077500 0.000000 0.000000
 1.080000 0.000000 0.000000
 1.082500 0.000000 0.000000
 1.085000 0.000000 0.000000
 1.087500 0.000000 0.000000
 1.090000 0.000000 0.000000
 1.092500 0.000000 0.000000
 1.095000 0.000000 0.000000
 1.097500 0.000000 0.000000
 1.100000 0.000000 0.000000
 1.102500 0.000000 0.000000
 1.105000 0.000000 0.000000
 1.107500 0.000000 0.000000
 1.110000 0.000000 0.000000
 1.112500 0.000000 0.000000
 1.115000 0.000000 0.000000
 1.117500 0.000000 0.000000
 1.120000 0.000000 0.000000
 1.122500 0.000000 0.000000
 1.125000 0.000000 0.000000
 1.127500 0.000000 0.000000
 1.130000 0.000000 0.000000
 1.132500 0.000000 0.000000
 1.135000 0.000000 0.000000
 1.137500 0.000000 0.000000
 1.140000 0.000000 0.000000
 1.142500 0.000000 0.000000
 1.145000 0.000000 0.000000
 1.147500 0.000000 0.000000
 1.150000 0.000000 0.000000
 1.152500 0.000000 0.000000
 1.155000 0.000000 0.000000
 1.157500 0.000000 0.000000
 1.160000 0.000000 0.000000
 1.162500 0.000000 0.000000
 1.165000 0.000000 0.000000
 1.167500 0.000000 0.000000
 1.170000 0.000000 0.000000
 1.172500 0.000000 0.000000
 1.175000 0.000000 0.000000
 1.177500 0.000000 0.000000
 1.180000 0.000000 0.000000
 1.182500 0.000000 0.000000
 1.185000 0.000000 0.000000
 1.187500 0.000000 0.000000
 1.190000 0.000000 0.000000
 1.192500 0.000000 0.000000
 1.195000 0.000000 0.000000
 1.197500 0.000000 0.000000
 1.200000 0.000000 0.000000
 1.202500 0.000000 0.000000
 1.205000 0.000000 0.000000
 1.207500 0.000000 0.000000
 1.210000 0.000000 0.000000
 1.212500 0.000000 0.000000
 1.215000 0.000000 0.000000
 1.217500 0.000000 0.000000
 1.220000 0.000000 0.000000
 1.222500 0.000000 0.000000
 1.225000 0.000000 0.000000
 1.227500 0.000000 0.000000
 1.230000 0.000000 0.000000
 1.232500 0.000000 0.000000
 1.235000 0.000000 0.000000
 1.237500 0.000000 0.000000
 1.240000 0.000000 0.000000
 1.242500 0.000000 0.000000
 1.245000 0.000000 0.000000
 1.247500 0.000000 0.000000
 1.250000 0.000000 0.000000
 1.252500 0.000000 0.000000
 1.255000 0.000000 0.000000
 1.257500 0.000000 0.000000
 1.260000 0.000000 0.000000
 1.262500 0.000000 0.000000
 1.265000 0.000000 0.000000
 1.267500 0.000000 0.000000
 1.270000 0.000000 0.000000
 1.272500 0.000000 0.000000
 1.275000 0.000000 0.000000
 1.277500 0.000000 0.000000
 1.280000 0.000000 0.000000
 1.282500 0.000000 0.000000
 1.285000 0.000000 0.000000
 1.287500 0.000000 0.000000
 1.290000 0.000000 0.000000
 1.292500 0.000000 0.000000
 1.295000 0.000000 0.000000
 1.297500 0.000000 0.000000
 1.300000 0.000000 0.000000
 1.302500 0.000000 0.000000
 1.305000 0.000000 0.000000
 1.307500 0.000000 0.000000
 1.310000 0.000000 0.000000
 1.312500 0.000000 0.000000
 1.315000 0.000000 0.000000
 1.317500 0.000000 0.000000
 1.320000 0.000000 0.000000
 1.322500 0.000000 0.000000
 1.325000 0.000000 0.000000
 1.327500 0.000000 0.000000
 1.330000 0.000000 0.000000
 1.332500 0.000000 0.000000
 1.335000 0.000000 0.000000
 1.337500 0.000000 0.000000
 1.340000 0.000000 0.000000
 1.342500 0.000000 0.000000
 1.345000 0.000000 0.000000
 1.347500 0.000000 0.000000
 1.350000 0.000000 0.000000
 1.352500 0.000000 0.000000
 1.355000 0.000000 0.000000
 1.357500 0.000000 0.000000
 1.360000 0.000000 0.000000
 1.362500 0.000000 0.000000
 1.365000 0.000000 0.000000
 1.367500 0.000000 0.000000
 1.370000 0.000000 0.000000
 1.372500 0.000000 0.000000
 1.375000 0.000000 0.000000
 1.377500 0.000000 0.000000
 1.380000 0.000000 0.000000
 1.382500 0.000000 0.000000
 1.385000 0.000000 0.000000
 1.387500 0.000000 0.000000
 1.390000 0.000000 0.000000
 1.392500 0.000000 0.000000
 1.395000 0.000000 0.000000
 1.397500 0.000000 0.000000
 1.400000 0.000000 0.000000
 1.402500 0.000000 0.000000
 1.405000 0.000000 0.000000
 1.407500 0.000000 0.000000
 1.410000 0.000000 0.000000
 1.412500 0.000000 0.000000
 1.415000 0.000000 0.000000
 1.417500 0.000000 0.000000
 1.420000 0.000000 0.000000
 1.422500 0.000000 0.000000
 1.425000 0.000000 0.000000
 1.427500 0.000000 0.000000
 1.430000 0.000000 0.000000
 1.432500 0.000000 0.000000
 1.435000 0.000000 0.000000
 1.437500 0.000000 0.000000
 1.440000 0.000000 0.000000
 1.442500 0.000000 0.000000
 1.445000 0.000000 0.000000
 1.447500 0.000000 0.000000
 1.450000 0.000000 0.000000
 1.452500 0.000000 0.000000
 1.455000 0.000000 0.000000
 1.457500 0.000000 0.000000
 1.460000 0.000000 0.000000
 1.462500 0.000000 0.000000
 1.465000 0.000000 0.000000
 1.467500 0.000000 0.000000
 1.470000 0.000000 0.000000
 1.472500 0.000000 0.000000
 1.475000 0.000000 0.000000
 1.477500 0.000000 0.000000
 1.480000 0.000000 0.000000
 1.482500 0.000000 0.000000
 1.485000 0.000000 0.000000
 1.487500 0.000000 0.000000
 1.490000 0.000000 0.000000
 1.492500 0.000000 0.000000
 1.495000 0.000000 0.000000
 1.497500 0.000000 0.000000
 1.500000 0.000000 0.000000
 1.502500 0.000000 0.000000
 1.505000 0.000000 0.000000
 1.507500 0.000000 0.000000
 1.510000 0.000000 0.000000
 1.512500 0.000000 0.000000
 1.515000 0.000000 0.000000
 1.517500 0.000000 0.000000
 1.520000 0.000000 0.000000
 1.522500 0.000000 0.000000
 1.525000 0.000000 0.000000
 1.527500 0.000000 0.000000
 1.530000 0.000000 0.000000
 1.532500 0.000000 0.000000
 1.535000 0.000000 0.000000
 1.537500 0.000000 0.000000
 1.540000 0.000000 0.000000
 1.542500 0.000000 0.000000
 1.545000 0.000000 0.000000
 1.547500 0.000000 0.000000
 1.550000 0.000000 0.000000
 1.552500 0.000000 0.000000
 1.555000 0.000000 0.000000
 1.557500 0.000000 0.000000
 1.560000 0.000000 0.000000
 1.562500 0.000000 0.000000
 1.565000 0.000000 0.000000
 1.567500 0.000000 0.000000
 1.570000 0.000000 0.000000
 1.572500 0.000000 0.000000
 1.575000 0.000000 0.000000
 1.577500 0.000000 0.000000
 1.580000 0.000000 0.000000
 1.582500 0.000000 0.000000
 1.585000 0.000000 0.000000
 1.587500 0.000000 0.000000
 1.590000 0.000000 0.000000
 1.592500 0.000000 0.000000
 1.595000 0.000000 0.000000
 1.597500 0.000000 0.000000
 1.600000 0.000000 0.000000
 1.602500 0.000000 0.000000
 1.605000 0.000000 0.000000
 1.607500 0.000000 0.000000
 1.610000 0.000000 0.000000
 1.612500 0.000000 0.000000
 1.615000 0.000000 0.000000
 1.617500 0.000000 0.000000
 1.620000 0.000000 0.000000
 1.622500 0.000000 0.000000
 1.625000 0.000000 0.000000
 1.627500 0.000000 0.000000
 1.630000 0.000000 0.000000
 1.632500 0.000000 0.000000
 1.635000 0.000000 0.000000
 1.637500 0.000000 0.000000
 1.640000 0.000000 0.000000
 1.642500 0.000000 0.000000
 1.645000 0.000000 0.000000
 1.647500 0.000000 0.000000
 1.650000 0.000000 0.000000
 1.652500 0.000000 0.000000
 1.655000 0.000000 0.000000
 1.657500 0.000000 0.000000
 1.660000 0.000000 0.000000
 1.662500 0.000000 0.000000
 1.665000 0.000000 0.000000
 1.667500 0.000000 0.000000
 1.670000 0.000000 0.000000
 1.672500 0.000000 0.000000
 1.675000 0.000000 0.000000
 1.677500 0.000000 0.000000
 1.680000 0.000000 0.000000
 1.682500 0.000000 0.000000
 1.685000 0.000000 0.000000
 1.687500 0.000000 0.000000
 1.690000 0.000000 0.000000
 1.692500 0.000000 0.000000
 1.695000 0.000000 0.000000
 1.697500 0.000000 0.000000
 1.700000 0.000000 0.000000
 1.702500 0.000000 0.000000
 1.705000 0.000000 0.000000
 1.707500 0.000000 0.000000
 1.710000 0.000000 0.000000
 1.712500 0.000000 0.000000
 1.715000 0.000000 0.000000
 1.717500 0.000000 0.000000
 1.720000 0.000000 0.000000
 1.722500 0.000000 0.000000
 1.725000 0.000000 0.000000
 1.727500 0.000000 0.000000
 1.730000 0.000000 0.000000
 1.732500 0.000000 0.000000
 1.735000 0.000000 0.000000
 1.737500 0.000000 0.000000
 1.740000 0.000000 0.000000
 1.742500 0.000000 0.000000
 1.745000 0.000000 0.000000
 1.747500 0.000000 0.000000
 1.750000 0.000000 0.000000
 1.752500 0.000000 0.000000
 1.755000 0.000000 0.000000
 1.757500 0.000000 0.000000
 1.760000 0.000000 0.000000
 1.762500 0.000000 0.000000
 1.765000 0.000000 0.000000
 1.767500 0.000000 0.000000
 1.770000 0.000000 0.000000
 1.772500 0.000000 0.000000
 1.775000 0.000000 0.000000
 1.777500 0.000000 0.000000
 1.780000 0.000000 0.000000
 1.782500 0.000000 0.000000
 1.785000 0.000000 0.000000
 1.787500 0.000000 0.000000
 1.790000 0.000000 0.000000
 1.792500 0.000000 0.000000
 1.795000 0.000000 0.000000
 1.797500 0.000000 0.000000
 1.800000 0.000000 0.000000
 1.802500 0.000000 0.000000
 1.805000 0.000000 0.000000
 1.807500 0.000000 0.000000
 1.810000 0.000000 0.000000
 1.812500 0.000000 0.000000
 1.815000 0.000000 0.000000
 1.817500 0.000000 0.000000
 1.820000 0.000000 0.000000
 1.822500 0.000000 0.000000
 1.825000 0.000000 0.000000
 1.827500 0.000000 0.000000
 1.830000 0.000000 0.000000
 1.832500 0.000000 0.000000
 1.835000 0.000000 0.000000
 1.837500 0.000000 0.000000
 1.840000 0.000000 0.000000
 1.842500 0.000000 0.000000
 1.845000 0.000000 0.000000
 1.847500 0.000000 0.000000
 1.850000 0.000000 0.000000
 1.852500 0.000000 0.000000
 1.855000 0.000000 0.000000
 1.857500 0.000000 0.000000
 1.860000 0.000000 0.000000
 1.862500 0.000000 0.000000
 1.865000 0.000000 0.000000
 1.867500 0.000000 0.000000
 1.870000 0.000000 0.000000
 1.872500 0.000000 0.000000
 1.875000 0.000000 0.000000
 1.877500 0.000000 0.000000
 1.880000 0.000000 0.000000
 1.882500 0.000000 0.000000
 1.885000 0.000000 0.000000
 1.887500 0.000000 0.000000
 1.890000 0.000000 0.000000
 1.892500 0.000000 0.000000
 1.895000 0.000000 0.000000
 1.897500 0.000000 0.000000
 1.900000 0.000000 0.000000
 1.902500 0.000000 0.000000
 1.905000 0.000000 0.000000
 1.907500 0.000000 0.000000
 1.910000 0.000000 0.000000
 1.912500 0.000000 0.000000
 1.915000 0.000000 0.000000
 1.917500 0.000000 0.000000
 1.920000 0.000000 0.000000
 1.922500 0.000000 0.000000
 1.925000 0.000000 0.000000
 1.927500 0.000000 0.000000
 1.930000 0.000000 0.000000
 1.932500 0.000000 0.000000
 1.935000 0.000000 0.000000
 1.937500 0.000000 0.000000
 1.940000 0.000000 0.000000
 1.942500 0.000000 0.000000
 1.945000 0.000000 0.000000
 1.947500 0.000000 0.000000
 1.950000 0.000000 0.000000
 1.952500 0.000000 0.000000
 1.955000 0.000000 0.000000
 1.957500 0.000000 0.000000
 1.960000 0.000000 0.000000
 1.962500 0.000000 0.000000
 1.965000 0.000000 0.000000
 1.967500 0.000000 0.000000
 1.970000 0.000000 0.000000
 1.972500 0.000000 0.000000
 1.975000 0.000000 0.000000
 1.977500 0.000000 0.000000
 1.980000 0.000000 0.000000
 1.982500 0.000000 0.000000
 1.985000 0.000000 0.000000
 1.987500 0.000000 0.000000
 1.990000 0.000000 0.000000
 1.992500 0.000000 0.000000
 1.995000 0.000000 0.000000
 1.997500 0.000000 0.000000
 2.000000 0.000000 0.000000
