#! FIELDS es hh dhh_es
#! SET normalisation  2000.000000
#! SET min_es -0.5
#! SET max_es 2
#! SET nbins_es  1000
#! SET periodic_es false
 -0.500000 0.000000 0.000000
 -0.497500 0.000000 0.000000
 -0.495000 0.000000 0.000000
 -0.492500 0.000000 0.000000
 -0.490000 0.000000 0.000000
 -0.487500 0.000000 0.000000
 -0.485000 0.000000 0.000000
 -0.482500 0.000000 0.000000
 -0.480000 0.000000 0.000000
 -0.477500 0.000000 0.000000
 -0.475000 0.000000 0.000000
 -0.472500 0.000000 0.000000
 -0.470000 0.000000 0.000000
 -0.467500 0.000000 0.000000
 -0.465000 0.000000 0.000000
 -0.462500 0.000000 0.000000
 -0.460000 0.000000 0.000000
 -0.457500 0.000000 0.000000
 -0.455000 0.000000 0.000000
 -0.452500 0.000000 0.000000
 -0.450000 0.000000 0.000000
 -0.447500 0.000000 0.000000
 -0.445000 0.000000 0.000000
 -0.442500 0.000000 0.000000
 -0.440000 0.000000 0.000000
 -0.437500 0.000000 0.000000
 -0.435000 0.000000 0.000000
 -0.432500 0.000000 0.000000
 -0.430000 0.000000 0.000000
 -0.427500 0.000000 0.000000
 -0.425000 0.000000 0.000000
 -0.422500 0.000000 0.000000
 -0.420000 0.000000 0.000000
 -0.417500 0.000000 0.000000
 -0.415000 0.000000 0.000000
 -0.412500 0.000000 0.000000
 -0.410000 0.000000 0.000000
 -0.407500 0.000000 0.000000
 -0.405000 0.000000 0.000000
 -0.402500 0.000000 0.000000
 -0.400000 0.000000 0.000000
 -0.397500 0.000000 0.000000
 -0.395000 0.000000 0.000000
 -0.392500 0.000000 0.000000
 -0.390000 0.000000 0.000000
 -0.387500 0.000000 0.000000
 -0.385000 0.000000 0.000000
 -0.382500 0.000000 0.000000
 -0.380000 0.000000 0.000000
 -0.377500 0.000000 0.000000
 -0.375000 0.000000 0.000000
 -0.372500 0.000000 0.000000
 -0.370000 0.000000 0.000000
 -0.367500 0.000000 0.000000
 -0.365000 0.000000 0.000000
 -0.362500 0.000000 0.000000
 -0.360000 0.000000 0.000000
 -0.357500 0.000000 0.000000
 -0.355000 0.000000 0.000000
 -0.352500 0.000000 0.000000
 -0.350000 0.000000 0.000000
 -0.347500 0.000000 0.000000
 -0.345000 0.000000 0.000000
 -0.342500 0.000000 0.000000
 -0.340000 0.000000 0.000000
 -0.337500 0.000000 0.000000
 -0.335000 0.000000 0.000000
 -0.332500 0.000000 0.000000
 -0.330000 0.000000 0.000000
 -0.327500 0.000000 0.000000
 -0.325000 0.000000 0.000000
 -0.322500 0.000000 0.000000
 -0.320000 0.000000 0.000000
 -0.317500 0.000000 0.000000
 -0.315000 0.000000 0.000000
 -0.312500 0.000000 0.000000
 -0.310000 0.000000 0.000000
 -0.307500 0.000000 0.000000
 -0.305000 0.000000 0.000000
 -0.302500 0.000000 0.000000
 -0.300000 0.000000 0.000000
 -0.297500 0.000000 0.000000
 -0.295000 0.000000 0.000000
 -0.292500 0.000000 0.000000
 -0.290000 0.000000 0.000000
 -0.287500 0.000000 0.000000
 -0.285000 0.000000 0.000000
 -0.282500 0.000000 0.000000
 -0.280000 0.000000 0.000000
 -0.277500 0.000000 0.000000
 -0.275000 0.000000 0.000000
 -0.272500 0.000000 0.000000
 -0.270000 0.000000 0.000000
 -0.267500 0.000000 0.000000
 -0.265000 0.000000 0.000000
 -0.262500 0.000000 0.000000
 -0.260000 0.000000 0.000000
 -0.257500 0.000000 0.000000
 -0.255000 0.000000 0.000000
 -0.252500 0.000000 0.000000
 -0.250000 0.000000 0.000000
 -0.247500 0.000000 0.000000
 -0.245000 0.000000 0.000000
 -0.242500 0.000000 0.000000
 -0.240000 0.000000 0.000000
 -0.237500 0.000000 0.000000
 -0.235000 0.000000 0.000000
 -0.232500 0.000000 0.000000
 -0.230000 0.000000 0.000000
 -0.227500 0.000000 0.000000
 -0.225000 0.000000 0.000000
 -0.222500 0.000000 0.000000
 -0.220000 0.000000 0.000000
 -0.217500 0.000000 0.000000
 -0.215000 0.000000 0.000000
 -0.212500 0.000000 0.000000
 -0.210000 0.000000 0.000000
 -0.207500 0.000000 0.000000
 -0.205000 0.000000 0.000000
 -0.202500 0.000000 0.000000
 -0.200000 0.000000 0.000000
 -0.197500 0.000000 0.000000
 -0.195000 0.000000 0.000000
 -0.192500 0.000000 0.000000
 -0.190000 0.000000 0.000000
 -0.187500 0.000000 0.000000
 -0.185000 0.000000 0.000000
 -0.182500 0.000000 0.000000
 -0.180000 0.000000 0.000000
 -0.177500 0.000000 0.000000
 -0.175000 0.000000 0.000000
 -0.172500 0.000000 0.000000
 -0.170000 0.000000 0.000000
 -0.167500 0.000000 0.000000
 -0.165000 0.000000 0.000000
 -0.162500 0.000000 0.000000
 -0.160000 0.000000 0.000000
 -0.157500 0.000000 0.000000
 -0.155000 0.000000 0.000000
 -0.152500 0.000000 0.000000
 -0.150000 0.000000 0.000000
 -0.147500 0.000000 0.000000
 -0.145000 0.000000 0.000000
 -0.142500 0.000000 0.000000
 -0.140000 0.000000 0.000000
 -0.137500 0.000000 0.000000
 -0.135000 0.000000 0.000000
 -0.132500 0.000000 0.000000
 -0.130000 0.000000 0.000000
 -0.127500 0.000000 0.000000
 -0.125000 0.000000 0.000000
 -0.122500 0.000000 0.000000
 -0.120000 0.000000 0.000000
 -0.117500 0.000000 0.000000
 -0.115000 0.000000 0.000000
 -0.112500 0.000000 0.000000
 -0.110000 0.000000 0.000000
 -0.107500 0.000000 0.000000
 -0.105000 0.000000 0.000000
 -0.102500 0.000000 0.000000
 -0.100000 0.000000 0.000000
 -0.097500 0.000000 0.000000
 -0.095000 0.000000 0.000000
 -0.092500 0.000000 0.000000
 -0.090000 0.000000 0.000000
 -0.087500 0.000000 0.000000
 -0.085000 0.000000 0.000000
 -0.082500 0.000000 0.000000
 -0.080000 0.000000 0.000000
 -0.077500 0.000000 0.000000
 -0.075000 0.000000 0.000000
 -0.072500 0.000000 0.000000
 -0.070000 0.000000 0.000000
 -0.067500 0.000000 0.000000
 -0.065000 0.000000 0.000000
 -0.062500 0.000000 0.000000
 -0.060000 0.000000 0.000000
 -0.057500 0.000000 0.000000
 -0.055000 0.000000 0.000000
 -0.052500 0.000000 0.000000
 -0.050000 0.000000 0.000000
 -0.047500 0.000000 0.000000
 -0.045000 0.000000 0.000000
 -0.042500 0.000000 0.000000
 -0.040000 0.000000 0.000000
 -0.037500 0.000000 0.000000
 -0.035000 0.000000 0.000000
 -0.032500 0.000000 0.000000
 -0.030000 0.000000 0.000000
 -0.027500 0.000000 0.000000
 -0.025000 0.000000 0.000000
 -0.022500 0.000000 0.000000
 -0.020000 0.000000 0.000000
 -0.017500 0.000000 0.000000
 -0.015000 0.000000 0.000000
 -0.012500 0.000000 0.000000
 -0.010000 0.000000 0.000000
 -0.007500 0.000000 0.000000
 -0.005000 0.000000 0.000000
 -0.002500 0.000000 0.000000
 0.000000 0.000000 0.000000
 0.002500 0.000000 0.000000
 0.005000 0.000000 0.000000
 0.007500 0.000000 0.000000
 0.010000 0.000000 0.000000
 0.012500 0.000000 0.000000
 0.015000 0.000000 0.000000
 0.017500 0.000000 0.000000
 0.020000 0.000000 0.000000
 0.022500 0.000000 0.000000
 0.025000 0.000000 0.000000
 0.027500 0.000000 0.000000
 0.030000 0.000000 0.000000
 0.032500 0.000000 0.000000
 0.035000 0.000000 0.000000
 0.037500 0.000000 0.000000
 0.040000 0.000000 0.000000
 0.042500 0.000000 0.000000
 0.045000 0.000000 0.000000
 0.047500 0.000000 0.000000
 0.050000 0.000000 0.000000
 0.052500 0.000000 0.000000
 0.055000 0.000000 0.000000
 0.057500 0.000000 0.000000
 0.060000 0.000000 0.000000
 0.062500 0.000000 0.000000
 0.065000 0.000000 0.000000
 0.067500 0.000000 0.000000
 0.070000 0.000000 0.000000
 0.072500 0.000000 0.000000
 0.075000 0.000000 0.000000
 0.077500 0.000000 0.000000
 0.080000 0.000000 0.000000
 0.082500 0.000000 0.000000
 0.085000 0.000000 0.000000
 0.087500 0.000000 0.000000
 0.090000 0.000000 0.000000
 0.092500 0.000000 0.000000
 0.095000 0.000000 0.000028
 0.097500 0.000000 0.000065
 0.100000 0.000000 0.000141
 0.102500 0.000001 0.000287
 0.105000 0.000002 0.000544
 0.107500 0.000004 0.000960
 0.110000 0.000007 0.001576
 0.112500 0.000012 0.002402
 0.115000 0.000019 0.003387
 0.117500 0.000029 0.004398
 0.120000 0.000041 0.005220
 0.122500 0.000055 0.005597
 0.125000 0.000068 0.005303
 0.127500 0.000080 0.004231
 0.130000 0.000089 0.002455
 0.132500 0.000092 0.000241
 0.135000 0.000090 -0.002016
 0.137500 0.000083 -0.003911
 0.140000 0.000071 -0.005144
 0.142500 0.000057 -0.005597
 0.145000 0.000044 -0.005345
 0.147500 0.000031 -0.004594
 0.150000 0.000021 -0.003603
 0.152500 0.000013 -0.002598
 0.155000 0.000008 -0.001732
 0.157500 0.000004 -0.001071
 0.160000 0.000002 -0.000616
 0.162500 0.000001 -0.000330
 0.165000 0.000001 -0.000165
 0.167500 0.000000 -0.000077
 0.170000 0.000000 -0.000034
 0.172500 0.000000 0.000000
 0.175000 0.000000 0.000000
 0.177500 0.000000 0.000000
 0.180000 0.000000 0.000000
 0.182500 0.000000 0.000000
 0.185000 0.000000 0.000000
 0.187500 0.000000 0.000000
 0.190000 0.000000 0.000000
 0.192500 0.000000 0.000000
 0.195000 0.000000 0.000000
 0.197500 0.000000 0.000000
 0.200000 0.000000 0.000000
 0.202500 0.000000 0.000000
 0.205000 0.000000 0.000000
 0.207500 0.000000 0.000000
 0.210000 0.000000 0.000023
 0.212500 0.000000 0.000054
 0.215000 0.000000 0.000120
 0.217500 0.000001 0.000247
 0.220000 0.000002 0.000475
 0.222500 0.000003 0.000866
 0.225000 0.000006 0.001457
 0.227500 0.000011 0.002284
 0.230000 0.000018 0.003334
 0.232500 0.000028 0.004527
 0.235000 0.000040 0.005708
 0.237500 0.000056 0.006686
 0.240000 0.000074 0.007248
 0.242500 0.000092 0.007267
 0.245000 0.000109 0.006736
 0.247500 0.000125 0.005748
 0.250000 0.000138 0.004507
 0.252500 0.000148 0.003240
 0.255000 0.000154 0.002147
 0.257500 0.000159 0.001375
 0.260000 0.000162 0.001029
 0.262500 0.000164 0.001113
 0.265000 0.000167 0.001585
 0.267500 0.000172 0.002318
 0.270000 0.000179 0.003058
 0.272500 0.000187 0.003565
 0.275000 0.000197 0.003606
 0.277500 0.000205 0.003143
 0.280000 0.000212 0.002361
 0.282500 0.000217 0.001602
 0.285000 0.000220 0.001248
 0.287500 0.000224 0.001616
 0.290000 0.000229 0.002825
 0.292500 0.000239 0.004771
 0.295000 0.000254 0.007224
 0.297500 0.000275 0.009922
 0.300000 0.000303 0.012772
 0.302500 0.000339 0.015778
 0.305000 0.000383 0.019140
 0.307500 0.000435 0.022978
 0.310000 0.000498 0.027319
 0.312500 0.000572 0.031987
 0.315000 0.000658 0.036595
 0.317500 0.000755 0.040457
 0.320000 0.000859 0.043126
 0.322500 0.000969 0.044071
 0.325000 0.001078 0.042978
 0.327500 0.001182 0.039688
 0.330000 0.001275 0.034190
 0.332500 0.001351 0.026777
 0.335000 0.001408 0.018032
 0.337500 0.001442 0.009033
 0.340000 0.001454 0.001245
 0.342500 0.001450 -0.003788
 0.345000 0.001439 -0.004695
 0.347500 0.001431 -0.000998
 0.350000 0.001437 0.006986
 0.352500 0.001468 0.017847
 0.355000 0.001528 0.029541
 0.357500 0.001615 0.040007
 0.360000 0.001725 0.047636
 0.362500 0.001850 0.051527
 0.365000 0.001980 0.051853
 0.367500 0.002107 0.049525
 0.370000 0.002226 0.045803
 0.372500 0.002336 0.042065
 0.375000 0.002438 0.039131
 0.377500 0.002533 0.037307
 0.380000 0.002625 0.036474
 0.382500 0.002716 0.036206
 0.385000 0.002806 0.036290
 0.387500 0.002898 0.037259
 0.390000 0.002995 0.040532
 0.392500 0.003104 0.047425
 0.395000 0.003236 0.058970
 0.397500 0.003403 0.074941
 0.400000 0.003613 0.093068
 0.402500 0.003868 0.110381
 0.405000 0.004162 0.123382
 0.407500 0.004480 0.130162
 0.410000 0.004808 0.131268
 0.412500 0.005134 0.128737
 0.415000 0.005452 0.126049
 0.417500 0.005766 0.126186
 0.420000 0.006086 0.130159
 0.422500 0.006420 0.137163
 0.425000 0.006773 0.144424
 0.427500 0.007140 0.148730
 0.430000 0.007512 0.147692
 0.432500 0.007874 0.140414
 0.435000 0.008211 0.128190
 0.437500 0.008514 0.114116
 0.440000 0.008784 0.102200
 0.442500 0.009031 0.096385
 0.445000 0.009275 0.099869
 0.447500 0.009540 0.114457
 0.450000 0.009857 0.140467
 0.452500 0.010251 0.176332
 0.455000 0.010745 0.219446
 0.457500 0.011353 0.266358
 0.460000 0.012078 0.312832
 0.462500 0.012914 0.354801
 0.465000 0.013847 0.389352
 0.467500 0.014854 0.414802
 0.470000 0.015915 0.431771
 0.472500 0.017010 0.443200
 0.475000 0.018131 0.453052
 0.477500 0.019278 0.465335
 0.480000 0.020463 0.483417
 0.482500 0.021702 0.507915
 0.485000 0.023009 0.537721
 0.487500 0.024394 0.570368
 0.490000 0.025862 0.602070
 0.492500 0.027404 0.630167
 0.495000 0.029009 0.651508
 0.497500 0.030656 0.663896
 0.500000 0.032322 0.666058
 0.502500 0.033980 0.658415
 0.505000 0.035610 0.643803
 0.507500 0.037201 0.628326
 0.510000 0.038759 0.619034
 0.512500 0.040308 0.622567
 0.515000 0.041889 0.643810
 0.517500 0.043546 0.683603
 0.520000 0.045322 0.738168
 0.522500 0.047247 0.802321
 0.525000 0.049339 0.869480
 0.527500 0.051597 0.935912
 0.530000 0.054020 1.000415
 0.532500 0.056602 1.064909
 0.535000 0.059349 1.132679
 0.537500 0.062275 1.206988
 0.540000 0.065395 1.288259
 0.542500 0.068724 1.374466
 0.545000 0.072270 1.460201
 0.547500 0.076026 1.542950
 0.550000 0.079984 1.621694
 0.552500 0.084137 1.699212
 0.555000 0.088489 1.781635
 0.557500 0.093058 1.873340
 0.560000 0.097872 1.977106
 0.562500 0.102957 2.089479
 0.565000 0.108325 2.202012
 0.567500 0.113964 2.302973
 0.570000 0.119828 2.381762
 0.572500 0.125855 2.432274
 0.575000 0.131976 2.459473
 0.577500 0.138149 2.476823
 0.580000 0.144375 2.504555
 0.582500 0.150707 2.564360
 0.585000 0.157240 2.667634
 0.587500 0.164084 2.811159
 0.590000 0.171323 2.977907
 0.592500 0.178980 3.142607
 0.595000 0.187015 3.275915
 0.597500 0.195328 3.362854
 0.600000 0.203796 3.400781
 0.602500 0.212312 3.405397
 0.605000 0.220826 3.403912
 0.607500 0.229362 3.429190
 0.610000 0.238024 3.508137
 0.612500 0.246971 3.656887
 0.615000 0.256378 3.875900
 0.617500 0.266402 4.149222
 0.620000 0.277157 4.455214
 0.622500 0.288695 4.770144
 0.625000 0.301013 5.077841
 0.627500 0.314081 5.369434
 0.630000 0.327859 5.645017
 0.632500 0.342306 5.906919
 0.635000 0.357397 6.160043
 0.637500 0.373115 6.409444
 0.640000 0.389453 6.655594
 0.642500 0.406406 6.900473
 0.645000 0.423967 7.143942
 0.647500 0.442140 7.388988
 0.650000 0.460933 7.640044
 0.652500 0.480366 7.904145
 0.655000 0.500489 8.191061
 0.657500 0.521370 8.509974
 0.660000 0.543093 8.868339
 0.662500 0.565758 9.262598
 0.665000 0.589451 9.687534
 0.667500 0.614229 10.128785
 0.670000 0.640113 10.570099
 0.672500 0.667093 10.999020
 0.675000 0.695118 11.411858
 0.677500 0.724160 11.811497
 0.680000 0.754200 12.213670
 0.682500 0.785263 12.635174
 0.685000 0.817431 13.096233
 0.687500 0.850812 13.604324
 0.690000 0.885514 14.157017
 0.692500 0.921641 14.739931
 0.695000 0.959246 15.333205
 0.697500 0.998327 15.918935
 0.700000 1.038842 16.479222
 0.702500 1.080719 17.004204
 0.705000 1.123863 17.496356
 0.707500 1.168199 17.959010
 0.710000 1.213666 18.400061
 0.712500 1.260225 18.836241
 0.715000 1.307885 19.286438
 0.717500 1.356706 19.765094
 0.720000 1.406779 20.290816
 0.722500 1.458232 20.869216
 0.725000 1.511208 21.509907
 0.727500 1.565865 22.215513
 0.730000 1.622370 22.985391
 0.732500 1.680888 23.828395
 0.735000 1.741599 24.745125
 0.737500 1.804697 25.737984
 0.740000 1.870370 26.800611
 0.742500 1.938774 27.921632
 0.745000 2.010020 29.066384
 0.747500 2.084117 30.193858
 0.750000 2.160952 31.253082
 0.752500 2.240288 32.182658
 0.755000 2.321736 32.936229
 0.757500 2.404809 33.481885
 0.760000 2.488986 33.818026
 0.762500 2.573780 33.990765
 0.765000 2.658871 34.075869
 0.767500 2.744181 34.176047
 0.770000 2.829859 34.397277
 0.772500 2.916334 34.819442
 0.775000 3.004150 35.472864
 0.777500 3.093857 36.331796
 0.780000 3.185911 37.327244
 0.782500 3.280514 38.362975
 0.785000 3.377645 39.336451
 0.787500 3.477031 40.152085
 0.790000 3.578175 40.738063
 0.792500 3.680458 41.061176
 0.795000 3.783207 41.116130
 0.797500 3.885776 40.934413
 0.800000 3.987642 40.566680
 0.802500 4.088439 40.100392
 0.805000 4.188017 39.610430
 0.807500 4.286417 39.165273
 0.810000 4.383793 38.804652
 0.812500 4.480380 38.524685
 0.815000 4.576323 38.287973
 0.817500 4.671657 38.026418
 0.820000 4.766199 37.656987
 0.822500 4.859592 37.099986
 0.825000 4.951307 36.314058
 0.827500 5.040759 35.293835
 0.830000 5.127377 34.065556
 0.832500 5.210708 32.682435
 0.835000 5.290420 31.186303
 0.837500 5.366278 29.606421
 0.840000 5.438065 27.941027
 0.842500 5.505552 26.162433
 0.845000 5.568416 24.250279
 0.847500 5.626304 22.178990
 0.850000 5.678807 19.962792
 0.852500 5.725575 17.606310
 0.855000 5.766283 15.116487
 0.857500 5.800578 12.492193
 0.860000 5.828132 9.721032
 0.862500 5.848540 6.792308
 0.865000 5.861413 3.706744
 0.867500 5.866374 0.464209
 0.870000 5.863032 -2.920393
 0.872500 5.851008 -6.471157
 0.875000 5.829847 -10.226752
 0.877500 5.798992 -14.234294
 0.880000 5.757765 -18.509041
 0.882500 5.705540 -23.007022
 0.885000 5.641873 -27.627225
 0.887500 5.566633 -32.231097
 0.890000 5.480036 -36.682750
 0.892500 5.382582 -40.906360
 0.895000 5.274860 -44.889532
 0.897500 5.157418 -48.693264
 0.900000 5.030594 -52.398981
 0.902500 4.894535 -56.082852
 0.905000 4.749239 -59.773743
 0.907500 4.594720 -63.460369
 0.910000 4.431063 -67.063770
 0.912500 4.258596 -70.491949
 0.915000 4.077890 -73.631180
 0.917500 3.889790 -76.387437
 0.920000 3.695356 -78.684382
 0.922500 3.495796 -80.479836
 0.925000 3.292391 -81.769895
 0.927500 3.086384 -82.569454
 0.930000 2.878964 -82.910974
 0.932500 2.671241 -82.817240
 0.935000 2.464305 -82.299123
 0.937500 2.259223 -81.323507
 0.940000 2.057199 -79.859512
 0.942500 1.859510 -77.851220
 0.945000 1.667573 -75.261260
 0.947500 1.482872 -72.074500
 0.950000 1.306889 -68.311823
 0.952500 1.140993 -64.027455
 0.955000 0.986370 -59.318627
 0.957500 0.843941 -54.316491
 0.960000 0.714267 -49.153464
 0.962500 0.597578 -43.964015
 0.965000 0.493793 -38.865269
 0.967500 0.402558 -33.943946
 0.970000 0.323354 -29.268820
 0.972500 0.255506 -24.881005
 0.975000 0.198252 -20.810542
 0.977500 0.150767 -17.088132
 0.980000 0.112147 -13.738169
 0.982500 0.081426 -10.783711
 0.985000 0.057597 -8.244469
 0.987500 0.039609 -6.121908
 0.990000 0.026433 -4.405406
 0.992500 0.017085 -3.064319
 0.995000 0.010679 -2.057483
 0.997500 0.006441 -1.329639
 1.000000 0.003741 -0.825054
 1.002500 0.002088 -0.490501
 1.005000 0.001116 -0.278238
 1.007500 0.000571 -0.150628
 1.010000 0.000278 -0.077301
 1.012500 0.000127 -0.037169
 1.015000 0.000054 -0.016562
 1.017500 0.000021 -0.006768
 1.020000 0.000008 -0.002637
 1.022500 0.000002 -0.000762
 1.025000 0.000001 -0.000222
 1.027500 0.000000 -0.000055
 1.030000 0.000000 0.000000
 1.032500 0.000000 0.000000
 1.035000 0.000000 0.000000
 1.037500 0.000000 0.000000
 1.040000 0.000000 0.000000
 1.042500 0.000000 0.000000
 1.045000 0.000000 0.000000
 1.047500 0.000000 0.000000
 1.050000 0.000000 0.000000
 1.052500 0.000000 0.000000
 1.055000 0.000000 0.000000
 1.057500 0.000000 0.000000
 1.060000 0.000000 0.000000
 1.062500 0.000000 0.000000
 1.065000 0.000000 0.000000
 1.067500 0.000000 0.000000
 1.070000 0.000000 0.000000
 1.072500 0.000000 0.000000
 1.075000 0.000000 0.000000
 1.077500 0.000000 0.000000
 1.080000 0.000000 0.000000
 1.082500 0.000000 0.000000
 1.085000 0.000000 0.000000
 1.087500 0.000000 0.000000
 1.090000 0.000000 0.000000
 1.092500 0.000000 0.000000
 1.095000 0.000000 0.000000
 1.097500 0.000000 0.000000
 1.100000 0.000000 0.000000
 1.102500 0.000000 0.000000
 1.105000 0.000000 0.000000
 1.107500 0.000000 0.000000
 1.110000 0.000000 0.000000
 1.112500 0.000000 0.000000
 1.115000 0.000000 0.000000
 1.117500 0.000000 0.000000
 1.120000 0.000000 0.000000
 1.122500 0.000000 0.000000
 1.125000 0.000000 0.000000
 1.127500 0.000000 0.000000
 1.130000 0.000000 0.000000
 1.132500 0.000000 0.000000
 1.135000 0.000000 0.000000
 1.137500 0.000000 0.000000
 1.140000 0.000000 0.000000
 1.142500 0.000000 0.000000
 1.145000 0.000000 0.000000
 1.147500 0.000000 0.000000
 1.150000 0.000000 0.000000
 1.152500 0.000000 0.000000
 1.155000 0.000000 0.000000
 1.157500 0.000000 0.000000
 1.160000 0.000000 0.000000
 1.162500 0.000000 0.000000
 1.165000 0.000000 0.000000
 1.167500 0.000000 0.000000
 1.170000 0.000000 0.000000
 1.172500 0.000000 0.000000
 1.175000 0.000000 0.000000
 1.177500 0.000000 0.000000
 1.180000 0.000000 0.000000
 1.182500 0.000000 0.000000
 1.185000 0.000000 0.000000
 1.187500 0.000000 0.000000
 1.190000 0.000000 0.000000
 1.192500 0.000000 0.000000
 1.195000 0.000000 0.000000
 1.197500 0.000000 0.000000
 1.200000 0.000000 0.000000
 1.202500 0.000000 0.000000
 1.205000 0.000000 0.000000
 1.207500 0.000000 0.000000
 1.210000 0.000000 0.000000
 1.212500 0.000000 0.000000
 1.215000 0.000000 0.000000
 1.217500 0.000000 0.000000
 1.220000 0.000000 0.000000
 1.222500 0.000000 0.000000
 1.225000 0.000000 0.000000
 1.227500 0.000000 0.000000
 1.230000 0.000000 0.000000
 1.232500 0.000000 0.000000
 1.235000 0.000000 0.000000
 1.237500 0.000000 0.000000
 1.240000 0.000000 0.000000
 1.242500 0.000000 0.000000
 1.245000 0.000000 0.000000
 1.247500 0.000000 0.000000
 1.250000 0.000000 0.000000
 1.252500 0.000000 0.000000
 1.255000 0.000000 0.000000
 1.257500 0.000000 0.000000
 1.260000 0.000000 0.000000
 1.262500 0.000000 0.000000
 1.265000 0.000000 0.000000
 1.267500 0.000000 0.000000
 1.270000 0.000000 0.000000
 1.272500 0.000000 0.000000
 1.275000 0.000000 0.000000
 1.277500 0.000000 0.000000
 1.280000 0.000000 0.000000
 1.282500 0.000000 0.000000
 1.285000 0.000000 0.000000
 1.287500 0.000000 0.000000
 1.290000 0.000000 0.000000
 1.292500 0.000000 0.000000
 1.295000 0.000000 0.000000
 1.297500 0.000000 0.000000
 1.300000 0.000000 0.000000
 1.302500 0.000000 0.000000
 1.305000 0.000000 0.000000
 1.307500 0.000000 0.000000
 1.310000 0.000000 0.000000
 1.312500 0.000000 0.000000
 1.315000 0.000000 0.000000
 1.317500 0.000000 0.000000
 1.320000 0.000000 0.000000
 1.322500 0.000000 0.000000
 1.325000 0.000000 0.000000
 1.327500 0.000000 0.000000
 1.330000 0.000000 0.000000
 1.332500 0.000000 0.000000
 1.335000 0.000000 0.000000
 1.337500 0.000000 0.000000
 1.340000 0.000000 0.000000
 1.342500 0.000000 0.000000
 1.345000 0.000000 0.000000
 1.347500 0.000000 0.000000
 1.350000 0.000000 0.000000
 1.352500 0.000000 0.000000
 1.355000 0.000000 0.000000
 1.357500 0.000000 0.000000
 1.360000 0.000000 0.000000
 1.362500 0.000000 0.000000
 1.365000 0.000000 0.000000
 1.367500 0.000000 0.000000
 1.370000 0.000000 0.000000
 1.372500 0.000000 0.000000
 1.375000 0.000000 0.000000
 1.377500 0.000000 0.000000
 1.380000 0.000000 0.000000
 1.382500 0.000000 0.000000
 1.385000 0.000000 0.000000
 1.387500 0.000000 0.000000
 1.390000 0.000000 0.000000
 1.392500 0.000000 0.000000
 1.395000 0.000000 0.000000
 1.397500 0.000000 0.000000
 1.400000 0.000000 0.000000
 1.402500 0.000000 0.000000
 1.405000 0.000000 0.000000
 1.407500 0.000000 0.000000
 1.410000 0.000000 0.000000
 1.412500 0.000000 0.000000
 1.415000 0.000000 0.000000
 1.417500 0.000000 0.000000
 1.420000 0.000000 0.000000
 1.422500 0.000000 0.000000
 1.425000 0.000000 0.000000
 1.427500 0.000000 0.000000
 1.430000 0.000000 0.000000
 1.432500 0.000000 0.000000
 1.435000 0.000000 0.000000
 1.437500 0.000000 0.000000
 1.440000 0.000000 0.000000
 1.442500 0.000000 0.000000
 1.445000 0.000000 0.000000
 1.447500 0.000000 0.000000
 1.450000 0.000000 0.000000
 1.452500 0.000000 0.000000
 1.455000 0.000000 0.000000
 1.457500 0.000000 0.000000
 1.460000 0.000000 0.000000
 1.462500 0.000000 0.000000
 1.465000 0.000000 0.000000
 1.467500 0.000000 0.000000
 1.470000 0.000000 0.000000
 1.472500 0.000000 0.000000
 1.475000 0.000000 0.000000
 1.477500 0.000000 0.000000
 1.480000 0.000000 0.000000
 1.482500 0.000000 0.000000
 1.485000 0.000000 0.000000
 1.487500 0.000000 0.000000
 1.490000 0.000000 0.000000
 1.492500 0.000000 0.000000
 1.495000 0.000000 0.000000
 1.497500 0.000000 0.000000
 1.500000 0.000000 0.000000
 1.502500 0.000000 0.000000
 1.505000 0.000000 0.000000
 1.507500 0.000000 0.000000
 1.510000 0.000000 0.000000
 1.512500 0.000000 0.000000
 1.515000 0.000000 0.000000
 1.517500 0.000000 0.000000
 1.520000 0.000000 0.000000
 1.522500 0.000000 0.000000
 1.525000 0.000000 0.000000
 1.527500 0.000000 0.000000
 1.530000 0.000000 0.000000
 1.532500 0.000000 0.000000
 1.535000 0.000000 0.000000
 1.537500 0.000000 0.000000
 1.540000 0.000000 0.000000
 1.542500 0.000000 0.000000
 1.545000 0.000000 0.000000
 1.547500 0.000000 0.000000
 1.550000 0.000000 0.000000
 1.552500 0.000000 0.000000
 1.555000 0.000000 0.000000
 1.557500 0.000000 0.000000
 1.560000 0.000000 0.000000
 1.562500 0.000000 0.000000
 1.565000 0.000000 0.000000
 1.567500 0.000000 0.000000
 1.570000 0.000000 0.000000
 1.572500 0.000000 0.000000
 1.575000 0.000000 0.000000
 1.577500 0.000000 0.000000
 1.580000 0.000000 0.000000
 1.582500 0.000000 0.000000
 1.585000 0.000000 0.000000
 1.587500 0.000000 0.000000
 1.590000 0.000000 0.000000
 1.592500 0.000000 0.000000
 1.595000 0.000000 0.000000
 1.597500 0.000000 0.000000
 1.600000 0.000000 0.000000
 1.602500 0.000000 0.000000
 1.605000 0.000000 0.000000
 1.607500 0.000000 0.000000
 1.610000 0.000000 0.000000
 1.612500 0.000000 0.000000
 1.615000 0.000000 0.000000
 1.617500 0.000000 0.000000
 1.620000 0.000000 0.000000
 1.622500 0.000000 0.000000
 1.625000 0.000000 0.000000
 1.627500 0.000000 0.000000
 1.630000 0.000000 0.000000
 1.632500 0.000000 0.000000
 1.635000 0.000000 0.000000
 1.637500 0.000000 0.000000
 1.640000 0.000000 0.000000
 1.642500 0.000000 0.000000
 1.645000 0.000000 0.000000
 1.647500 0.000000 0.000000
 1.650000 0.000000 0.000000
 1.652500 0.000000 0.000000
 1.655000 0.000000 0.000000
 1.657500 0.000000 0.000000
 1.660000 0.000000 0.000000
 1.662500 0.000000 0.000000
 1.665000 0.000000 0.000000
 1.667500 0.000000 0.000000
 1.670000 0.000000 0.000000
 1.672500 0.000000 0.000000
 1.675000 0.000000 0.000000
 1.677500 0.000000 0.000000
 1.680000 0.000000 0.000000
 1.682500 0.000000 0.000000
 1.685000 0.000000 0.000000
 1.687500 0.000000 0.000000
 1.690000 0.000000 0.000000
 1.692500 0.000000 0.000000
 1.695000 0.000000 0.000000
 1.697500 0.000000 0.000000
 1.700000 0.000000 0.000000
 1.702500 0.000000 0.000000
 1.705000 0.000000 0.000000
 1.707500 0.000000 0.000000
 1.710000 0.000000 0.000000
 1.712500 0.000000 0.000000
 1.715000 0.000000 0.000000
 1.717500 0.000000 0.000000
 1.720000 0.000000 0.000000
 1.722500 0.000000 0.000000
 1.725000 0.000000 0.000000
 1.727500 0.000000 0.000000
 1.730000 0.000000 0.000000
 1.732500 0.000000 0.000000
 1.735000 0.000000 0.000000
 1.737500 0.000000 0.000000
 1.740000 0.000000 0.000000
 1.742500 0.000000 0.000000
 1.745000 0.000000 0.000000
 1.747500 0.000000 0.000000
 1.750000 0.000000 0.000000
 1.752500 0.000000 0.000000
 1.755000 0.000000 0.000000
 1.757500 0.000000 0.000000
 1.760000 0.000000 0.000000
 1.762500 0.000000 0.000000
 1.765000 0.000000 0.000000
 1.767500 0.000000 0.000000
 1.770000 0.000000 0.000000
 1.772500 0.000000 0.000000
 1.775000 0.000000 0.000000
 1.777500 0.000000 0.000000
 1.780000 0.000000 0.000000
 1.782500 0.000000 0.000000
 1.785000 0.000000 0.000000
 1.787500 0.000000 0.000000
 1.790000 0.000000 0.000000
 1.792500 0.000000 0.000000
 1.795000 0.000000 0.000000
 1.797500 0.000000 0.000000
 1.800000 0.000000 0.000000
 1.802500 0.000000 0.000000
 1.805000 0.000000 0.000000
 1.807500 0.000000 0.000000
 1.810000 0.000000 0.000000
 1.812500 0.000000 0.000000
 1.815000 0.000000 0.000000
 1.817500 0.000000 0.000000
 1.820000 0.000000 0.000000
 1.822500 0.000000 0.000000
 1.825000 0.000000 0.000000
 1.827500 0.000000 0.000000
 1.830000 0.000000 0.000000
 1.832500 0.000000 0.000000
 1.835000 0.000000 0.000000
 1.837500 0.000000 0.000000
 1.840000 0.000000 0.000000
 1.842500 0.000000 0.000000
 1.845000 0.000000 0.000000
 1.847500 0.000000 0.000000
 1.850000 0.000000 0.000000
 1.852500 0.000000 0.000000
 1.855000 0.000000 0.000000
 1.857500 0.000000 0.000000
 1.860000 0.000000 0.000000
 1.862500 0.000000 0.000000
 1.865000 0.000000 0.000000
 1.867500 0.000000 0.000000
 1.870000 0.000000 0.000000
 1.872500 0.000000 0.000000
 1.875000 0.000000 0.000000
 1.877500 0.000000 0.000000
 1.880000 0.000000 0.000000
 1.882500 0.000000 0.000000
 1.885000 0.000000 0.000000
 1.887500 0.000000 0.000000
 1.890000 0.000000 0.000000
 1.892500 0.000000 0.000000
 1.895000 0.000000 0.000000
 1.897500 0.000000 0.000000
 1.900000 0.000000 0.000000
 1.902500 0.000000 0.000000
 1.905000 0.000000 0.000000
 1.907500 0.000000 0.000000
 1.910000 0.000000 0.000000
 1.912500 0.000000 0.000000
 1.915000 0.000000 0.000000
 1.917500 0.000000 0.000000
 1.920000 0.000000 0.000000
 1.922500 0.000000 0.000000
 1.925000 0.000000 0.000000
 1.927500 0.000000 0.000000
 1.930000 0.000000 0.000000
 1.932500 0.000000 0.000000
 1.935000 0.000000 0.000000
 1.937500 0.000000 0.000000
 1.940000 0.000000 0.000000
 1.942500 0.000000 0.000000
 1.945000 0.000000 0.000000
 1.947500 0.000000 0.000000
 1.950000 0.000000 0.000000
 1.952500 0.000000 0.000000
 1.955000 0.000000 0.000000
 1.957500 0.000000 0.000000
 1.960000 0.000000 0.000000
 1.962500 0.000000 0.000000
 1.965000 0.000000 0.000000
 1.967500 0.000000 0.000000
 1.970000 0.000000 0.000000
 1.972500 0.000000 0.000000
 1.975000 0.000000 0.000000
 1.977500 0.000000 0.000000
 1.980000 0.000000 0.000000
 1.982500 0.000000 0.000000
 1.985000 0.000000 0.000000
 1.987500 0.000000 0.000000
 1.990000 0.000000 0.000000
 1.992500 0.000000 0.000000
 1.995000 0.000000 0.000000
 1.997500 0.000000 0.000000
 2.000000 0.000000 0.000000
