#! FIELDS es hh dhh_es
#! SET normalisation  2000.000000
#! SET min_es -0.5
#! SET max_es 2
#! SET nbins_es  1000
#! SET periodic_es false
 -0.500000 0.000000 0.000000
 -0.497500 0.000000 0.000000
 -0.495000 0.000000 0.000000
 -0.492500 0.000000 0.000000
 -0.490000 0.000000 0.000000
 -0.487500 0.000000 0.000000
 -0.485000 0.000000 0.000000
 -0.482500 0.000000 0.000000
 -0.480000 0.000000 0.000000
 -0.477500 0.000000 0.000000
 -0.475000 0.000000 0.000000
 -0.472500 0.000000 0.000000
 -0.470000 0.000000 0.000000
 -0.467500 0.000000 0.000000
 -0.465000 0.000000 0.000000
 -0.462500 0.000000 0.000000
 -0.460000 0.000000 0.000000
 -0.457500 0.000000 0.000000
 -0.455000 0.000000 0.000000
 -0.452500 0.000000 0.000000
 -0.450000 0.000000 0.000000
 -0.447500 0.000000 0.000000
 -0.445000 0.000000 0.000000
 -0.442500 0.000000 0.000000
 -0.440000 0.000000 0.000000
 -0.437500 0.000000 0.000000
 -0.435000 0.000000 0.000000
 -0.432500 0.000000 0.000000
 -0.430000 0.000000 0.000000
 -0.427500 0.000000 0.000000
 -0.425000 0.000000 0.000000
 -0.422500 0.000000 0.000000
 -0.420000 0.000000 0.000000
 -0.417500 0.000000 0.000000
 -0.415000 0.000000 0.000000
 -0.412500 0.000000 0.000000
 -0.410000 0.000000 0.000000
 -0.407500 0.000000 0.000000
 -0.405000 0.000000 0.000000
 -0.402500 0.000000 0.000000
 -0.400000 0.000000 0.000000
 -0.397500 0.000000 0.000000
 -0.395000 0.000000 0.000000
 -0.392500 0.000000 0.000000
 -0.390000 0.000000 0.000000
 -0.387500 0.000000 0.000000
 -0.385000 0.000000 0.000000
 -0.382500 0.000000 0.000000
 -0.380000 0.000000 0.000000
 -0.377500 0.000000 0.000000
 -0.375000 0.000000 0.000000
 -0.372500 0.000000 0.000000
 -0.370000 0.000000 0.000000
 -0.367500 0.000000 0.000000
 -0.365000 0.000000 0.000000
 -0.362500 0.000000 0.000000
 -0.360000 0.000000 0.000000
 -0.357500 0.000000 0.000000
 -0.355000 0.000000 0.000000
 -0.352500 0.000000 0.000000
 -0.350000 0.000000 0.000000
 -0.347500 0.000000 0.000000
 -0.345000 0.000000 0.000000
 -0.342500 0.000000 0.000000
 -0.340000 0.000000 0.000000
 -0.337500 0.000000 0.000000
 -0.335000 0.000000 0.000000
 -0.332500 0.000000 0.000000
 -0.330000 0.000000 0.000000
 -0.327500 0.000000 0.000000
 -0.325000 0.000000 0.000000
 -0.322500 0.000000 0.000000
 -0.320000 0.000000 0.000000
 -0.317500 0.000000 0.000000
 -0.315000 0.000000 0.000000
 -0.312500 0.000000 0.000000
 -0.310000 0.000000 0.000000
 -0.307500 0.000000 0.000000
 -0.305000 0.000000 0.000000
 -0.302500 0.000000 0.000000
 -0.300000 0.000000 0.000000
 -0.297500 0.000000 0.000000
 -0.295000 0.000000 0.000000
 -0.292500 0.000000 0.000000
 -0.290000 0.000000 0.000000
 -0.287500 0.000000 0.000000
 -0.285000 0.000000 0.000000
 -0.282500 0.000000 0.000000
 -0.280000 0.000000 0.000000
 -0.277500 0.000000 0.000000
 -0.275000 0.000000 0.000000
 -0.272500 0.000000 0.000000
 -0.270000 0.000000 0.000000
 -0.267500 0.000000 0.000000
 -0.265000 0.000000 0.000000
 -0.262500 0.000000 0.000000
 -0.260000 0.000000 0.000000
 -0.257500 0.000000 0.000000
 -0.255000 0.000000 0.000000
 -0.252500 0.000000 0.000000
 -0.250000 0.000000 0.000000
 -0.247500 0.000000 0.000000
 -0.245000 0.000000 0.000000
 -0.242500 0.000000 0.000000
 -0.240000 0.000000 0.000000
 -0.237500 0.000000 0.000000
 -0.235000 0.000000 0.000000
 -0.232500 0.000000 0.000000
 -0.230000 0.000000 0.000000
 -0.227500 0.000000 0.000000
 -0.225000 0.000000 0.000000
 -0.222500 0.000000 0.000000
 -0.220000 0.000000 0.000000
 -0.217500 0.000000 0.000000
 -0.215000 0.000000 0.000000
 -0.212500 0.000000 0.000000
 -0.210000 0.000000 0.000000
 -0.207500 0.000000 0.000000
 -0.205000 0.000000 0.000000
 -0.202500 0.000000 0.000000
 -0.200000 0.000000 0.000000
 -0.197500 0.000000 0.000000
 -0.195000 0.000000 0.000000
 -0.192500 0.000000 0.000000
 -0.190000 0.000000 0.000000
 -0.187500 0.000000 0.000000
 -0.185000 0.000000 0.000000
 -0.182500 0.000000 0.000000
 -0.180000 0.000000 0.000000
 -0.177500 0.000000 0.000000
 -0.175000 0.000000 0.000000
 -0.172500 0.000000 0.000000
 -0.170000 0.000000 0.000000
 -0.167500 0.000000 0.000000
 -0.165000 0.000000 0.000000
 -0.162500 0.000000 0.000000
 -0.160000 0.000000 0.000000
 -0.157500 0.000000 0.000000
 -0.155000 0.000000 0.000000
 -0.152500 0.000000 0.000000
 -0.150000 0.000000 0.000000
 -0.147500 0.000000 0.000000
 -0.145000 0.000000 0.000000
 -0.142500 0.000000 0.000000
 -0.140000 0.000000 0.000000
 -0.137500 0.000000 0.000000
 -0.135000 0.000000 0.000000
 -0.132500 0.000000 0.000000
 -0.130000 0.000000 0.000000
 -0.127500 0.000000 0.000000
 -0.125000 0.000000 0.000000
 -0.122500 0.000000 0.000000
 -0.120000 0.000000 0.000000
 -0.117500 0.000000 0.000000
 -0.115000 0.000000 0.000000
 -0.112500 0.000000 0.000000
 -0.110000 0.000000 0.000000
 -0.107500 0.000000 0.000000
 -0.105000 0.000000 0.000000
 -0.102500 0.000000 0.000000
 -0.100000 0.000000 0.000000
 -0.097500 0.000000 0.000000
 -0.095000 0.000000 0.000000
 -0.092500 0.000000 0.000000
 -0.090000 0.000000 0.000000
 -0.087500 0.000000 0.000000
 -0.085000 0.000000 0.000000
 -0.082500 0.000000 0.000000
 -0.080000 0.000000 0.000000
 -0.077500 0.000000 0.000000
 -0.075000 0.000000 0.000000
 -0.072500 0.000000 0.000000
 -0.070000 0.000000 0.000000
 -0.067500 0.000000 0.000000
 -0.065000 0.000000 0.000000
 -0.062500 0.000000 0.000000
 -0.060000 0.000000 0.000000
 -0.057500 0.000000 0.000000
 -0.055000 0.000000 0.000000
 -0.052500 0.000000 0.000000
 -0.050000 0.000000 0.000000
 -0.047500 0.000000 0.000000
 -0.045000 0.000000 0.000000
 -0.042500 0.000000 0.000000
 -0.040000 0.000000 0.000000
 -0.037500 0.000000 0.000000
 -0.035000 0.000000 0.000000
 -0.032500 0.000000 0.000000
 -0.030000 0.000000 0.000000
 -0.027500 0.000000 0.000000
 -0.025000 0.000000 0.000000
 -0.022500 0.000000 0.000000
 -0.020000 0.000000 0.000000
 -0.017500 0.000000 0.000000
 -0.015000 0.000000 0.000000
 -0.012500 0.000000 0.000000
 -0.010000 0.000000 0.000000
 -0.007500 0.000000 0.000000
 -0.005000 0.000000 0.000000
 -0.002500 0.000000 0.000000
 0.000000 0.000000 0.000000
 0.002500 0.000000 0.000000
 0.005000 0.000000 0.000000
 0.007500 0.000000 0.000000
 0.010000 0.000000 0.000000
 0.012500 0.000000 0.000000
 0.015000 0.000000 0.000000
 0.017500 0.000000 0.000000
 0.020000 0.000000 0.000000
 0.022500 0.000000 0.000000
 0.025000 0.000000 0.000000
 0.027500 0.000000 0.000000
 0.030000 0.000000 0.000000
 0.032500 0.000000 0.000000
 0.035000 0.000000 0.000000
 0.037500 0.000000 0.000000
 0.040000 0.000000 0.000000
 0.042500 0.000000 0.000000
 0.045000 0.000000 0.000000
 0.047500 0.000000 0.000000
 0.050000 0.000000 0.000000
 0.052500 0.000000 0.000000
 0.055000 0.000000 0.000000
 0.057500 0.000000 0.000000
 0.060000 0.000000 0.000000
 0.062500 0.000000 0.000000
 0.065000 0.000000 0.000000
 0.067500 0.000000 0.000000
 0.070000 0.000000 0.000000
 0.072500 0.000000 0.000000
 0.075000 0.000000 0.000000
 0.077500 0.000000 0.000000
 0.080000 0.000000 0.000000
 0.082500 0.000000 0.000000
 0.085000 0.000000 0.000000
 0.087500 0.000000 0.000000
 0.090000 0.000000 0.000000
 0.092500 0.000000 0.000000
 0.095000 0.000000 0.000000
 0.097500 0.000000 0.000000
 0.100000 0.000000 0.000000
 0.102500 0.000000 0.000000
 0.105000 0.000000 0.000000
 0.107500 0.000000 0.000000
 0.110000 0.000000 0.000000
 0.112500 0.000000 0.000000
 0.115000 0.000000 0.000000
 0.117500 0.000000 0.000000
 0.120000 0.000000 0.000000
 0.122500 0.000000 0.000000
 0.125000 0.000000 0.000000
 0.127500 0.000000 0.000000
 0.130000 0.000000 0.000000
 0.132500 0.000000 0.000000
 0.135000 0.000000 0.000000
 0.137500 0.000000 0.000000
 0.140000 0.000000 0.000000
 0.142500 0.000000 0.000000
 0.145000 0.000000 0.000000
 0.147500 0.000000 0.000000
 0.150000 0.000000 0.000000
 0.152500 0.000000 0.000000
 0.155000 0.000000 0.000000
 0.157500 0.000000 0.000000
 0.160000 0.000000 0.000000
 0.162500 0.000000 0.000000
 0.165000 0.000000 0.000000
 0.167500 0.000000 0.000000
 0.170000 0.000000 0.000000
 0.172500 0.000000 0.000000
 0.175000 0.000000 0.000000
 0.177500 0.000000 0.000000
 0.180000 0.000000 0.000000
 0.182500 0.000000 0.000000
 0.185000 0.000000 0.000000
 0.187500 0.000000 0.000000
 0.190000 0.000000 0.000000
 0.192500 0.000000 0.000000
 0.195000 0.000000 0.000000
 0.197500 0.000000 0.000000
 0.200000 0.000000 0.000000
 0.202500 0.000000 0.000000
 0.205000 0.000000 0.000000
 0.207500 0.000000 0.000021
 0.210000 0.000000 0.000051
 0.212500 0.000000 0.000112
 0.215000 0.000001 0.000233
 0.217500 0.000002 0.000450
 0.220000 0.000003 0.000813
 0.222500 0.000006 0.001365
 0.225000 0.000010 0.002129
 0.227500 0.000017 0.003076
 0.230000 0.000026 0.004098
 0.232500 0.000037 0.005004
 0.235000 0.000050 0.005544
 0.237500 0.000064 0.005474
 0.240000 0.000077 0.004641
 0.242500 0.000087 0.003060
 0.245000 0.000092 0.000942
 0.247500 0.000091 -0.001347
 0.250000 0.000085 -0.003391
 0.252500 0.000075 -0.004848
 0.255000 0.000062 -0.005540
 0.257500 0.000048 -0.005486
 0.260000 0.000035 -0.004861
 0.262500 0.000024 -0.003916
 0.265000 0.000015 -0.002896
 0.267500 0.000009 -0.001977
 0.270000 0.000005 -0.001251
 0.272500 0.000003 -0.000735
 0.275000 0.000001 -0.000402
 0.277500 0.000001 -0.000205
 0.280000 0.000000 -0.000098
 0.282500 0.000000 -0.000044
 0.285000 0.000000 0.000000
 0.287500 0.000000 0.000000
 0.290000 0.000000 0.000000
 0.292500 0.000000 0.000000
 0.295000 0.000000 0.000000
 0.297500 0.000000 0.000000
 0.300000 0.000000 0.000000
 0.302500 0.000000 0.000000
 0.305000 0.000000 0.000000
 0.307500 0.000000 0.000000
 0.310000 0.000000 0.000000
 0.312500 0.000000 0.000000
 0.315000 0.000000 0.000000
 0.317500 0.000000 0.000000
 0.320000 0.000000 0.000000
 0.322500 0.000000 0.000000
 0.325000 0.000000 0.000000
 0.327500 0.000000 0.000000
 0.330000 0.000000 0.000000
 0.332500 0.000000 0.000000
 0.335000 0.000000 0.000000
 0.337500 0.000000 0.000023
 0.340000 0.000000 0.000055
 0.342500 0.000000 0.000151
 0.345000 0.000001 0.000318
 0.347500 0.000002 0.000627
 0.350000 0.000004 0.001157
 0.352500 0.000008 0.001993
 0.355000 0.000015 0.003224
 0.357500 0.000025 0.004839
 0.360000 0.000039 0.006754
 0.362500 0.000058 0.008744
 0.365000 0.000083 0.010474
 0.367500 0.000110 0.011527
 0.370000 0.000139 0.011573
 0.372500 0.000167 0.010471
 0.375000 0.000191 0.008352
 0.377500 0.000208 0.005613
 0.380000 0.000219 0.002819
 0.382500 0.000223 0.000456
 0.385000 0.000222 -0.001125
 0.387500 0.000218 -0.001881
 0.390000 0.000213 -0.001977
 0.392500 0.000209 -0.001678
 0.395000 0.000205 -0.001244
 0.397500 0.000202 -0.000755
 0.400000 0.000201 -0.000195
 0.402500 0.000202 0.000662
 0.405000 0.000205 0.001992
 0.407500 0.000212 0.003991
 0.410000 0.000226 0.006701
 0.412500 0.000247 0.010092
 0.415000 0.000277 0.014103
 0.417500 0.000318 0.018601
 0.420000 0.000370 0.023473
 0.422500 0.000435 0.028539
 0.425000 0.000513 0.033555
 0.427500 0.000603 0.038225
 0.430000 0.000704 0.042197
 0.432500 0.000813 0.045274
 0.435000 0.000929 0.047206
 0.437500 0.001048 0.048050
 0.440000 0.001168 0.047815
 0.442500 0.001287 0.046455
 0.445000 0.001400 0.043547
 0.447500 0.001503 0.038630
 0.450000 0.001591 0.031408
 0.452500 0.001658 0.021995
 0.455000 0.001700 0.011442
 0.457500 0.001716 0.001660
 0.460000 0.001711 -0.004995
 0.462500 0.001696 -0.006189
 0.465000 0.001686 -0.000563
 0.467500 0.001699 0.011753
 0.470000 0.001749 0.029076
 0.472500 0.001846 0.048337
 0.475000 0.001989 0.065859
 0.477500 0.002171 0.078306
 0.480000 0.002375 0.083740
 0.482500 0.002584 0.081564
 0.485000 0.002778 0.072899
 0.487500 0.002945 0.060318
 0.490000 0.003079 0.046820
 0.492500 0.003181 0.035581
 0.495000 0.003261 0.029201
 0.497500 0.003333 0.029407
 0.500000 0.003414 0.036824
 0.502500 0.003522 0.050717
 0.505000 0.003672 0.069202
 0.507500 0.003870 0.089010
 0.510000 0.004116 0.106382
 0.512500 0.004398 0.117813
 0.515000 0.004699 0.121852
 0.517500 0.005003 0.119863
 0.520000 0.005297 0.115786
 0.522500 0.005585 0.115605
 0.525000 0.005883 0.124799
 0.527500 0.006220 0.146566
 0.530000 0.006626 0.179697
 0.532500 0.007124 0.218858
 0.535000 0.007719 0.255583
 0.537500 0.008393 0.280981
 0.540000 0.009109 0.288855
 0.542500 0.009822 0.277376
 0.545000 0.010484 0.249517
 0.547500 0.011063 0.212591
 0.550000 0.011549 0.176403
 0.552500 0.011955 0.150230
 0.555000 0.012317 0.142063
 0.557500 0.012685 0.156060
 0.560000 0.013117 0.192595
 0.562500 0.013666 0.248926
 0.565000 0.014376 0.320318
 0.567500 0.015276 0.399398
 0.570000 0.016376 0.479583
 0.572500 0.017672 0.554632
 0.575000 0.019144 0.620106
 0.577500 0.020764 0.673013
 0.580000 0.022500 0.712508
 0.582500 0.024318 0.739287
 0.585000 0.026189 0.754813
 0.587500 0.028086 0.760816
 0.590000 0.029990 0.760723
 0.592500 0.031890 0.758764
 0.595000 0.033789 0.760958
 0.597500 0.035705 0.772198
 0.600000 0.037666 0.797381
 0.602500 0.039708 0.837005
 0.605000 0.041866 0.888655
 0.607500 0.044162 0.946640
 0.610000 0.046604 1.005512
 0.612500 0.049191 1.061948
 0.615000 0.051917 1.116228
 0.617500 0.054781 1.173548
 0.620000 0.057798 1.239936
 0.622500 0.060997 1.320901
 0.625000 0.064423 1.419765
 0.627500 0.068117 1.535725
 0.630000 0.072118 1.664579
 0.632500 0.076451 1.800679
 0.635000 0.081128 1.938139
 0.637500 0.086147 2.073140
 0.640000 0.091500 2.203622
 0.642500 0.097170 2.329028
 0.645000 0.103149 2.450240
 0.647500 0.109428 2.568839
 0.650000 0.116003 2.687106
 0.652500 0.122875 2.807580
 0.655000 0.130055 2.933557
 0.657500 0.137561 3.069005
 0.660000 0.145423 3.218334
 0.662500 0.153675 3.380964
 0.665000 0.162347 3.551564
 0.667500 0.171446 3.723084
 0.670000 0.180965 3.885277
 0.672500 0.190875 4.033534
 0.675000 0.201135 4.167237
 0.677500 0.211720 4.294866
 0.680000 0.222628 4.427229
 0.682500 0.233885 4.577530
 0.685000 0.245553 4.752536
 0.687500 0.257689 4.954921
 0.690000 0.270367 5.183387
 0.692500 0.283646 5.435906
 0.695000 0.297586 5.713323
 0.697500 0.312255 6.019899
 0.700000 0.327736 6.362205
 0.702500 0.344127 6.748062
 0.705000 0.361536 7.177860
 0.707500 0.380077 7.650159
 0.710000 0.399842 8.155459
 0.712500 0.420901 8.682887
 0.715000 0.443291 9.218741
 0.717500 0.467020 9.754884
 0.720000 0.492094 10.288975
 0.722500 0.518503 10.826025
 0.725000 0.546274 11.380468
 0.727500 0.575466 11.964147
 0.730000 0.606162 12.582719
 0.732500 0.638443 13.231121
 0.735000 0.672375 13.897272
 0.737500 0.707974 14.563092
 0.740000 0.745224 15.215043
 0.742500 0.784085 15.852602
 0.745000 0.824541 16.493712
 0.747500 0.866631 17.165299
 0.750000 0.910475 17.901683
 0.752500 0.956272 18.727126
 0.755000 1.004255 19.652446
 0.757500 1.054668 20.665534
 0.760000 1.107701 21.742562
 0.762500 1.163471 22.851433
 0.765000 1.222019 23.957667
 0.767500 1.283316 25.048378
 0.770000 1.347320 26.121023
 0.772500 1.413992 27.186615
 0.775000 1.483345 28.266782
 0.777500 1.555441 29.383316
 0.780000 1.630382 30.547221
 0.782500 1.708306 31.762595
 0.785000 1.789324 33.027283
 0.787500 1.873581 34.347873
 0.790000 1.961213 35.736949
 0.792500 2.052432 37.219008
 0.795000 2.147512 38.825263
 0.797500 2.246775 40.571462
 0.800000 2.350567 42.437164
 0.802500 2.459132 44.382002
 0.805000 2.572580 46.329259
 0.807500 2.690798 48.180890
 0.810000 2.813444 49.857967
 0.812500 2.940007 51.316077
 0.815000 3.069941 52.556251
 0.817500 3.202751 53.629714
 0.820000 3.338138 54.635033
 0.822500 3.476050 55.677324
 0.825000 3.616714 56.844905
 0.827500 3.760526 58.195042
 0.830000 3.907913 59.706069
 0.832500 4.059196 61.294286
 0.835000 4.214417 62.834513
 0.837500 4.373273 64.184374
 0.840000 4.535138 65.226901
 0.842500 4.699144 65.893900
 0.845000 4.864326 66.181252
 0.847500 5.029801 66.145799
 0.850000 5.194855 65.869699
 0.852500 5.359017 65.449281
 0.855000 5.522005 64.948994
 0.857500 5.683650 64.378861
 0.860000 5.843733 63.703368
 0.862500 6.001903 62.828613
 0.865000 6.157515 61.661791
 0.867500 6.309748 60.118959
 0.870000 6.457606 58.164013
 0.872500 6.600034 55.800897
 0.875000 6.736048 53.048435
 0.877500 6.864707 49.931651
 0.880000 6.985128 46.475051
 0.882500 7.096446 42.680989
 0.885000 7.197820 38.523557
 0.887500 7.288297 33.977768
 0.890000 7.366870 29.002630
 0.892500 7.432406 23.568128
 0.895000 7.483708 17.622075
 0.897500 7.519457 11.150640
 0.900000 7.538325 4.126463
 0.902500 7.538928 -3.449224
 0.905000 7.519872 -11.550489
 0.907500 7.479907 -20.157092
 0.910000 7.417852 -29.184180
 0.912500 7.332785 -38.520126
 0.915000 7.224121 -48.026482
 0.917500 7.091612 -57.548742
 0.920000 6.935388 -66.959618
 0.922500 6.755851 -76.179399
 0.925000 6.553532 -85.153428
 0.927500 6.329095 -93.859083
 0.930000 6.083264 -102.238213
 0.932500 5.816986 -110.191165
 0.935000 5.531511 -117.554941
 0.937500 5.228548 -124.133281
 0.940000 4.910322 -129.728986
 0.942500 4.579529 -134.167841
 0.945000 4.239237 -137.312115
 0.947500 3.892796 -139.068758
 0.950000 3.543757 -139.377657
 0.952500 3.195808 -138.192273
 0.955000 2.852754 -135.473066
 0.957500 2.518462 -131.188529
 0.960000 2.196851 -125.359331
 0.962500 1.891683 -118.056857
 0.965000 1.606465 -109.455522
 0.967500 1.344147 -99.803299
 0.970000 1.106957 -89.414855
 0.972500 0.896318 -78.657103
 0.975000 0.712689 -67.874589
 0.977500 0.555727 -57.403655
 0.980000 0.424295 -47.519569
 0.982500 0.316637 -38.442726
 0.985000 0.230520 -30.332188
 0.987500 0.163395 -23.291676
 0.990000 0.112515 -17.361776
 0.992500 0.075107 -12.529858
 0.995000 0.048503 -8.735567
 0.997500 0.030233 -5.866007
 1.000000 0.018154 -3.786279
 1.002500 0.010473 -2.341076
 1.005000 0.005793 -1.383920
 1.007500 0.003065 -0.780160
 1.010000 0.001544 -0.417275
 1.012500 0.000734 -0.209548
 1.015000 0.000328 -0.098387
 1.017500 0.000136 -0.042828
 1.020000 0.000051 -0.016485
 1.022500 0.000017 -0.005668
 1.025000 0.000005 -0.001716
 1.027500 0.000001 -0.000360
 1.030000 0.000000 -0.000050
 1.032500 0.000000 0.000000
 1.035000 0.000000 0.000000
 1.037500 0.000000 0.000000
 1.040000 0.000000 0.000000
 1.042500 0.000000 0.000000
 1.045000 0.000000 0.000000
 1.047500 0.000000 0.000000
 1.050000 0.000000 0.000000
 1.052500 0.000000 0.000000
 1.055000 0.000000 0.000000
 1.057500 0.000000 0.000000
 1.060000 0.000000 0.000000
 1.062500 0.000000 0.000000
 1.065000 0.000000 0.000000
 1.067500 0.000000 0.000000
 1.070000 0.000000 0.000000
 1.072500 0.000000 0.000000
 1.075000 0.000000 0.000000
 1.077500 0.000000 0.000000
 1.080000 0.000000 0.000000
 1.082500 0.000000 0.000000
 1.085000 0.000000 0.000000
 1.087500 0.000000 0.000000
 1.090000 0.000000 0.000000
 1.092500 0.000000 0.000000
 1.095000 0.000000 0.000000
 1.097500 0.000000 0.000000
 1.100000 0.000000 0.000000
 1.102500 0.000000 0.000000
 1.105000 0.000000 0.000000
 1.107500 0.000000 0.000000
 1.110000 0.000000 0.000000
 1.112500 0.000000 0.000000
 1.115000 0.000000 0.000000
 1.117500 0.000000 0.000000
 1.120000 0.000000 0.000000
 1.122500 0.000000 0.000000
 1.125000 0.000000 0.000000
 1.127500 0.000000 0.000000
 1.130000 0.000000 0.000000
 1.132500 0.000000 0.000000
 1.135000 0.000000 0.000000
 1.137500 0.000000 0.000000
 1.140000 0.000000 0.000000
 1.142500 0.000000 0.000000
 1.145000 0.000000 0.000000
 1.147500 0.000000 0.000000
 1.150000 0.000000 0.000000
 1.152500 0.000000 0.000000
 1.155000 0.000000 0.000000
 1.157500 0.000000 0.000000
 1.160000 0.000000 0.000000
 1.162500 0.000000 0.000000
 1.165000 0.000000 0.000000
 1.167500 0.000000 0.000000
 1.170000 0.000000 0.000000
 1.172500 0.000000 0.000000
 1.175000 0.000000 0.000000
 1.177500 0.000000 0.000000
 1.180000 0.000000 0.000000
 1.182500 0.000000 0.000000
 1.185000 0.000000 0.000000
 1.187500 0.000000 0.000000
 1.190000 0.000000 0.000000
 1.192500 0.000000 0.000000
 1.195000 0.000000 0.000000
 1.197500 0.000000 0.000000
 1.200000 0.000000 0.000000
 1.202500 0.000000 0.000000
 1.205000 0.000000 0.000000
 1.207500 0.000000 0.000000
 1.210000 0.000000 0.000000
 1.212500 0.000000 0.000000
 1.215000 0.000000 0.000000
 1.217500 0.000000 0.000000
 1.220000 0.000000 0.000000
 1.222500 0.000000 0.000000
 1.225000 0.000000 0.000000
 1.227500 0.000000 0.000000
 1.230000 0.000000 0.000000
 1.232500 0.000000 0.000000
 1.235000 0.000000 0.000000
 1.237500 0.000000 0.000000
 1.240000 0.000000 0.000000
 1.242500 0.000000 0.000000
 1.245000 0.000000 0.000000
 1.247500 0.000000 0.000000
 1.250000 0.000000 0.000000
 1.252500 0.000000 0.000000
 1.255000 0.000000 0.000000
 1.257500 0.000000 0.000000
 1.260000 0.000000 0.000000
 1.262500 0.000000 0.000000
 1.265000 0.000000 0.000000
 1.267500 0.000000 0.000000
 1.270000 0.000000 0.000000
 1.272500 0.000000 0.000000
 1.275000 0.000000 0.000000
 1.277500 0.000000 0.000000
 1.280000 0.000000 0.000000
 1.282500 0.000000 0.000000
 1.285000 0.000000 0.000000
 1.287500 0.000000 0.000000
 1.290000 0.000000 0.000000
 1.292500 0.000000 0.000000
 1.295000 0.000000 0.000000
 1.297500 0.000000 0.000000
 1.300000 0.000000 0.000000
 1.302500 0.000000 0.000000
 1.305000 0.000000 0.000000
 1.307500 0.000000 0.000000
 1.310000 0.000000 0.000000
 1.312500 0.000000 0.000000
 1.315000 0.000000 0.000000
 1.317500 0.000000 0.000000
 1.320000 0.000000 0.000000
 1.322500 0.000000 0.000000
 1.325000 0.000000 0.000000
 1.327500 0.000000 0.000000
 1.330000 0.000000 0.000000
 1.332500 0.000000 0.000000
 1.335000 0.000000 0.000000
 1.337500 0.000000 0.000000
 1.340000 0.000000 0.000000
 1.342500 0.000000 0.000000
 1.345000 0.000000 0.000000
 1.347500 0.000000 0.000000
 1.350000 0.000000 0.000000
 1.352500 0.000000 0.000000
 1.355000 0.000000 0.000000
 1.357500 0.000000 0.000000
 1.360000 0.000000 0.000000
 1.362500 0.000000 0.000000
 1.365000 0.000000 0.000000
 1.367500 0.000000 0.000000
 1.370000 0.000000 0.000000
 1.372500 0.000000 0.000000
 1.375000 0.000000 0.000000
 1.377500 0.000000 0.000000
 1.380000 0.000000 0.000000
 1.382500 0.000000 0.000000
 1.385000 0.000000 0.000000
 1.387500 0.000000 0.000000
 1.390000 0.000000 0.000000
 1.392500 0.000000 0.000000
 1.395000 0.000000 0.000000
 1.397500 0.000000 0.000000
 1.400000 0.000000 0.000000
 1.402500 0.000000 0.000000
 1.405000 0.000000 0.000000
 1.407500 0.000000 0.000000
 1.410000 0.000000 0.000000
 1.412500 0.000000 0.000000
 1.415000 0.000000 0.000000
 1.417500 0.000000 0.000000
 1.420000 0.000000 0.000000
 1.422500 0.000000 0.000000
 1.425000 0.000000 0.000000
 1.427500 0.000000 0.000000
 1.430000 0.000000 0.000000
 1.432500 0.000000 0.000000
 1.435000 0.000000 0.000000
 1.437500 0.000000 0.000000
 1.440000 0.000000 0.000000
 1.442500 0.000000 0.000000
 1.445000 0.000000 0.000000
 1.447500 0.000000 0.000000
 1.450000 0.000000 0.000000
 1.452500 0.000000 0.000000
 1.455000 0.000000 0.000000
 1.457500 0.000000 0.000000
 1.460000 0.000000 0.000000
 1.462500 0.000000 0.000000
 1.465000 0.000000 0.000000
 1.467500 0.000000 0.000000
 1.470000 0.000000 0.000000
 1.472500 0.000000 0.000000
 1.475000 0.000000 0.000000
 1.477500 0.000000 0.000000
 1.480000 0.000000 0.000000
 1.482500 0.000000 0.000000
 1.485000 0.000000 0.000000
 1.487500 0.000000 0.000000
 1.490000 0.000000 0.000000
 1.492500 0.000000 0.000000
 1.495000 0.000000 0.000000
 1.497500 0.000000 0.000000
 1.500000 0.000000 0.000000
 1.502500 0.000000 0.000000
 1.505000 0.000000 0.000000
 1.507500 0.000000 0.000000
 1.510000 0.000000 0.000000
 1.512500 0.000000 0.000000
 1.515000 0.000000 0.000000
 1.517500 0.000000 0.000000
 1.520000 0.000000 0.000000
 1.522500 0.000000 0.000000
 1.525000 0.000000 0.000000
 1.527500 0.000000 0.000000
 1.530000 0.000000 0.000000
 1.532500 0.000000 0.000000
 1.535000 0.000000 0.000000
 1.537500 0.000000 0.000000
 1.540000 0.000000 0.000000
 1.542500 0.000000 0.000000
 1.545000 0.000000 0.000000
 1.547500 0.000000 0.000000
 1.550000 0.000000 0.000000
 1.552500 0.000000 0.000000
 1.555000 0.000000 0.000000
 1.557500 0.000000 0.000000
 1.560000 0.000000 0.000000
 1.562500 0.000000 0.000000
 1.565000 0.000000 0.000000
 1.567500 0.000000 0.000000
 1.570000 0.000000 0.000000
 1.572500 0.000000 0.000000
 1.575000 0.000000 0.000000
 1.577500 0.000000 0.000000
 1.580000 0.000000 0.000000
 1.582500 0.000000 0.000000
 1.585000 0.000000 0.000000
 1.587500 0.000000 0.000000
 1.590000 0.000000 0.000000
 1.592500 0.000000 0.000000
 1.595000 0.000000 0.000000
 1.597500 0.000000 0.000000
 1.600000 0.000000 0.000000
 1.602500 0.000000 0.000000
 1.605000 0.000000 0.000000
 1.607500 0.000000 0.000000
 1.610000 0.000000 0.000000
 1.612500 0.000000 0.000000
 1.615000 0.000000 0.000000
 1.617500 0.000000 0.000000
 1.620000 0.000000 0.000000
 1.622500 0.000000 0.000000
 1.625000 0.000000 0.000000
 1.627500 0.000000 0.000000
 1.630000 0.000000 0.000000
 1.632500 0.000000 0.000000
 1.635000 0.000000 0.000000
 1.637500 0.000000 0.000000
 1.640000 0.000000 0.000000
 1.642500 0.000000 0.000000
 1.645000 0.000000 0.000000
 1.647500 0.000000 0.000000
 1.650000 0.000000 0.000000
 1.652500 0.000000 0.000000
 1.655000 0.000000 0.000000
 1.657500 0.000000 0.000000
 1.660000 0.000000 0.000000
 1.662500 0.000000 0.000000
 1.665000 0.000000 0.000000
 1.667500 0.000000 0.000000
 1.670000 0.000000 0.000000
 1.672500 0.000000 0.000000
 1.675000 0.000000 0.000000
 1.677500 0.000000 0.000000
 1.680000 0.000000 0.000000
 1.682500 0.000000 0.000000
 1.685000 0.000000 0.000000
 1.687500 0.000000 0.000000
 1.690000 0.000000 0.000000
 1.692500 0.000000 0.000000
 1.695000 0.000000 0.000000
 1.697500 0.000000 0.000000
 1.700000 0.000000 0.000000
 1.702500 0.000000 0.000000
 1.705000 0.000000 0.000000
 1.707500 0.000000 0.000000
 1.710000 0.000000 0.000000
 1.712500 0.000000 0.000000
 1.715000 0.000000 0.000000
 1.717500 0.000000 0.000000
 1.720000 0.000000 0.000000
 1.722500 0.000000 0.000000
 1.725000 0.000000 0.000000
 1.727500 0.000000 0.000000
 1.730000 0.000000 0.000000
 1.732500 0.000000 0.000000
 1.735000 0.000000 0.000000
 1.737500 0.000000 0.000000
 1.740000 0.000000 0.000000
 1.742500 0.000000 0.000000
 1.745000 0.000000 0.000000
 1.747500 0.000000 0.000000
 1.750000 0.000000 0.000000
 1.752500 0.000000 0.000000
 1.755000 0.000000 0.000000
 1.757500 0.000000 0.000000
 1.760000 0.000000 0.000000
 1.762500 0.000000 0.000000
 1.765000 0.000000 0.000000
 1.767500 0.000000 0.000000
 1.770000 0.000000 0.000000
 1.772500 0.000000 0.000000
 1.775000 0.000000 0.000000
 1.777500 0.000000 0.000000
 1.780000 0.000000 0.000000
 1.782500 0.000000 0.000000
 1.785000 0.000000 0.000000
 1.787500 0.000000 0.000000
 1.790000 0.000000 0.000000
 1.792500 0.000000 0.000000
 1.795000 0.000000 0.000000
 1.797500 0.000000 0.000000
 1.800000 0.000000 0.000000
 1.802500 0.000000 0.000000
 1.805000 0.000000 0.000000
 1.807500 0.000000 0.000000
 1.810000 0.000000 0.000000
 1.812500 0.000000 0.000000
 1.815000 0.000000 0.000000
 1.817500 0.000000 0.000000
 1.820000 0.000000 0.000000
 1.822500 0.000000 0.000000
 1.825000 0.000000 0.000000
 1.827500 0.000000 0.000000
 1.830000 0.000000 0.000000
 1.832500 0.000000 0.000000
 1.835000 0.000000 0.000000
 1.837500 0.000000 0.000000
 1.840000 0.000000 0.000000
 1.842500 0.000000 0.000000
 1.845000 0.000000 0.000000
 1.847500 0.000000 0.000000
 1.850000 0.000000 0.000000
 1.852500 0.000000 0.000000
 1.855000 0.000000 0.000000
 1.857500 0.000000 0.000000
 1.860000 0.000000 0.000000
 1.862500 0.000000 0.000000
 1.865000 0.000000 0.000000
 1.867500 0.000000 0.000000
 1.870000 0.000000 0.000000
 1.872500 0.000000 0.000000
 1.875000 0.000000 0.000000
 1.877500 0.000000 0.000000
 1.880000 0.000000 0.000000
 1.882500 0.000000 0.000000
 1.885000 0.000000 0.000000
 1.887500 0.000000 0.000000
 1.890000 0.000000 0.000000
 1.892500 0.000000 0.000000
 1.895000 0.000000 0.000000
 1.897500 0.000000 0.000000
 1.900000 0.000000 0.000000
 1.902500 0.000000 0.000000
 1.905000 0.000000 0.000000
 1.907500 0.000000 0.000000
 1.910000 0.000000 0.000000
 1.912500 0.000000 0.000000
 1.915000 0.000000 0.000000
 1.917500 0.000000 0.000000
 1.920000 0.000000 0.000000
 1.922500 0.000000 0.000000
 1.925000 0.000000 0.000000
 1.927500 0.000000 0.000000
 1.930000 0.000000 0.000000
 1.932500 0.000000 0.000000
 1.935000 0.000000 0.000000
 1.937500 0.000000 0.000000
 1.940000 0.000000 0.000000
 1.942500 0.000000 0.000000
 1.945000 0.000000 0.000000
 1.947500 0.000000 0.000000
 1.950000 0.000000 0.000000
 1.952500 0.000000 0.000000
 1.955000 0.000000 0.000000
 1.957500 0.000000 0.000000
 1.960000 0.000000 0.000000
 1.962500 0.000000 0.000000
 1.965000 0.000000 0.000000
 1.967500 0.000000 0.000000
 1.970000 0.000000 0.000000
 1.972500 0.000000 0.000000
 1.975000 0.000000 0.000000
 1.977500 0.000000 0.000000
 1.980000 0.000000 0.000000
 1.982500 0.000000 0.000000
 1.985000 0.000000 0.000000
 1.987500 0.000000 0.000000
 1.990000 0.000000 0.000000
 1.992500 0.000000 0.000000
 1.995000 0.000000 0.000000
 1.997500 0.000000 0.000000
 2.000000 0.000000 0.000000
