#! FIELDS es.morethan file.free der_es.morethan
#! SET min_es.morethan -10.2712
#! SET max_es.morethan 221.297
#! SET nbins_es.morethan  220
#! SET periodic_es.morethan false
  -10.271200000   -0.000000000   -0.000000000
   -9.213810959   -0.941602457   -0.000000000
   -8.156421918   -7.885123280   -0.000000000
   -7.099032877  -27.890909285   -0.000000000
   -6.041643836  -75.209732522   -0.000000000
   -4.984254795 -172.218262692   -0.000000000
   -3.926865753 -345.281363583   -0.000000000
   -2.869476712 -613.307293440   -0.000000000
   -1.812087671 -970.871196726   -0.000000000
   -0.754698630 -1376.585323721   -0.000000000
    0.302690411 -1761.675199277   -0.000000000
    1.360079452 -2058.162508378   -0.000000000
    2.417468493 -2231.436832677   -0.000000000
    3.474857534 -2295.551158129   -0.000000000
    4.532246575 -2298.435771349   -0.000000000
    5.589635616 -2288.795637822   -0.000000000
    6.647024658 -2291.129311159   -0.000000000
    7.704413699 -2303.617381006   -0.000000000
    8.761802740 -2312.577697023   -0.000000000
    9.819191781 -2309.217174770   -0.000000000
   10.876580822 -2295.073430260   -0.000000000
   11.933969863 -2277.403630806   -0.000000000
   12.991358904 -2262.357942603   -0.000000000
   14.048747945 -2249.694616366   -0.000000000
   15.106136986 -2237.299927184   -0.000000000
   16.163526027 -2222.931455106   -0.000000000
   17.220915068 -2206.290789598   -0.000000000
   18.278304110 -2188.390686829   -0.000000000
   19.335693151 -2169.813219875   -0.000000000
   20.393082192 -2150.321143592   -0.000000000
   21.450471233 -2129.781553740   -0.000000000
   22.507860274 -2108.083939582   -0.000000000
   23.565249315 -2085.224490589   -0.000000000
   24.622638356 -2061.691524389   -0.000000000
   25.680027397 -2037.337689415   -0.000000000
   26.737416438 -2011.996108047   -0.000000000
   27.794805479 -1985.877406138   -0.000000000
   28.852194521 -1959.530771058   -0.000000000
   29.909583562 -1933.195894811   -0.000000000
   30.966972603 -1907.724205367   -0.000000000
   32.024361644 -1883.857010515   -0.000000000
   33.081750685 -1861.193934332   -0.000000000
   34.139139726 -1839.735064194   -0.000000000
   35.196528767 -1819.266552196   -0.000000000
   36.253917808 -1799.399782223   -0.000000000
   37.311306849 -1780.064709165   -0.000000000
   38.368695890 -1761.247496615   -0.000000000
   39.426084932 -1742.947603433   -0.000000000
   40.483473973 -1725.357622435   -0.000000000
   41.540863014 -1708.531047546   -0.000000000
   42.598252055 -1692.555871725   -0.000000000
   43.655641096 -1678.138698383   -0.000000000
   44.713030137 -1665.870207108   -0.000000000
   45.770419178 -1655.096059173   -0.000000000
   46.827808219 -1644.958735469   -0.000000000
   47.885197260 -1634.920350586   -0.000000000
   48.942586301 -1624.652988905   -0.000000000
   49.999975342 -1614.274984902   -0.000000000
   51.057364384 -1604.195562357   -0.000000000
   52.114753425 -1594.169702542   -0.000000000
   53.172142466 -1583.436385203   -0.000000000
   54.229531507 -1571.217040241   -0.000000000
   55.286920548 -1557.999240156   -0.000000000
   56.344309589 -1545.314994061   -0.000000000
   57.401698630 -1534.301210899   -0.000000000
   58.459087671 -1525.435622312   -0.000000000
   59.516476712 -1518.060456236   -0.000000000
   60.573865753 -1511.780262476   -0.000000000
   61.631254795 -1506.475036123   -0.000000000
   62.688643836 -1501.732255386   -0.000000000
   63.746032877 -1496.800592878   -0.000000000
   64.803421918 -1491.277413709   -0.000000000
   65.860810959 -1484.692439224   -0.000000000
   66.918200000 -1478.019364451   -0.000000000
   67.975589041 -1472.641731814   -0.000000000
   69.032978082 -1468.708630554   -0.000000000
   70.090367123 -1465.119331654   -0.000000000
   71.147756164 -1460.695881189   -0.000000000
   72.205145205 -1454.142678030   -0.000000000
   73.262534247 -1444.964932743   -0.000000000
   74.319923288 -1433.962950993   -0.000000000
   75.377312329 -1422.658863523   -0.000000000
   76.434701370 -1412.572369031   -0.000000000
   77.492090411 -1404.928708987   -0.000000000
   78.549479452 -1399.316625624   -0.000000000
   79.606868493 -1395.169408040   -0.000000000
   80.664257534 -1391.437738189   -0.000000000
   81.721646575 -1386.823512988   -0.000000000
   82.779035616 -1381.041278552   -0.000000000
   83.836424658 -1374.310719399   -0.000000000
   84.893813699 -1367.066221484   -0.000000000
   85.951202740 -1360.007275363   -0.000000000
   87.008591781 -1354.099743264   -0.000000000
   88.065980822 -1349.596253875   -0.000000000
   89.123369863 -1345.943633034   -0.000000000
   90.180758904 -1342.833167722   -0.000000000
   91.238147945 -1339.979439434   -0.000000000
   92.295536986 -1337.845617927   -0.000000000
   93.352926027 -1336.174456481   -0.000000000
   94.410315068 -1334.704526568   -0.000000000
   95.467704110 -1333.419390274   -0.000000000
   96.525093151 -1333.522623837   -0.000000000
   97.582482192 -1336.274849035   -0.000000000
   98.639871233 -1341.503298090   -0.000000000
   99.697260274 -1347.315910800   -0.000000000
  100.754649315 -1351.362098765   -0.000000000
  101.812038356 -1352.575133365   -0.000000000
  102.869427397 -1351.495404683   -0.000000000
  103.926816438 -1349.590566326   -0.000000000
  104.984205479 -1348.005734635   -0.000000000
  106.041594521 -1347.477481621   -0.000000000
  107.098983562 -1348.259330324   -0.000000000
  108.156372603 -1350.324419936   -0.000000000
  109.213761644 -1353.709018540   -0.000000000
  110.271150685 -1357.584346414   -0.000000000
  111.328539726 -1360.556523200   -0.000000000
  112.385928767 -1361.156440286   -0.000000000
  113.443317808 -1359.577066209   -0.000000000
  114.500706849 -1357.227536265   -0.000000000
  115.558095890 -1356.033140323   -0.000000000
  116.615484932 -1356.530515014   -0.000000000
  117.672873973 -1358.637957314   -0.000000000
  118.730263014 -1361.582056748   -0.000000000
  119.787652055 -1365.025867500   -0.000000000
  120.845041096 -1369.325546398   -0.000000000
  121.902430137 -1374.421976099   -0.000000000
  122.959819178 -1380.308418513   -0.000000000
  124.017208219 -1386.452896108   -0.000000000
  125.074597260 -1392.674498565   -0.000000000
  126.131986301 -1398.712192682   -0.000000000
  127.189375342 -1403.885241264   -0.000000000
  128.246764384 -1406.520604851   -0.000000000
  129.304153425 -1405.812126930   -0.000000000
  130.361542466 -1402.660134417   -0.000000000
  131.418931507 -1399.526781152   -0.000000000
  132.476320548 -1399.438964102   -0.000000000
  133.533709589 -1403.564683410   -0.000000000
  134.591098630 -1410.513096747   -0.000000000
  135.648487671 -1417.367645632   -0.000000000
  136.705876712 -1422.074841844   -0.000000000
  137.763265753 -1425.123596513   -0.000000000
  138.820654795 -1428.351071211   -0.000000000
  139.878043836 -1433.108732137   -0.000000000
  140.935432877 -1439.350896884   -0.000000000
  141.992821918 -1445.986124934   -0.000000000
  143.050210959 -1452.097839917   -0.000000000
  144.107600000 -1458.726265196   -0.000000000
  145.164989041 -1466.211534908   -0.000000000
  146.222378082 -1474.843257357   -0.000000000
  147.279767123 -1483.278304730   -0.000000000
  148.337156164 -1490.518358217   -0.000000000
  149.394545205 -1497.049830874   -0.000000000
  150.451934247 -1504.115148079   -0.000000000
  151.509323288 -1512.561146321   -0.000000000
  152.566712329 -1521.773017759   -0.000000000
  153.624101370 -1530.361801965   -0.000000000
  154.681490411 -1537.645555643   -0.000000000
  155.738879452 -1544.757146295   -0.000000000
  156.796268493 -1553.166701546   -0.000000000
  157.853657534 -1563.401712360   -0.000000000
  158.911046575 -1574.231772909   -0.000000000
  159.968435616 -1583.551377594   -0.000000000
  161.025824658 -1590.628721331   -0.000000000
  162.083213699 -1597.051973943   -0.000000000
  163.140602740 -1605.158270595   -0.000000000
  164.197991781 -1616.954279487   -0.000000000
  165.255380822 -1632.448477305   -0.000000000
  166.312769863 -1649.427740785   -0.000000000
  167.370158904 -1666.306191469   -0.000000000
  168.427547945 -1681.982467783   -0.000000000
  169.484936986 -1696.524849013   -0.000000000
  170.542326027 -1710.555047267   -0.000000000
  171.599715068 -1724.108411901   -0.000000000
  172.657104110 -1736.976771489   -0.000000000
  173.714493151 -1749.483639993   -0.000000000
  174.771882192 -1762.591272559   -0.000000000
  175.829271233 -1776.919171257   -0.000000000
  176.886660274 -1792.379272754   -0.000000000
  177.944049315 -1808.436493121   -0.000000000
  179.001438356 -1825.102725151   -0.000000000
  180.058827397 -1842.993517758   -0.000000000
  181.116216438 -1862.675277142   -0.000000000
  182.173605479 -1883.198255004   -0.000000000
  183.230994521 -1902.750704803   -0.000000000
  184.288383562 -1919.996088058   -0.000000000
  185.345772603 -1935.544852126   -0.000000000
  186.403161644 -1950.797505208   -0.000000000
  187.460550685 -1966.107857795   -0.000000000
  188.517939726 -1981.618255876   -0.000000000
  189.575328767 -1996.620639857   -0.000000000
  190.632717808 -2011.021918675   -0.000000000
  191.690106849 -2025.956140206   -0.000000000
  192.747495890 -2043.144436238   -0.000000000
  193.804884932 -2063.588397075   -0.000000000
  194.862273973 -2086.284903216   -0.000000000
  195.919663014 -2108.799293323   -0.000000000
  196.977052055 -2130.235066819   -0.000000000
  198.034441096 -2152.519368005   -0.000000000
  199.091830137 -2178.270902366   -0.000000000
  200.149219178 -2208.604601799   -0.000000000
  201.206608219 -2237.688197890   -0.000000000
  202.263997260 -2260.948218522   -0.000000000
  203.321386301 -2283.140883757   -0.000000000
  204.378775342 -2320.544001780   -0.000000000
  205.436164384 -2389.248582975   -0.000000000
  206.493553425 -2481.938144738   -0.000000000
  207.550942466 -2552.957173734   -0.000000000
  208.608331507 -2530.037673983   -0.000000000
  209.665720548 -2353.015826325   -0.000000000
  210.723109589 -2012.732282158   -0.000000000
  211.780498630 -1561.867504345   -0.000000000
  212.837887671 -1089.981294634   -0.000000000
  213.895276712 -680.129699104   -0.000000000
  214.952665753 -377.839732774   -0.000000000
  216.010054795 -185.734199338   -0.000000000
  217.067443836  -79.748520336   -0.000000000
  218.124832877  -28.845687003   -0.000000000
  219.182221918   -7.776311394   -0.000000000
  220.239610959   -0.844485430   -0.000000000
  221.297000000   -0.000000000   -0.000000000
