#! FIELDS es.morethan file.free der_es.morethan
#! SET min_es.morethan -10.2712
#! SET max_es.morethan 221.297
#! SET nbins_es.morethan  220
#! SET periodic_es.morethan false
  -10.271200000   -0.000000000   -0.000000000
   -9.213810959   -0.373325537   -0.000000000
   -8.156421918   -4.087718899   -0.000000000
   -7.099032877  -15.688567015   -0.000000000
   -6.041643836  -44.076533781   -0.000000000
   -4.984254795 -104.028061855   -0.000000000
   -3.926865753 -214.224581513   -0.000000000
   -2.869476712 -390.796161210   -0.000000000
   -1.812087671 -635.550005391   -0.000000000
   -0.754698630 -926.102252209   -0.000000000
    0.302690411 -1217.974796437   -0.000000000
    1.360079452 -1460.804680287   -0.000000000
    2.417468493 -1620.959304342   -0.000000000
    3.474857534 -1697.208424806   -0.000000000
    4.532246575 -1716.624016781   -0.000000000
    5.589635616 -1714.623559803   -0.000000000
    6.647024658 -1715.184114236   -0.000000000
    7.704413699 -1723.862382767   -0.000000000
    8.761802740 -1733.399882528   -0.000000000
    9.819191781 -1735.205929788   -0.000000000
   10.876580822 -1726.631826368   -0.000000000
   11.933969863 -1711.218666535   -0.000000000
   12.991358904 -1695.557622929   -0.000000000
   14.048747945 -1683.160460282   -0.000000000
   15.106136986 -1674.071758512   -0.000000000
   16.163526027 -1665.388117405   -0.000000000
   17.220915068 -1653.944676849   -0.000000000
   18.278304110 -1638.371403249   -0.000000000
   19.335693151 -1619.283587357   -0.000000000
   20.393082192 -1598.797208308   -0.000000000
   21.450471233 -1579.339169288   -0.000000000
   22.507860274 -1562.106267174   -0.000000000
   23.565249315 -1546.529540669   -0.000000000
   24.622638356 -1531.116565642   -0.000000000
   25.680027397 -1513.488825953   -0.000000000
   26.737416438 -1491.955832531   -0.000000000
   27.794805479 -1466.506795712   -0.000000000
   28.852194521 -1439.284302013   -0.000000000
   29.909583562 -1413.024302563   -0.000000000
   30.966972603 -1390.212489494   -0.000000000
   32.024361644 -1371.306221457   -0.000000000
   33.081750685 -1353.356879257   -0.000000000
   34.139139726 -1333.386845874   -0.000000000
   35.196528767 -1310.062852560   -0.000000000
   36.253917808 -1284.815599047   -0.000000000
   37.311306849 -1260.837721393   -0.000000000
   38.368695890 -1240.136428636   -0.000000000
   39.426084932 -1222.355955570   -0.000000000
   40.483473973 -1205.587438511   -0.000000000
   41.540863014 -1187.907800080   -0.000000000
   42.598252055 -1168.953280948   -0.000000000
   43.655641096 -1150.446779948   -0.000000000
   44.713030137 -1134.410271549   -0.000000000
   45.770419178 -1120.739161839   -0.000000000
   46.827808219 -1108.358737084   -0.000000000
   47.885197260 -1096.081916881   -0.000000000
   48.942586301 -1083.039597700   -0.000000000
   49.999975342 -1069.369328588   -0.000000000
   51.057364384 -1055.615656888   -0.000000000
   52.114753425 -1042.166776023   -0.000000000
   53.172142466 -1029.104542764   -0.000000000
   54.229531507 -1016.084440609   -0.000000000
   55.286920548 -1003.848386977   -0.000000000
   56.344309589 -993.872442417   -0.000000000
   57.401698630 -987.408220629   -0.000000000
   58.459087671 -984.414348077   -0.000000000
   59.516476712 -982.809865109   -0.000000000
   60.573865753 -980.047273232   -0.000000000
   61.631254795 -973.733934081   -0.000000000
   62.688643836 -962.651045837   -0.000000000
   63.746032877 -946.976849779   -0.000000000
   64.803421918 -928.920465716   -0.000000000
   65.860810959 -910.664621856   -0.000000000
   66.918200000 -894.274317914   -0.000000000
   67.975589041 -881.127093485   -0.000000000
   69.032978082 -870.855369108   -0.000000000
   70.090367123 -862.574976636   -0.000000000
   71.147756164 -856.397995926   -0.000000000
   72.205145205 -852.291547524   -0.000000000
   73.262534247 -849.814557963   -0.000000000
   74.319923288 -847.791244543   -0.000000000
   75.377312329 -844.256940458   -0.000000000
   76.434701370 -837.350581491   -0.000000000
   77.492090411 -826.707917189   -0.000000000
   78.549479452 -813.297806347   -0.000000000
   79.606868493 -799.844915184   -0.000000000
   80.664257534 -788.936382744   -0.000000000
   81.721646575 -781.647914366   -0.000000000
   82.779035616 -777.195446593   -0.000000000
   83.836424658 -773.166572804   -0.000000000
   84.893813699 -766.350997280   -0.000000000
   85.951202740 -755.079396542   -0.000000000
   87.008591781 -740.432144849   -0.000000000
   88.065980822 -725.748337323   -0.000000000
   89.123369863 -714.609734618   -0.000000000
   90.180758904 -709.535592986   -0.000000000
   91.238147945 -710.319430992   -0.000000000
   92.295536986 -714.337112837   -0.000000000
   93.352926027 -717.532072915   -0.000000000
   94.410315068 -717.512983193   -0.000000000
   95.467704110 -715.181636574   -0.000000000
   96.525093151 -713.992869014   -0.000000000
   97.582482192 -716.775243679   -0.000000000
   98.639871233 -723.007927896   -0.000000000
   99.697260274 -729.165159395   -0.000000000
  100.754649315 -731.977030479   -0.000000000
  101.812038356 -730.733253632   -0.000000000
  102.869427397 -727.178330195   -0.000000000
  103.926816438 -723.044775784   -0.000000000
  104.984205479 -718.788282203   -0.000000000
  106.041594521 -714.064568933   -0.000000000
  107.098983562 -709.212967172   -0.000000000
  108.156372603 -706.516932747   -0.000000000
  109.213761644 -708.860304622   -0.000000000
  110.271150685 -716.822640147   -0.000000000
  111.328539726 -728.463965187   -0.000000000
  112.385928767 -739.966218882   -0.000000000
  113.443317808 -748.607568707   -0.000000000
  114.500706849 -753.896327546   -0.000000000
  115.558095890 -756.783351038   -0.000000000
  116.615484932 -757.910301111   -0.000000000
  117.672873973 -757.780903644   -0.000000000
  118.730263014 -756.994272756   -0.000000000
  119.787652055 -756.307064967   -0.000000000
  120.845041096 -756.492461890   -0.000000000
  121.902430137 -756.860286086   -0.000000000
  122.959819178 -755.796748715   -0.000000000
  124.017208219 -751.480184190   -0.000000000
  125.074597260 -743.915499924   -0.000000000
  126.131986301 -735.276413069   -0.000000000
  127.189375342 -728.709465867   -0.000000000
  128.246764384 -726.367870462   -0.000000000
  129.304153425 -729.306953823   -0.000000000
  130.361542466 -737.008972400   -0.000000000
  131.418931507 -747.888278034   -0.000000000
  132.476320548 -760.503013635   -0.000000000
  133.533709589 -773.517470236   -0.000000000
  134.591098630 -785.742719960   -0.000000000
  135.648487671 -796.282066615   -0.000000000
  136.705876712 -804.040424493   -0.000000000
  137.763265753 -808.492684657   -0.000000000
  138.820654795 -809.366865304   -0.000000000
  139.878043836 -807.742618766   -0.000000000
  140.935432877 -805.855937789   -0.000000000
  141.992821918 -806.680333514   -0.000000000
  143.050210959 -812.191309921   -0.000000000
  144.107600000 -823.014413205   -0.000000000
  145.164989041 -836.846734928   -0.000000000
  146.222378082 -851.255009130   -0.000000000
  147.279767123 -864.314652822   -0.000000000
  148.337156164 -875.976507513   -0.000000000
  149.394545205 -887.685659631   -0.000000000
  150.451934247 -900.073908409   -0.000000000
  151.509323288 -911.935187596   -0.000000000
  152.566712329 -920.957831314   -0.000000000
  153.624101370 -925.859085234   -0.000000000
  154.681490411 -928.562044768   -0.000000000
  155.738879452 -933.710855962   -0.000000000
  156.796268493 -945.729116124   -0.000000000
  157.853657534 -965.944839940   -0.000000000
  158.911046575 -991.465514733   -0.000000000
  159.968435616 -1016.809828389   -0.000000000
  161.025824658 -1037.504594328   -0.000000000
  162.083213699 -1051.889578320   -0.000000000
  163.140602740 -1060.641115450   -0.000000000
  164.197991781 -1065.975350792   -0.000000000
  165.255380822 -1069.840055205   -0.000000000
  166.312769863 -1073.533565046   -0.000000000
  167.370158904 -1078.999464783   -0.000000000
  168.427547945 -1087.675073667   -0.000000000
  169.484936986 -1100.337187138   -0.000000000
  170.542326027 -1116.510797157   -0.000000000
  171.599715068 -1133.985292810   -0.000000000
  172.657104110 -1150.461805117   -0.000000000
  173.714493151 -1165.224321827   -0.000000000
  174.771882192 -1179.266918462   -0.000000000
  175.829271233 -1194.054473501   -0.000000000
  176.886660274 -1210.044965970   -0.000000000
  177.944049315 -1226.804338985   -0.000000000
  179.001438356 -1244.093880460   -0.000000000
  180.058827397 -1262.024973381   -0.000000000
  181.116216438 -1280.877958170   -0.000000000
  182.173605479 -1299.654267441   -0.000000000
  183.230994521 -1317.055099295   -0.000000000
  184.288383562 -1332.709376442   -0.000000000
  185.345772603 -1348.591970229   -0.000000000
  186.403161644 -1367.263485485   -0.000000000
  187.460550685 -1389.613878924   -0.000000000
  188.517939726 -1415.199219033   -0.000000000
  189.575328767 -1441.991773344   -0.000000000
  190.632717808 -1468.289425820   -0.000000000
  191.690106849 -1493.480431795   -0.000000000
  192.747495890 -1517.746487154   -0.000000000
  193.804884932 -1541.008097563   -0.000000000
  194.862273973 -1562.323164744   -0.000000000
  195.919663014 -1581.263545523   -0.000000000
  196.977052055 -1599.421864352   -0.000000000
  198.034441096 -1620.167386623   -0.000000000
  199.091830137 -1646.000697695   -0.000000000
  200.149219178 -1676.318823400   -0.000000000
  201.206608219 -1705.389632595   -0.000000000
  202.263997260 -1731.198129573   -0.000000000
  203.321386301 -1760.621702418   -0.000000000
  204.378775342 -1807.947537612   -0.000000000
  205.436164384 -1881.943205776   -0.000000000
  206.493553425 -1967.577753933   -0.000000000
  207.550942466 -2019.510647907   -0.000000000
  208.608331507 -1978.682085584   -0.000000000
  209.665720548 -1806.002736237   -0.000000000
  210.723109589 -1508.573315324   -0.000000000
  211.780498630 -1139.641999450   -0.000000000
  212.837887671 -772.841533588   -0.000000000
  213.895276712 -468.068171237   -0.000000000
  214.952665753 -252.122347956   -0.000000000
  216.010054795 -119.851558380   -0.000000000
  217.067443836  -49.477944704   -0.000000000
  218.124832877  -16.897585478   -0.000000000
  219.182221918   -4.014669290   -0.000000000
  220.239610959   -0.242997983   -0.000000000
  221.297000000   -0.000000000   -0.000000000
