#! FIELDS es.morethan file.free der_es.morethan
#! SET min_es.morethan -10.2712
#! SET max_es.morethan 221.297
#! SET nbins_es.morethan  220
#! SET periodic_es.morethan false
  -10.271200000   -0.000000000   -0.000000000
   -9.213810959   -2.205665268   -0.000000000
   -8.156421918  -14.508280287   -0.000000000
   -7.099032877  -48.035921463   -0.000000000
   -6.041643836 -125.031038181   -0.000000000
   -4.984254795 -278.540359627   -0.000000000
   -3.926865753 -544.547455305   -0.000000000
   -2.869476712 -943.118801953   -0.000000000
   -1.812087671 -1454.511041520   -0.000000000
   -0.754698630 -2007.398978211   -0.000000000
    0.302690411 -2498.325147020   -0.000000000
    1.360079452 -2837.336570415   -0.000000000
    2.417468493 -2992.864992564   -0.000000000
    3.474857534 -3004.135468143   -0.000000000
    4.532246575 -2950.373846666   -0.000000000
    5.589635616 -2900.854052155   -0.000000000
    6.647024658 -2883.920965297   -0.000000000
    7.704413699 -2890.754440249   -0.000000000
    8.761802740 -2899.500032864   -0.000000000
    9.819191781 -2897.269027104   -0.000000000
   10.876580822 -2884.794457662   -0.000000000
   11.933969863 -2869.379289280   -0.000000000
   12.991358904 -2855.391719212   -0.000000000
   14.048747945 -2841.217940981   -0.000000000
   15.106136986 -2825.532991871   -0.000000000
   16.163526027 -2807.767211270   -0.000000000
   17.220915068 -2789.074907901   -0.000000000
   18.278304110 -2770.627438039   -0.000000000
   19.335693151 -2752.276966751   -0.000000000
   20.393082192 -2732.971745913   -0.000000000
   21.450471233 -2712.433502733   -0.000000000
   22.507860274 -2690.901182513   -0.000000000
   23.565249315 -2668.928663343   -0.000000000
   24.622638356 -2647.446424153   -0.000000000
   25.680027397 -2626.668978735   -0.000000000
   26.737416438 -2606.612994351   -0.000000000
   27.794805479 -2587.318899847   -0.000000000
   28.852194521 -2568.457182794   -0.000000000
   29.909583562 -2548.861312414   -0.000000000
   30.966972603 -2528.239238023   -0.000000000
   32.024361644 -2507.068649400   -0.000000000
   33.081750685 -2485.782836573   -0.000000000
   34.139139726 -2465.880929763   -0.000000000
   35.196528767 -2448.272729000   -0.000000000
   36.253917808 -2432.480719050   -0.000000000
   37.311306849 -2417.473503406   -0.000000000
   38.368695890 -2402.430896548   -0.000000000
   39.426084932 -2387.379070299   -0.000000000
   40.483473973 -2373.065516555   -0.000000000
   41.540863014 -2359.761761906   -0.000000000
   42.598252055 -2347.016144666   -0.000000000
   43.655641096 -2334.191681878   -0.000000000
   44.713030137 -2320.917917786   -0.000000000
   45.770419178 -2306.523164960   -0.000000000
   46.827808219 -2291.183950794   -0.000000000
   47.885197260 -2275.924173399   -0.000000000
   48.942586301 -2261.547276133   -0.000000000
   49.999975342 -2248.728701652   -0.000000000
   51.057364384 -2237.753059149   -0.000000000
   52.114753425 -2227.995218307   -0.000000000
   53.172142466 -2218.105327488   -0.000000000
   54.229531507 -2206.876962062   -0.000000000
   55.286920548 -2194.591180578   -0.000000000
   56.344309589 -2182.756916549   -0.000000000
   57.401698630 -2172.290392939   -0.000000000
   58.459087671 -2163.416706235   -0.000000000
   59.516476712 -2155.083474518   -0.000000000
   60.573865753 -2146.675600400   -0.000000000
   61.631254795 -2137.921520051   -0.000000000
   62.688643836 -2128.742031841   -0.000000000
   63.746032877 -2119.154837315   -0.000000000
   64.803421918 -2109.402712614   -0.000000000
   65.860810959 -2099.258082264   -0.000000000
   66.918200000 -2089.333953729   -0.000000000
   67.975589041 -2080.286921396   -0.000000000
   69.032978082 -2072.020784072   -0.000000000
   70.090367123 -2063.974425203   -0.000000000
   71.147756164 -2056.594990064   -0.000000000
   72.205145205 -2049.738276119   -0.000000000
   73.262534247 -2043.052451526   -0.000000000
   74.319923288 -2036.295636274   -0.000000000
   75.377312329 -2029.394016754   -0.000000000
   76.434701370 -2022.718734802   -0.000000000
   77.492090411 -2017.151989538   -0.000000000
   78.549479452 -2012.415369700   -0.000000000
   79.606868493 -2008.383776436   -0.000000000
   80.664257534 -2004.557235657   -0.000000000
   81.721646575 -2000.419806907   -0.000000000
   82.779035616 -1996.299278308   -0.000000000
   83.836424658 -1992.854157233   -0.000000000
   84.893813699 -1990.230195994   -0.000000000
   85.951202740 -1987.993376997   -0.000000000
   87.008591781 -1985.991103742   -0.000000000
   88.065980822 -1983.588652442   -0.000000000
   89.123369863 -1980.134607527   -0.000000000
   90.180758904 -1976.176554617   -0.000000000
   91.238147945 -1972.739736174   -0.000000000
   92.295536986 -1970.986153450   -0.000000000
   93.352926027 -1970.085720554   -0.000000000
   94.410315068 -1968.386067114   -0.000000000
   95.467704110 -1964.575806969   -0.000000000
   96.525093151 -1959.366273452   -0.000000000
   97.582482192 -1954.896048787   -0.000000000
   98.639871233 -1952.568515095   -0.000000000
   99.697260274 -1952.185281980   -0.000000000
  100.754649315 -1952.559353974   -0.000000000
  101.812038356 -1952.767609892   -0.000000000
  102.869427397 -1952.774803336   -0.000000000
  103.926816438 -1952.927538897   -0.000000000
  104.984205479 -1952.932494659   -0.000000000
  106.041594521 -1952.146991941   -0.000000000
  107.098983562 -1950.125869349   -0.000000000
  108.156372603 -1947.373347891   -0.000000000
  109.213761644 -1945.374046065   -0.000000000
  110.271150685 -1945.304001842   -0.000000000
  111.328539726 -1947.179907326   -0.000000000
  112.385928767 -1949.771151323   -0.000000000
  113.443317808 -1952.302046073   -0.000000000
  114.500706849 -1954.614325204   -0.000000000
  115.558095890 -1957.282541292   -0.000000000
  116.615484932 -1960.135609569   -0.000000000
  117.672873973 -1962.746500524   -0.000000000
  118.730263014 -1964.379576178   -0.000000000
  119.787652055 -1964.941763834   -0.000000000
  120.845041096 -1965.413869606   -0.000000000
  121.902430137 -1966.460522523   -0.000000000
  122.959819178 -1968.762324723   -0.000000000
  124.017208219 -1972.245115481   -0.000000000
  125.074597260 -1976.973837218   -0.000000000
  126.131986301 -1982.909696891   -0.000000000
  127.189375342 -1989.797294168   -0.000000000
  128.246764384 -1996.292855313   -0.000000000
  129.304153425 -2001.751433742   -0.000000000
  130.361542466 -2006.222744561   -0.000000000
  131.418931507 -2010.375254391   -0.000000000
  132.476320548 -2015.137270851   -0.000000000
  133.533709589 -2020.571020955   -0.000000000
  134.591098630 -2025.997526041   -0.000000000
  135.648487671 -2030.537972311   -0.000000000
  136.705876712 -2034.416584037   -0.000000000
  137.763265753 -2039.126655988   -0.000000000
  138.820654795 -2045.692910320   -0.000000000
  139.878043836 -2053.979279731   -0.000000000
  140.935432877 -2062.798170844   -0.000000000
  141.992821918 -2070.989330557   -0.000000000
  143.050210959 -2078.215826814   -0.000000000
  144.107600000 -2085.992756084   -0.000000000
  145.164989041 -2094.703585341   -0.000000000
  146.222378082 -2104.427766011   -0.000000000
  147.279767123 -2113.635616475   -0.000000000
  148.337156164 -2121.164309281   -0.000000000
  149.394545205 -2127.415879722   -0.000000000
  150.451934247 -2133.831847397   -0.000000000
  151.509323288 -2141.575241982   -0.000000000
  152.566712329 -2150.499479662   -0.000000000
  153.624101370 -2159.240015292   -0.000000000
  154.681490411 -2166.611425205   -0.000000000
  155.738879452 -2173.265270887   -0.000000000
  156.796268493 -2180.722455016   -0.000000000
  157.853657534 -2190.762780611   -0.000000000
  158.911046575 -2203.830372770   -0.000000000
  159.968435616 -2218.850536285   -0.000000000
  161.025824658 -2234.404907352   -0.000000000
  162.083213699 -2249.595826150   -0.000000000
  163.140602740 -2263.636067299   -0.000000000
  164.197991781 -2276.537515771   -0.000000000
  165.255380822 -2288.524649537   -0.000000000
  166.312769863 -2299.365164941   -0.000000000
  167.370158904 -2310.044095476   -0.000000000
  168.427547945 -2321.286984402   -0.000000000
  169.484936986 -2333.628741178   -0.000000000
  170.542326027 -2347.232819563   -0.000000000
  171.599715068 -2361.578121971   -0.000000000
  172.657104110 -2375.984947534   -0.000000000
  173.714493151 -2390.550013085   -0.000000000
  174.771882192 -2405.824927764   -0.000000000
  175.829271233 -2421.921560366   -0.000000000
  176.886660274 -2438.204820455   -0.000000000
  177.944049315 -2453.454489644   -0.000000000
  179.001438356 -2467.341928137   -0.000000000
  180.058827397 -2480.606888141   -0.000000000
  181.116216438 -2494.909588214   -0.000000000
  182.173605479 -2510.981420310   -0.000000000
  183.230994521 -2528.297977254   -0.000000000
  184.288383562 -2545.634752094   -0.000000000
  185.345772603 -2562.795902383   -0.000000000
  186.403161644 -2580.235805263   -0.000000000
  187.460550685 -2597.931026390   -0.000000000
  188.517939726 -2616.421621853   -0.000000000
  189.575328767 -2635.212935294   -0.000000000
  190.632717808 -2653.589303986   -0.000000000
  191.690106849 -2671.522910837   -0.000000000
  192.747495890 -2689.883248038   -0.000000000
  193.804884932 -2709.814914822   -0.000000000
  194.862273973 -2731.240017697   -0.000000000
  195.919663014 -2752.284607494   -0.000000000
  196.977052055 -2772.152861905   -0.000000000
  198.034441096 -2793.067767229   -0.000000000
  199.091830137 -2818.592260206   -0.000000000
  200.149219178 -2851.384294345   -0.000000000
  201.206608219 -2884.893359154   -0.000000000
  202.263997260 -2909.813981253   -0.000000000
  203.321386301 -2925.365372806   -0.000000000
  204.378775342 -2946.080900039   -0.000000000
  205.436164384 -2993.474361640   -0.000000000
  206.493553425 -3069.660231042   -0.000000000
  207.550942466 -3133.731225071   -0.000000000
  208.608331507 -3106.346817793   -0.000000000
  209.665720548 -2910.444367034   -0.000000000
  210.723109589 -2520.957662077   -0.000000000
  211.780498630 -1987.298304347   -0.000000000
  212.837887671 -1411.424209910   -0.000000000
  213.895276712 -897.161411095   -0.000000000
  214.952665753 -508.043404194   -0.000000000
  216.010054795 -254.876429576   -0.000000000
  217.067443836 -112.011997508   -0.000000000
  218.124832877  -41.835959180   -0.000000000
  219.182221918  -12.016609387   -0.000000000
  220.239610959   -1.632887560   -0.000000000
  221.297000000   -0.000000000   -0.000000000
