#! FIELDS es.morethan file.free der_es.morethan
#! SET min_es.morethan -10.2712
#! SET max_es.morethan 221.297
#! SET nbins_es.morethan  220
#! SET periodic_es.morethan false
  -10.271200000   -0.000000000   -0.000000000
   -9.213810959   -0.941602457   -0.000000000
   -8.156421918   -7.885123280   -0.000000000
   -7.099032877  -27.890909285   -0.000000000
   -6.041643836  -75.209732522   -0.000000000
   -4.984254795 -172.218262692   -0.000000000
   -3.926865753 -345.281363583   -0.000000000
   -2.869476712 -613.307293440   -0.000000000
   -1.812087671 -970.871196726   -0.000000000
   -0.754698630 -1376.585323721   -0.000000000
    0.302690411 -1761.675199277   -0.000000000
    1.360079452 -2058.162508378   -0.000000000
    2.417468493 -2231.436832677   -0.000000000
    3.474857534 -2295.551158129   -0.000000000
    4.532246575 -2298.435771349   -0.000000000
    5.589635616 -2288.795637822   -0.000000000
    6.647024658 -2291.129311159   -0.000000000
    7.704413699 -2303.617381006   -0.000000000
    8.761802740 -2312.577697023   -0.000000000
    9.819191781 -2309.217174770   -0.000000000
   10.876580822 -2295.073430260   -0.000000000
   11.933969863 -2277.403630806   -0.000000000
   12.991358904 -2262.357942603   -0.000000000
   14.048747945 -2249.694616366   -0.000000000
   15.106136986 -2237.299927184   -0.000000000
   16.163526027 -2222.931455106   -0.000000000
   17.220915068 -2206.290789598   -0.000000000
   18.278304110 -2188.390686829   -0.000000000
   19.335693151 -2169.813219875   -0.000000000
   20.393082192 -2150.321143592   -0.000000000
   21.450471233 -2129.781553740   -0.000000000
   22.507860274 -2108.083939582   -0.000000000
   23.565249315 -2085.224490589   -0.000000000
   24.622638356 -2061.691524389   -0.000000000
   25.680027397 -2037.337689415   -0.000000000
   26.737416438 -2011.996108047   -0.000000000
   27.794805479 -1985.877406138   -0.000000000
   28.852194521 -1959.530771058   -0.000000000
   29.909583562 -1933.195894811   -0.000000000
   30.966972603 -1907.724205367   -0.000000000
   32.024361644 -1883.857010515   -0.000000000
   33.081750685 -1861.193934332   -0.000000000
   34.139139726 -1839.735064194   -0.000000000
   35.196528767 -1819.266552196   -0.000000000
   36.253917808 -1799.399782223   -0.000000000
   37.311306849 -1780.064709165   -0.000000000
   38.368695890 -1761.231121805   -0.000000000
   39.426084932 -1742.873588313   -0.000000000
   40.483473973 -1725.091435766   -0.000000000
   41.540863014 -1707.817559300   -0.000000000
   42.598252055 -1690.935238730   -0.000000000
   43.655641096 -1674.907255023   -0.000000000
   44.713030137 -1660.151307325   -0.000000000
   45.770419178 -1646.025775404   -0.000000000
   46.827808219 -1632.010386658   -0.000000000
   47.885197260 -1618.192865027   -0.000000000
   48.942586301 -1604.839397846   -0.000000000
   49.999975342 -1592.266320239   -0.000000000
   51.057364384 -1580.443602021   -0.000000000
   52.114753425 -1568.394399276   -0.000000000
   53.172142466 -1554.817069612   -0.000000000
   54.229531507 -1538.990552014   -0.000000000
   55.286920548 -1521.993654233   -0.000000000
   56.344309589 -1506.078702948   -0.000000000
   57.401698630 -1492.798733932   -0.000000000
   58.459087671 -1482.740400349   -0.000000000
   59.516476712 -1475.298904562   -0.000000000
   60.573865753 -1470.234657889   -0.000000000
   61.631254795 -1467.320318938   -0.000000000
   62.688643836 -1465.458743439   -0.000000000
   63.746032877 -1462.558519300   -0.000000000
   64.803421918 -1456.666211830   -0.000000000
   65.860810959 -1446.374080039   -0.000000000
   66.918200000 -1432.803440716   -0.000000000
   67.975589041 -1418.881787093   -0.000000000
   69.032978082 -1407.116459940   -0.000000000
   70.090367123 -1398.632551906   -0.000000000
   71.147756164 -1393.447384680   -0.000000000
   72.205145205 -1389.910318676   -0.000000000
   73.262534247 -1385.966943568   -0.000000000
   74.319923288 -1380.427123424   -0.000000000
   75.377312329 -1373.193460028   -0.000000000
   76.434701370 -1365.028610269   -0.000000000
   77.492090411 -1357.210315812   -0.000000000
   78.549479452 -1349.944807806   -0.000000000
   79.606868493 -1343.649895650   -0.000000000
   80.664257534 -1338.386205830   -0.000000000
   81.721646575 -1333.768371275   -0.000000000
   82.779035616 -1329.858611577   -0.000000000
   83.836424658 -1326.628415138   -0.000000000
   84.893813699 -1323.840840850   -0.000000000
   85.951202740 -1321.557643725   -0.000000000
   87.008591781 -1320.420375767   -0.000000000
   88.065980822 -1320.521025151   -0.000000000
   89.123369863 -1321.103515258   -0.000000000
   90.180758904 -1321.330242681   -0.000000000
   91.238147945 -1320.301226949   -0.000000000
   92.295536986 -1318.192866772   -0.000000000
   93.352926027 -1314.988319297   -0.000000000
   94.410315068 -1311.005377487   -0.000000000
   95.467704110 -1306.785890711   -0.000000000
   96.525093151 -1303.682797880   -0.000000000
   97.582482192 -1302.797641195   -0.000000000
   98.639871233 -1303.678945080   -0.000000000
   99.697260274 -1304.405643243   -0.000000000
  100.754649315 -1302.892552026   -0.000000000
  101.812038356 -1298.279352045   -0.000000000
  102.869427397 -1291.106749207   -0.000000000
  103.926816438 -1282.509780256   -0.000000000
  104.984205479 -1273.389370903   -0.000000000
  106.041594521 -1264.586101723   -0.000000000
  107.098983562 -1257.064472883   -0.000000000
  108.156372603 -1251.971319251   -0.000000000
  109.213761644 -1250.502262410   -0.000000000
  110.271150685 -1252.318582735   -0.000000000
  111.328539726 -1255.560046330   -0.000000000
  112.385928767 -1257.597649589   -0.000000000
  113.443317808 -1257.258681112   -0.000000000
  114.500706849 -1255.012280650   -0.000000000
  115.558095890 -1252.681658024   -0.000000000
  116.615484932 -1251.433004657   -0.000000000
  117.672873973 -1251.952186790   -0.000000000
  118.730263014 -1253.787993882   -0.000000000
  119.787652055 -1256.035742006   -0.000000000
  120.845041096 -1257.990570613   -0.000000000
  121.902430137 -1258.758400311   -0.000000000
  122.959819178 -1258.308680210   -0.000000000
  124.017208219 -1257.108113695   -0.000000000
  125.074597260 -1256.440816779   -0.000000000
  126.131986301 -1257.363317337   -0.000000000
  127.189375342 -1259.805407047   -0.000000000
  128.246764384 -1262.164516942   -0.000000000
  129.304153425 -1263.314304559   -0.000000000
  130.361542466 -1263.665521874   -0.000000000
  131.418931507 -1265.078930199   -0.000000000
  132.476320548 -1269.858377236   -0.000000000
  133.533709589 -1278.424454103   -0.000000000
  134.591098630 -1288.733635924   -0.000000000
  135.648487671 -1297.722361708   -0.000000000
  136.705876712 -1303.770618978   -0.000000000
  137.763265753 -1308.275028776   -0.000000000
  138.820654795 -1313.967745978   -0.000000000
  139.878043836 -1322.896850061   -0.000000000
  140.935432877 -1334.973719428   -0.000000000
  141.992821918 -1348.209384711   -0.000000000
  143.050210959 -1360.174678470   -0.000000000
  144.107600000 -1370.364060826   -0.000000000
  145.164989041 -1378.474672194   -0.000000000
  146.222378082 -1385.467653478   -0.000000000
  147.279767123 -1391.537899407   -0.000000000
  148.337156164 -1397.113574035   -0.000000000
  149.394545205 -1403.098261521   -0.000000000
  150.451934247 -1409.899842556   -0.000000000
  151.509323288 -1417.222219315   -0.000000000
  152.566712329 -1424.050269981   -0.000000000
  153.624101370 -1429.800068465   -0.000000000
  154.681490411 -1435.342021261   -0.000000000
  155.738879452 -1443.102216638   -0.000000000
  156.796268493 -1454.636198909   -0.000000000
  157.853657534 -1469.284872955   -0.000000000
  158.911046575 -1483.948325414   -0.000000000
  159.968435616 -1494.864379537   -0.000000000
  161.025824658 -1500.783440304   -0.000000000
  162.083213699 -1504.051163231   -0.000000000
  163.140602740 -1508.609369476   -0.000000000
  164.197991781 -1518.000259586   -0.000000000
  165.255380822 -1532.924167069   -0.000000000
  166.312769863 -1550.839570342   -0.000000000
  167.370158904 -1569.143790391   -0.000000000
  168.427547945 -1585.728328441   -0.000000000
  169.484936986 -1600.214740530   -0.000000000
  170.542326027 -1613.513681936   -0.000000000
  171.599715068 -1626.467001008   -0.000000000
  172.657104110 -1639.712748547   -0.000000000
  173.714493151 -1653.999118998   -0.000000000
  174.771882192 -1669.996450296   -0.000000000
  175.829271233 -1687.428612049   -0.000000000
  176.886660274 -1705.108697313   -0.000000000
  177.944049315 -1721.676996513   -0.000000000
  179.001438356 -1737.078869141   -0.000000000
  180.058827397 -1752.447660112   -0.000000000
  181.116216438 -1769.095143007   -0.000000000
  182.173605479 -1786.714561201   -0.000000000
  183.230994521 -1803.970185787   -0.000000000
  184.288383562 -1819.874842553   -0.000000000
  185.345772603 -1835.404918804   -0.000000000
  186.403161644 -1852.283237445   -0.000000000
  187.460550685 -1870.869665716   -0.000000000
  188.517939726 -1890.891001612   -0.000000000
  189.575328767 -1910.889660174   -0.000000000
  190.632717808 -1930.024824651   -0.000000000
  191.690106849 -1948.792436390   -0.000000000
  192.747495890 -1968.419451072   -0.000000000
  193.804884932 -1989.475075159   -0.000000000
  194.862273973 -2010.830134255   -0.000000000
  195.919663014 -2030.553047950   -0.000000000
  196.977052055 -2048.942571616   -0.000000000
  198.034441096 -2069.520442054   -0.000000000
  199.091830137 -2096.320232963   -0.000000000
  200.149219178 -2131.145660343   -0.000000000
  201.206608219 -2167.954745030   -0.000000000
  202.263997260 -2201.254575766   -0.000000000
  203.321386301 -2234.652199884   -0.000000000
  204.378775342 -2283.320309642   -0.000000000
  205.436164384 -2362.409081575   -0.000000000
  206.493553425 -2463.920879599   -0.000000000
  207.550942466 -2541.799680771   -0.000000000
  208.608331507 -2523.730635921   -0.000000000
  209.665720548 -2349.793227415   -0.000000000
  210.723109589 -2011.257033538   -0.000000000
  211.780498630 -1561.276292699   -0.000000000
  212.837887671 -1089.778717810   -0.000000000
  213.895276712 -680.081046391   -0.000000000
  214.952665753 -377.833752186   -0.000000000
  216.010054795 -185.734199338   -0.000000000
  217.067443836  -79.748520336   -0.000000000
  218.124832877  -28.845687003   -0.000000000
  219.182221918   -7.776311394   -0.000000000
  220.239610959   -0.844485430   -0.000000000
  221.297000000   -0.000000000   -0.000000000
