#! FIELDS es hh dhh_es
#! SET normalisation  2000.000000
#! SET min_es -0.5
#! SET max_es 2
#! SET nbins_es  1000
#! SET periodic_es false
 -0.500000 0.000000 0.000000
 -0.497500 0.000000 0.000000
 -0.495000 0.000000 0.000000
 -0.492500 0.000000 0.000000
 -0.490000 0.000000 0.000000
 -0.487500 0.000000 0.000000
 -0.485000 0.000000 0.000000
 -0.482500 0.000000 0.000000
 -0.480000 0.000000 0.000000
 -0.477500 0.000000 0.000000
 -0.475000 0.000000 0.000000
 -0.472500 0.000000 0.000000
 -0.470000 0.000000 0.000000
 -0.467500 0.000000 0.000000
 -0.465000 0.000000 0.000000
 -0.462500 0.000000 0.000000
 -0.460000 0.000000 0.000000
 -0.457500 0.000000 0.000000
 -0.455000 0.000000 0.000000
 -0.452500 0.000000 0.000000
 -0.450000 0.000000 0.000000
 -0.447500 0.000000 0.000000
 -0.445000 0.000000 0.000000
 -0.442500 0.000000 0.000000
 -0.440000 0.000000 0.000000
 -0.437500 0.000000 0.000000
 -0.435000 0.000000 0.000000
 -0.432500 0.000000 0.000000
 -0.430000 0.000000 0.000000
 -0.427500 0.000000 0.000000
 -0.425000 0.000000 0.000000
 -0.422500 0.000000 0.000000
 -0.420000 0.000000 0.000000
 -0.417500 0.000000 0.000000
 -0.415000 0.000000 0.000000
 -0.412500 0.000000 0.000000
 -0.410000 0.000000 0.000000
 -0.407500 0.000000 0.000000
 -0.405000 0.000000 0.000000
 -0.402500 0.000000 0.000000
 -0.400000 0.000000 0.000000
 -0.397500 0.000000 0.000000
 -0.395000 0.000000 0.000000
 -0.392500 0.000000 0.000000
 -0.390000 0.000000 0.000000
 -0.387500 0.000000 0.000000
 -0.385000 0.000000 0.000000
 -0.382500 0.000000 0.000000
 -0.380000 0.000000 0.000000
 -0.377500 0.000000 0.000000
 -0.375000 0.000000 0.000000
 -0.372500 0.000000 0.000000
 -0.370000 0.000000 0.000000
 -0.367500 0.000000 0.000000
 -0.365000 0.000000 0.000000
 -0.362500 0.000000 0.000000
 -0.360000 0.000000 0.000000
 -0.357500 0.000000 0.000000
 -0.355000 0.000000 0.000000
 -0.352500 0.000000 0.000000
 -0.350000 0.000000 0.000000
 -0.347500 0.000000 0.000000
 -0.345000 0.000000 0.000000
 -0.342500 0.000000 0.000000
 -0.340000 0.000000 0.000000
 -0.337500 0.000000 0.000000
 -0.335000 0.000000 0.000000
 -0.332500 0.000000 0.000000
 -0.330000 0.000000 0.000000
 -0.327500 0.000000 0.000000
 -0.325000 0.000000 0.000000
 -0.322500 0.000000 0.000000
 -0.320000 0.000000 0.000000
 -0.317500 0.000000 0.000000
 -0.315000 0.000000 0.000000
 -0.312500 0.000000 0.000000
 -0.310000 0.000000 0.000000
 -0.307500 0.000000 0.000000
 -0.305000 0.000000 0.000000
 -0.302500 0.000000 0.000000
 -0.300000 0.000000 0.000000
 -0.297500 0.000000 0.000000
 -0.295000 0.000000 0.000000
 -0.292500 0.000000 0.000000
 -0.290000 0.000000 0.000000
 -0.287500 0.000000 0.000000
 -0.285000 0.000000 0.000000
 -0.282500 0.000000 0.000000
 -0.280000 0.000000 0.000000
 -0.277500 0.000000 0.000000
 -0.275000 0.000000 0.000000
 -0.272500 0.000000 0.000000
 -0.270000 0.000000 0.000000
 -0.267500 0.000000 0.000000
 -0.265000 0.000000 0.000000
 -0.262500 0.000000 0.000000
 -0.260000 0.000000 0.000000
 -0.257500 0.000000 0.000000
 -0.255000 0.000000 0.000000
 -0.252500 0.000000 0.000000
 -0.250000 0.000000 0.000000
 -0.247500 0.000000 0.000000
 -0.245000 0.000000 0.000000
 -0.242500 0.000000 0.000000
 -0.240000 0.000000 0.000000
 -0.237500 0.000000 0.000000
 -0.235000 0.000000 0.000000
 -0.232500 0.000000 0.000000
 -0.230000 0.000000 0.000000
 -0.227500 0.000000 0.000000
 -0.225000 0.000000 0.000000
 -0.222500 0.000000 0.000000
 -0.220000 0.000000 0.000000
 -0.217500 0.000000 0.000000
 -0.215000 0.000000 0.000000
 -0.212500 0.000000 0.000000
 -0.210000 0.000000 0.000000
 -0.207500 0.000000 0.000000
 -0.205000 0.000000 0.000000
 -0.202500 0.000000 0.000000
 -0.200000 0.000000 0.000000
 -0.197500 0.000000 0.000000
 -0.195000 0.000000 0.000000
 -0.192500 0.000000 0.000000
 -0.190000 0.000000 0.000000
 -0.187500 0.000000 0.000000
 -0.185000 0.000000 0.000000
 -0.182500 0.000000 0.000000
 -0.180000 0.000000 0.000000
 -0.177500 0.000000 0.000000
 -0.175000 0.000000 0.000000
 -0.172500 0.000000 0.000000
 -0.170000 0.000000 0.000000
 -0.167500 0.000000 0.000000
 -0.165000 0.000000 0.000000
 -0.162500 0.000000 0.000000
 -0.160000 0.000000 0.000000
 -0.157500 0.000000 0.000000
 -0.155000 0.000000 0.000000
 -0.152500 0.000000 0.000000
 -0.150000 0.000000 0.000000
 -0.147500 0.000000 0.000000
 -0.145000 0.000000 0.000000
 -0.142500 0.000000 0.000000
 -0.140000 0.000000 0.000000
 -0.137500 0.000000 0.000000
 -0.135000 0.000000 0.000000
 -0.132500 0.000000 0.000000
 -0.130000 0.000000 0.000000
 -0.127500 0.000000 0.000000
 -0.125000 0.000000 0.000000
 -0.122500 0.000000 0.000000
 -0.120000 0.000000 0.000000
 -0.117500 0.000000 0.000000
 -0.115000 0.000000 0.000000
 -0.112500 0.000000 0.000000
 -0.110000 0.000000 0.000000
 -0.107500 0.000000 0.000000
 -0.105000 0.000000 0.000000
 -0.102500 0.000000 0.000000
 -0.100000 0.000000 0.000000
 -0.097500 0.000000 0.000000
 -0.095000 0.000000 0.000000
 -0.092500 0.000000 0.000000
 -0.090000 0.000000 0.000000
 -0.087500 0.000000 0.000000
 -0.085000 0.000000 0.000000
 -0.082500 0.000000 0.000000
 -0.080000 0.000000 0.000000
 -0.077500 0.000000 0.000000
 -0.075000 0.000000 0.000000
 -0.072500 0.000000 0.000000
 -0.070000 0.000000 0.000000
 -0.067500 0.000000 0.000000
 -0.065000 0.000000 0.000000
 -0.062500 0.000000 0.000000
 -0.060000 0.000000 0.000000
 -0.057500 0.000000 0.000000
 -0.055000 0.000000 0.000000
 -0.052500 0.000000 0.000000
 -0.050000 0.000000 0.000000
 -0.047500 0.000000 0.000000
 -0.045000 0.000000 0.000000
 -0.042500 0.000000 0.000000
 -0.040000 0.000000 0.000000
 -0.037500 0.000000 0.000000
 -0.035000 0.000000 0.000000
 -0.032500 0.000000 0.000000
 -0.030000 0.000000 0.000000
 -0.027500 0.000000 0.000000
 -0.025000 0.000000 0.000000
 -0.022500 0.000000 0.000000
 -0.020000 0.000000 0.000000
 -0.017500 0.000000 0.000000
 -0.015000 0.000000 0.000000
 -0.012500 0.000000 0.000000
 -0.010000 0.000000 0.000000
 -0.007500 0.000000 0.000000
 -0.005000 0.000000 0.000000
 -0.002500 0.000000 0.000000
 0.000000 0.000000 0.000000
 0.002500 0.000000 0.000000
 0.005000 0.000000 0.000000
 0.007500 0.000000 0.000035
 0.010000 0.000000 0.000085
 0.012500 0.000001 0.000191
 0.015000 0.000001 0.000428
 0.017500 0.000003 0.000877
 0.020000 0.000006 0.001725
 0.022500 0.000012 0.003095
 0.025000 0.000023 0.005379
 0.027500 0.000040 0.008759
 0.030000 0.000069 0.013784
 0.032500 0.000112 0.020802
 0.035000 0.000176 0.030565
 0.037500 0.000269 0.043922
 0.040000 0.000401 0.062230
 0.042500 0.000587 0.087155
 0.045000 0.000846 0.120973
 0.047500 0.001204 0.166038
 0.050000 0.001692 0.225020
 0.052500 0.002348 0.300633
 0.055000 0.003216 0.394778
 0.057500 0.004345 0.509588
 0.060000 0.005791 0.647357
 0.062500 0.007613 0.810406
 0.065000 0.009879 1.002699
 0.067500 0.012666 1.228837
 0.070000 0.016071 1.496491
 0.072500 0.020206 1.813761
 0.075000 0.025206 2.188764
 0.077500 0.031225 2.628193
 0.080000 0.038425 3.133416
 0.082500 0.046969 3.701450
 0.085000 0.057007 4.324859
 0.087500 0.068660 4.991343
 0.090000 0.082028 5.691984
 0.092500 0.097183 6.419075
 0.095000 0.114187 7.171101
 0.097500 0.133111 7.953558
 0.100000 0.154041 8.775979
 0.102500 0.177089 9.649466
 0.105000 0.202398 10.583919
 0.107500 0.230130 11.587488
 0.110000 0.260467 12.665138
 0.112500 0.293590 13.815562
 0.115000 0.329676 15.032795
 0.117500 0.368874 16.302652
 0.120000 0.411299 17.604741
 0.122500 0.456988 18.908471
 0.125000 0.505905 20.178561
 0.127500 0.557917 21.379736
 0.130000 0.612815 22.481858
 0.132500 0.670322 23.462770
 0.135000 0.730122 24.313069
 0.137500 0.791882 25.032354
 0.140000 0.855287 25.629724
 0.142500 0.920050 26.123325
 0.145000 0.985944 26.537897
 0.147500 1.052810 26.907441
 0.150000 1.120572 27.260675
 0.152500 1.189228 27.625011
 0.155000 1.258828 28.018484
 0.157500 1.329447 28.439054
 0.160000 1.401141 28.877282
 0.162500 1.473929 29.312648
 0.165000 1.547774 29.712339
 0.167500 1.622529 30.044852
 0.170000 1.697998 30.281049
 0.172500 1.773924 30.410687
 0.175000 1.850039 30.441897
 0.177500 1.926141 30.406473
 0.180000 2.002100 30.337137
 0.182500 2.077872 30.263412
 0.185000 2.153457 30.191778
 0.187500 2.228844 30.105797
 0.190000 2.303951 29.960014
 0.192500 2.378572 29.710516
 0.195000 2.452387 29.313412
 0.197500 2.524993 28.749988
 0.200000 2.595970 28.014557
 0.202500 2.664914 27.130815
 0.205000 2.731494 26.133035
 0.207500 2.795478 25.069164
 0.210000 2.856779 23.994360
 0.212500 2.915411 22.954550
 0.215000 2.971518 21.988481
 0.217500 3.025335 21.128370
 0.220000 3.077141 20.379558
 0.222500 3.127217 19.742119
 0.225000 3.175804 19.192235
 0.227500 3.223083 18.692252
 0.230000 3.269109 18.191014
 0.232500 3.313823 17.642581
 0.235000 3.357064 17.005226
 0.237500 3.398591 16.276113
 0.240000 3.438190 15.479372
 0.242500 3.475755 14.667240
 0.245000 3.511336 13.902581
 0.247500 3.545120 13.242132
 0.250000 3.577398 12.699105
 0.252500 3.608445 12.248659
 0.255000 3.638407 11.834504
 0.257500 3.667293 11.379627
 0.260000 3.694937 10.832504
 0.262500 3.721060 10.165116
 0.265000 3.745363 9.386959
 0.267500 3.767595 8.509373
 0.270000 3.787512 7.547802
 0.272500 3.804927 6.499782
 0.275000 3.819599 5.359610
 0.277500 3.831286 4.115609
 0.280000 3.839731 2.774749
 0.282500 3.844716 1.360034
 0.285000 3.846130 -0.078739
 0.287500 3.843976 -1.469825
 0.290000 3.838471 -2.756223
 0.292500 3.829946 -3.879551
 0.295000 3.818837 -4.805057
 0.297500 3.805650 -5.549849
 0.300000 3.790783 -6.144385
 0.302500 3.774553 -6.655096
 0.305000 3.757088 -7.139764
 0.307500 3.738382 -7.653405
 0.310000 3.718330 -8.213663
 0.312500 3.696810 -8.829552
 0.315000 3.673688 -9.487167
 0.317500 3.648869 -10.183716
 0.320000 3.622272 -10.907018
 0.322500 3.593834 -11.649470
 0.325000 3.563531 -12.395233
 0.327500 3.531400 -13.105780
 0.330000 3.497586 -13.731493
 0.332500 3.462360 -14.227974
 0.335000 3.426086 -14.569035
 0.337500 3.389143 -14.763850
 0.340000 3.351858 -14.865914
 0.342500 3.314350 -14.949241
 0.345000 3.276565 -15.099929
 0.347500 3.238258 -15.373388
 0.350000 3.199094 -15.777299
 0.352500 3.158798 -16.276185
 0.355000 3.117209 -16.796173
 0.357500 3.074373 -17.266791
 0.360000 3.030479 -17.640171
 0.362500 2.985779 -17.908892
 0.365000 2.940508 -18.105355
 0.367500 2.894789 -18.274805
 0.370000 2.848650 -18.449463
 0.372500 2.802068 -18.631690
 0.375000 2.755038 -18.801109
 0.377500 2.707639 -18.923942
 0.380000 2.660023 -18.971226
 0.382500 2.612394 -18.932721
 0.385000 2.564965 -18.831071
 0.387500 2.517841 -18.684603
 0.390000 2.471088 -18.538385
 0.392500 2.424674 -18.419043
 0.395000 2.378513 -18.347499
 0.397500 2.332476 -18.317575
 0.400000 2.286483 -18.313495
 0.402500 2.240500 -18.305901
 0.405000 2.194576 -18.257093
 0.407500 2.148861 -18.132616
 0.410000 2.103591 -17.902740
 0.412500 2.059041 -17.559169
 0.415000 2.015492 -17.114590
 0.417500 1.973132 -16.616927
 0.420000 1.932019 -16.131116
 0.422500 1.892041 -15.723088
 0.425000 1.852938 -15.442947
 0.427500 1.814348 -15.312940
 0.430000 1.775905 -15.316610
 0.432500 1.737333 -15.412554
 0.435000 1.698479 -15.535830
 0.437500 1.659356 -15.619625
 0.440000 1.620127 -15.616437
 0.442500 1.581045 -15.497840
 0.445000 1.542408 -15.270319
 0.447500 1.504457 -14.956631
 0.450000 1.467359 -14.591424
 0.452500 1.431202 -14.220758
 0.455000 1.395951 -13.871774
 0.457500 1.361517 -13.572189
 0.460000 1.327757 -13.333988
 0.462500 1.294516 -13.157540
 0.465000 1.261660 -13.028696
 0.467500 1.229093 -12.921144
 0.470000 1.196801 -12.799187
 0.472500 1.164870 -12.632394
 0.475000 1.133445 -12.400253
 0.477500 1.102689 -12.096699
 0.480000 1.072767 -11.738155
 0.482500 1.043788 -11.353255
 0.485000 1.015779 -10.967732
 0.487500 0.988718 -10.597077
 0.490000 0.962566 -10.247060
 0.492500 0.937262 -9.908178
 0.495000 0.912795 -9.586144
 0.497500 0.889116 -9.282943
 0.500000 0.866163 -9.010921
 0.502500 0.843829 -8.790136
 0.505000 0.821967 -8.638289
 0.507500 0.800391 -8.559979
 0.510000 0.778933 -8.544459
 0.512500 0.757468 -8.562660
 0.515000 0.735955 -8.579568
 0.517500 0.714444 -8.557248
 0.520000 0.693068 -8.470810
 0.522500 0.672001 -8.307429
 0.525000 0.651434 -8.076817
 0.527500 0.631510 -7.797426
 0.530000 0.612321 -7.497669
 0.532500 0.593880 -7.200236
 0.535000 0.576158 -6.927232
 0.537500 0.559081 -6.689941
 0.540000 0.542552 -6.492177
 0.542500 0.526465 -6.331254
 0.545000 0.510737 -6.208957
 0.547500 0.495274 -6.118392
 0.550000 0.480003 -6.052874
 0.552500 0.464874 -6.005189
 0.555000 0.449861 -5.964420
 0.557500 0.434956 -5.913555
 0.560000 0.420205 -5.838627
 0.562500 0.405689 -5.728459
 0.565000 0.391504 -5.574202
 0.567500 0.377763 -5.373364
 0.570000 0.364574 -5.134414
 0.572500 0.352015 -4.873380
 0.575000 0.340122 -4.609872
 0.577500 0.328871 -4.362542
 0.580000 0.318199 -4.149370
 0.582500 0.308007 -3.979513
 0.585000 0.298183 -3.858482
 0.587500 0.288608 -3.777990
 0.590000 0.279192 -3.726848
 0.592500 0.269887 -3.690110
 0.595000 0.260679 -3.647660
 0.597500 0.251604 -3.580174
 0.600000 0.242746 -3.473626
 0.602500 0.234209 -3.324718
 0.605000 0.226091 -3.141049
 0.607500 0.218458 -2.942748
 0.610000 0.211316 -2.754447
 0.612500 0.204609 -2.598662
 0.615000 0.198233 -2.489144
 0.617500 0.192072 -2.426899
 0.620000 0.186020 -2.400278
 0.622500 0.180011 -2.387961
 0.625000 0.174039 -2.370606
 0.627500 0.168136 -2.329798
 0.630000 0.162374 -2.257359
 0.632500 0.156833 -2.153550
 0.635000 0.151584 -2.028542
 0.637500 0.146658 -1.897099
 0.640000 0.142049 -1.778364
 0.642500 0.137704 -1.690169
 0.645000 0.133531 -1.643704
 0.647500 0.129422 -1.636379
 0.650000 0.125292 -1.660754
 0.652500 0.121079 -1.696818
 0.655000 0.116780 -1.728045
 0.657500 0.112426 -1.738419
 0.660000 0.108080 -1.721422
 0.662500 0.103813 -1.677532
 0.665000 0.099686 -1.610887
 0.667500 0.095746 -1.529136
 0.670000 0.092021 -1.439544
 0.672500 0.088523 -1.349813
 0.675000 0.085247 -1.264844
 0.677500 0.082171 -1.188903
 0.680000 0.079270 -1.126315
 0.682500 0.076506 -1.078425
 0.685000 0.073845 -1.044048
 0.687500 0.071257 -1.018809
 0.690000 0.068727 -0.996784
 0.692500 0.066255 -0.972539
 0.695000 0.063853 -0.941095
 0.697500 0.061538 -0.903283
 0.700000 0.059322 -0.863382
 0.702500 0.057200 -0.828784
 0.705000 0.055150 -0.807704
 0.707500 0.053132 -0.803770
 0.710000 0.051104 -0.815008
 0.712500 0.049037 -0.833790
 0.715000 0.046925 -0.849942
 0.717500 0.044786 -0.853135
 0.720000 0.042659 -0.840640
 0.722500 0.040581 -0.815683
 0.725000 0.038575 -0.784524
 0.727500 0.036645 -0.755376
 0.730000 0.034781 -0.733012
 0.732500 0.032963 -0.717886
 0.735000 0.031179 -0.705266
 0.737500 0.029430 -0.689209
 0.740000 0.027732 -0.664343
 0.742500 0.026110 -0.628129
 0.745000 0.024592 -0.581363
 0.747500 0.023200 -0.527613
 0.750000 0.021946 -0.472252
 0.752500 0.020829 -0.419020
 0.755000 0.019839 -0.370970
 0.757500 0.018961 -0.329516
 0.760000 0.018180 -0.293978
 0.762500 0.017481 -0.263721
 0.765000 0.016852 -0.237821
 0.767500 0.016282 -0.216875
 0.770000 0.015756 -0.202086
 0.772500 0.015258 -0.195686
 0.775000 0.014765 -0.198867
 0.777500 0.014252 -0.210476
 0.780000 0.013703 -0.228108
 0.782500 0.013108 -0.246433
 0.785000 0.012472 -0.259481
 0.787500 0.011814 -0.263619
 0.790000 0.011160 -0.256123
 0.792500 0.010538 -0.238600
 0.795000 0.009970 -0.213912
 0.797500 0.009468 -0.186743
 0.800000 0.009031 -0.161959
 0.802500 0.008650 -0.143208
 0.805000 0.008306 -0.132163
 0.807500 0.007980 -0.129324
 0.810000 0.007652 -0.133439
 0.812500 0.007306 -0.142485
 0.815000 0.006935 -0.153211
 0.817500 0.006538 -0.163107
 0.820000 0.006121 -0.168713
 0.822500 0.005698 -0.167718
 0.825000 0.005287 -0.158867
 0.827500 0.004908 -0.142408
 0.830000 0.004579 -0.119689
 0.832500 0.004312 -0.093070
 0.835000 0.004112 -0.066032
 0.837500 0.003977 -0.042490
 0.840000 0.003893 -0.025181
 0.842500 0.003842 -0.016813
 0.845000 0.003800 -0.017834
 0.847500 0.003744 -0.027863
 0.850000 0.003654 -0.044036
 0.852500 0.003520 -0.062873
 0.855000 0.003339 -0.080549
 0.857500 0.003119 -0.094136
 0.860000 0.002873 -0.101672
 0.862500 0.002616 -0.102640
 0.865000 0.002363 -0.098010
 0.867500 0.002128 -0.089434
 0.870000 0.001917 -0.079252
 0.872500 0.001731 -0.069106
 0.875000 0.001569 -0.060643
 0.877500 0.001425 -0.054423
 0.880000 0.001295 -0.050363
 0.882500 0.001172 -0.047490
 0.885000 0.001056 -0.044733
 0.887500 0.000949 -0.041077
 0.890000 0.000851 -0.036229
 0.892500 0.000767 -0.030487
 0.895000 0.000698 -0.024875
 0.897500 0.000642 -0.020263
 0.900000 0.000595 -0.017189
 0.902500 0.000554 -0.015632
 0.905000 0.000516 -0.015007
 0.907500 0.000478 -0.014647
 0.910000 0.000443 -0.013777
 0.912500 0.000410 -0.012233
 0.915000 0.000382 -0.010273
 0.917500 0.000358 -0.008443
 0.920000 0.000338 -0.007395
 0.922500 0.000320 -0.007655
 0.925000 0.000299 -0.009033
 0.927500 0.000274 -0.011147
 0.930000 0.000243 -0.013287
 0.932500 0.000208 -0.014804
 0.935000 0.000170 -0.015246
 0.937500 0.000133 -0.014531
 0.940000 0.000098 -0.012790
 0.942500 0.000069 -0.010486
 0.945000 0.000046 -0.007945
 0.947500 0.000029 -0.005658
 0.950000 0.000017 -0.003757
 0.952500 0.000010 -0.002330
 0.955000 0.000005 -0.001351
 0.957500 0.000002 -0.000709
 0.960000 0.000001 -0.000363
 0.962500 0.000001 -0.000174
 0.965000 0.000000 -0.000063
 0.967500 0.000000 0.000000
 0.970000 0.000000 0.000000
 0.972500 0.000000 0.000000
 0.975000 0.000000 0.000000
 0.977500 0.000000 0.000000
 0.980000 0.000000 0.000000
 0.982500 0.000000 0.000000
 0.985000 0.000000 0.000000
 0.987500 0.000000 0.000000
 0.990000 0.000000 0.000000
 0.992500 0.000000 0.000000
 0.995000 0.000000 0.000000
 0.997500 0.000000 0.000000
 1.000000 0.000000 0.000000
 1.002500 0.000000 0.000000
 1.005000 0.000000 0.000000
 1.007500 0.000000 0.000000
 1.010000 0.000000 0.000000
 1.012500 0.000000 0.000000
 1.015000 0.000000 0.000000
 1.017500 0.000000 0.000000
 1.020000 0.000000 0.000000
 1.022500 0.000000 0.000000
 1.025000 0.000000 0.000000
 1.027500 0.000000 0.000000
 1.030000 0.000000 0.000000
 1.032500 0.000000 0.000000
 1.035000 0.000000 0.000000
 1.037500 0.000000 0.000000
 1.040000 0.000000 0.000000
 1.042500 0.000000 0.000000
 1.045000 0.000000 0.000000
 1.047500 0.000000 0.000000
 1.050000 0.000000 0.000000
 1.052500 0.000000 0.000000
 1.055000 0.000000 0.000000
 1.057500 0.000000 0.000000
 1.060000 0.000000 0.000000
 1.062500 0.000000 0.000000
 1.065000 0.000000 0.000000
 1.067500 0.000000 0.000000
 1.070000 0.000000 0.000000
 1.072500 0.000000 0.000000
 1.075000 0.000000 0.000000
 1.077500 0.000000 0.000000
 1.080000 0.000000 0.000000
 1.082500 0.000000 0.000000
 1.085000 0.000000 0.000000
 1.087500 0.000000 0.000000
 1.090000 0.000000 0.000000
 1.092500 0.000000 0.000000
 1.095000 0.000000 0.000000
 1.097500 0.000000 0.000000
 1.100000 0.000000 0.000000
 1.102500 0.000000 0.000000
 1.105000 0.000000 0.000000
 1.107500 0.000000 0.000000
 1.110000 0.000000 0.000000
 1.112500 0.000000 0.000000
 1.115000 0.000000 0.000000
 1.117500 0.000000 0.000000
 1.120000 0.000000 0.000000
 1.122500 0.000000 0.000000
 1.125000 0.000000 0.000000
 1.127500 0.000000 0.000000
 1.130000 0.000000 0.000000
 1.132500 0.000000 0.000000
 1.135000 0.000000 0.000000
 1.137500 0.000000 0.000000
 1.140000 0.000000 0.000000
 1.142500 0.000000 0.000000
 1.145000 0.000000 0.000000
 1.147500 0.000000 0.000000
 1.150000 0.000000 0.000000
 1.152500 0.000000 0.000000
 1.155000 0.000000 0.000000
 1.157500 0.000000 0.000000
 1.160000 0.000000 0.000000
 1.162500 0.000000 0.000000
 1.165000 0.000000 0.000000
 1.167500 0.000000 0.000000
 1.170000 0.000000 0.000000
 1.172500 0.000000 0.000000
 1.175000 0.000000 0.000000
 1.177500 0.000000 0.000000
 1.180000 0.000000 0.000000
 1.182500 0.000000 0.000000
 1.185000 0.000000 0.000000
 1.187500 0.000000 0.000000
 1.190000 0.000000 0.000000
 1.192500 0.000000 0.000000
 1.195000 0.000000 0.000000
 1.197500 0.000000 0.000000
 1.200000 0.000000 0.000000
 1.202500 0.000000 0.000000
 1.205000 0.000000 0.000000
 1.207500 0.000000 0.000000
 1.210000 0.000000 0.000000
 1.212500 0.000000 0.000000
 1.215000 0.000000 0.000000
 1.217500 0.000000 0.000000
 1.220000 0.000000 0.000000
 1.222500 0.000000 0.000000
 1.225000 0.000000 0.000000
 1.227500 0.000000 0.000000
 1.230000 0.000000 0.000000
 1.232500 0.000000 0.000000
 1.235000 0.000000 0.000000
 1.237500 0.000000 0.000000
 1.240000 0.000000 0.000000
 1.242500 0.000000 0.000000
 1.245000 0.000000 0.000000
 1.247500 0.000000 0.000000
 1.250000 0.000000 0.000000
 1.252500 0.000000 0.000000
 1.255000 0.000000 0.000000
 1.257500 0.000000 0.000000
 1.260000 0.000000 0.000000
 1.262500 0.000000 0.000000
 1.265000 0.000000 0.000000
 1.267500 0.000000 0.000000
 1.270000 0.000000 0.000000
 1.272500 0.000000 0.000000
 1.275000 0.000000 0.000000
 1.277500 0.000000 0.000000
 1.280000 0.000000 0.000000
 1.282500 0.000000 0.000000
 1.285000 0.000000 0.000000
 1.287500 0.000000 0.000000
 1.290000 0.000000 0.000000
 1.292500 0.000000 0.000000
 1.295000 0.000000 0.000000
 1.297500 0.000000 0.000000
 1.300000 0.000000 0.000000
 1.302500 0.000000 0.000000
 1.305000 0.000000 0.000000
 1.307500 0.000000 0.000000
 1.310000 0.000000 0.000000
 1.312500 0.000000 0.000000
 1.315000 0.000000 0.000000
 1.317500 0.000000 0.000000
 1.320000 0.000000 0.000000
 1.322500 0.000000 0.000000
 1.325000 0.000000 0.000000
 1.327500 0.000000 0.000000
 1.330000 0.000000 0.000000
 1.332500 0.000000 0.000000
 1.335000 0.000000 0.000000
 1.337500 0.000000 0.000000
 1.340000 0.000000 0.000000
 1.342500 0.000000 0.000000
 1.345000 0.000000 0.000000
 1.347500 0.000000 0.000000
 1.350000 0.000000 0.000000
 1.352500 0.000000 0.000000
 1.355000 0.000000 0.000000
 1.357500 0.000000 0.000000
 1.360000 0.000000 0.000000
 1.362500 0.000000 0.000000
 1.365000 0.000000 0.000000
 1.367500 0.000000 0.000000
 1.370000 0.000000 0.000000
 1.372500 0.000000 0.000000
 1.375000 0.000000 0.000000
 1.377500 0.000000 0.000000
 1.380000 0.000000 0.000000
 1.382500 0.000000 0.000000
 1.385000 0.000000 0.000000
 1.387500 0.000000 0.000000
 1.390000 0.000000 0.000000
 1.392500 0.000000 0.000000
 1.395000 0.000000 0.000000
 1.397500 0.000000 0.000000
 1.400000 0.000000 0.000000
 1.402500 0.000000 0.000000
 1.405000 0.000000 0.000000
 1.407500 0.000000 0.000000
 1.410000 0.000000 0.000000
 1.412500 0.000000 0.000000
 1.415000 0.000000 0.000000
 1.417500 0.000000 0.000000
 1.420000 0.000000 0.000000
 1.422500 0.000000 0.000000
 1.425000 0.000000 0.000000
 1.427500 0.000000 0.000000
 1.430000 0.000000 0.000000
 1.432500 0.000000 0.000000
 1.435000 0.000000 0.000000
 1.437500 0.000000 0.000000
 1.440000 0.000000 0.000000
 1.442500 0.000000 0.000000
 1.445000 0.000000 0.000000
 1.447500 0.000000 0.000000
 1.450000 0.000000 0.000000
 1.452500 0.000000 0.000000
 1.455000 0.000000 0.000000
 1.457500 0.000000 0.000000
 1.460000 0.000000 0.000000
 1.462500 0.000000 0.000000
 1.465000 0.000000 0.000000
 1.467500 0.000000 0.000000
 1.470000 0.000000 0.000000
 1.472500 0.000000 0.000000
 1.475000 0.000000 0.000000
 1.477500 0.000000 0.000000
 1.480000 0.000000 0.000000
 1.482500 0.000000 0.000000
 1.485000 0.000000 0.000000
 1.487500 0.000000 0.000000
 1.490000 0.000000 0.000000
 1.492500 0.000000 0.000000
 1.495000 0.000000 0.000000
 1.497500 0.000000 0.000000
 1.500000 0.000000 0.000000
 1.502500 0.000000 0.000000
 1.505000 0.000000 0.000000
 1.507500 0.000000 0.000000
 1.510000 0.000000 0.000000
 1.512500 0.000000 0.000000
 1.515000 0.000000 0.000000
 1.517500 0.000000 0.000000
 1.520000 0.000000 0.000000
 1.522500 0.000000 0.000000
 1.525000 0.000000 0.000000
 1.527500 0.000000 0.000000
 1.530000 0.000000 0.000000
 1.532500 0.000000 0.000000
 1.535000 0.000000 0.000000
 1.537500 0.000000 0.000000
 1.540000 0.000000 0.000000
 1.542500 0.000000 0.000000
 1.545000 0.000000 0.000000
 1.547500 0.000000 0.000000
 1.550000 0.000000 0.000000
 1.552500 0.000000 0.000000
 1.555000 0.000000 0.000000
 1.557500 0.000000 0.000000
 1.560000 0.000000 0.000000
 1.562500 0.000000 0.000000
 1.565000 0.000000 0.000000
 1.567500 0.000000 0.000000
 1.570000 0.000000 0.000000
 1.572500 0.000000 0.000000
 1.575000 0.000000 0.000000
 1.577500 0.000000 0.000000
 1.580000 0.000000 0.000000
 1.582500 0.000000 0.000000
 1.585000 0.000000 0.000000
 1.587500 0.000000 0.000000
 1.590000 0.000000 0.000000
 1.592500 0.000000 0.000000
 1.595000 0.000000 0.000000
 1.597500 0.000000 0.000000
 1.600000 0.000000 0.000000
 1.602500 0.000000 0.000000
 1.605000 0.000000 0.000000
 1.607500 0.000000 0.000000
 1.610000 0.000000 0.000000
 1.612500 0.000000 0.000000
 1.615000 0.000000 0.000000
 1.617500 0.000000 0.000000
 1.620000 0.000000 0.000000
 1.622500 0.000000 0.000000
 1.625000 0.000000 0.000000
 1.627500 0.000000 0.000000
 1.630000 0.000000 0.000000
 1.632500 0.000000 0.000000
 1.635000 0.000000 0.000000
 1.637500 0.000000 0.000000
 1.640000 0.000000 0.000000
 1.642500 0.000000 0.000000
 1.645000 0.000000 0.000000
 1.647500 0.000000 0.000000
 1.650000 0.000000 0.000000
 1.652500 0.000000 0.000000
 1.655000 0.000000 0.000000
 1.657500 0.000000 0.000000
 1.660000 0.000000 0.000000
 1.662500 0.000000 0.000000
 1.665000 0.000000 0.000000
 1.667500 0.000000 0.000000
 1.670000 0.000000 0.000000
 1.672500 0.000000 0.000000
 1.675000 0.000000 0.000000
 1.677500 0.000000 0.000000
 1.680000 0.000000 0.000000
 1.682500 0.000000 0.000000
 1.685000 0.000000 0.000000
 1.687500 0.000000 0.000000
 1.690000 0.000000 0.000000
 1.692500 0.000000 0.000000
 1.695000 0.000000 0.000000
 1.697500 0.000000 0.000000
 1.700000 0.000000 0.000000
 1.702500 0.000000 0.000000
 1.705000 0.000000 0.000000
 1.707500 0.000000 0.000000
 1.710000 0.000000 0.000000
 1.712500 0.000000 0.000000
 1.715000 0.000000 0.000000
 1.717500 0.000000 0.000000
 1.720000 0.000000 0.000000
 1.722500 0.000000 0.000000
 1.725000 0.000000 0.000000
 1.727500 0.000000 0.000000
 1.730000 0.000000 0.000000
 1.732500 0.000000 0.000000
 1.735000 0.000000 0.000000
 1.737500 0.000000 0.000000
 1.740000 0.000000 0.000000
 1.742500 0.000000 0.000000
 1.745000 0.000000 0.000000
 1.747500 0.000000 0.000000
 1.750000 0.000000 0.000000
 1.752500 0.000000 0.000000
 1.755000 0.000000 0.000000
 1.757500 0.000000 0.000000
 1.760000 0.000000 0.000000
 1.762500 0.000000 0.000000
 1.765000 0.000000 0.000000
 1.767500 0.000000 0.000000
 1.770000 0.000000 0.000000
 1.772500 0.000000 0.000000
 1.775000 0.000000 0.000000
 1.777500 0.000000 0.000000
 1.780000 0.000000 0.000000
 1.782500 0.000000 0.000000
 1.785000 0.000000 0.000000
 1.787500 0.000000 0.000000
 1.790000 0.000000 0.000000
 1.792500 0.000000 0.000000
 1.795000 0.000000 0.000000
 1.797500 0.000000 0.000000
 1.800000 0.000000 0.000000
 1.802500 0.000000 0.000000
 1.805000 0.000000 0.000000
 1.807500 0.000000 0.000000
 1.810000 0.000000 0.000000
 1.812500 0.000000 0.000000
 1.815000 0.000000 0.000000
 1.817500 0.000000 0.000000
 1.820000 0.000000 0.000000
 1.822500 0.000000 0.000000
 1.825000 0.000000 0.000000
 1.827500 0.000000 0.000000
 1.830000 0.000000 0.000000
 1.832500 0.000000 0.000000
 1.835000 0.000000 0.000000
 1.837500 0.000000 0.000000
 1.840000 0.000000 0.000000
 1.842500 0.000000 0.000000
 1.845000 0.000000 0.000000
 1.847500 0.000000 0.000000
 1.850000 0.000000 0.000000
 1.852500 0.000000 0.000000
 1.855000 0.000000 0.000000
 1.857500 0.000000 0.000000
 1.860000 0.000000 0.000000
 1.862500 0.000000 0.000000
 1.865000 0.000000 0.000000
 1.867500 0.000000 0.000000
 1.870000 0.000000 0.000000
 1.872500 0.000000 0.000000
 1.875000 0.000000 0.000000
 1.877500 0.000000 0.000000
 1.880000 0.000000 0.000000
 1.882500 0.000000 0.000000
 1.885000 0.000000 0.000000
 1.887500 0.000000 0.000000
 1.890000 0.000000 0.000000
 1.892500 0.000000 0.000000
 1.895000 0.000000 0.000000
 1.897500 0.000000 0.000000
 1.900000 0.000000 0.000000
 1.902500 0.000000 0.000000
 1.905000 0.000000 0.000000
 1.907500 0.000000 0.000000
 1.910000 0.000000 0.000000
 1.912500 0.000000 0.000000
 1.915000 0.000000 0.000000
 1.917500 0.000000 0.000000
 1.920000 0.000000 0.000000
 1.922500 0.000000 0.000000
 1.925000 0.000000 0.000000
 1.927500 0.000000 0.000000
 1.930000 0.000000 0.000000
 1.932500 0.000000 0.000000
 1.935000 0.000000 0.000000
 1.937500 0.000000 0.000000
 1.940000 0.000000 0.000000
 1.942500 0.000000 0.000000
 1.945000 0.000000 0.000000
 1.947500 0.000000 0.000000
 1.950000 0.000000 0.000000
 1.952500 0.000000 0.000000
 1.955000 0.000000 0.000000
 1.957500 0.000000 0.000000
 1.960000 0.000000 0.000000
 1.962500 0.000000 0.000000
 1.965000 0.000000 0.000000
 1.967500 0.000000 0.000000
 1.970000 0.000000 0.000000
 1.972500 0.000000 0.000000
 1.975000 0.000000 0.000000
 1.977500 0.000000 0.000000
 1.980000 0.000000 0.000000
 1.982500 0.000000 0.000000
 1.985000 0.000000 0.000000
 1.987500 0.000000 0.000000
 1.990000 0.000000 0.000000
 1.992500 0.000000 0.000000
 1.995000 0.000000 0.000000
 1.997500 0.000000 0.000000
 2.000000 0.000000 0.000000
