#! FIELDS es hh dhh_es
#! SET normalisation  2000.000000
#! SET min_es -0.5
#! SET max_es 2
#! SET nbins_es  1000
#! SET periodic_es false
 -0.500000 0.000000 0.000000
 -0.497500 0.000000 0.000000
 -0.495000 0.000000 0.000000
 -0.492500 0.000000 0.000000
 -0.490000 0.000000 0.000000
 -0.487500 0.000000 0.000000
 -0.485000 0.000000 0.000000
 -0.482500 0.000000 0.000000
 -0.480000 0.000000 0.000000
 -0.477500 0.000000 0.000000
 -0.475000 0.000000 0.000000
 -0.472500 0.000000 0.000000
 -0.470000 0.000000 0.000000
 -0.467500 0.000000 0.000000
 -0.465000 0.000000 0.000000
 -0.462500 0.000000 0.000000
 -0.460000 0.000000 0.000000
 -0.457500 0.000000 0.000000
 -0.455000 0.000000 0.000000
 -0.452500 0.000000 0.000000
 -0.450000 0.000000 0.000000
 -0.447500 0.000000 0.000000
 -0.445000 0.000000 0.000000
 -0.442500 0.000000 0.000000
 -0.440000 0.000000 0.000000
 -0.437500 0.000000 0.000000
 -0.435000 0.000000 0.000000
 -0.432500 0.000000 0.000000
 -0.430000 0.000000 0.000000
 -0.427500 0.000000 0.000000
 -0.425000 0.000000 0.000000
 -0.422500 0.000000 0.000000
 -0.420000 0.000000 0.000000
 -0.417500 0.000000 0.000000
 -0.415000 0.000000 0.000000
 -0.412500 0.000000 0.000000
 -0.410000 0.000000 0.000000
 -0.407500 0.000000 0.000000
 -0.405000 0.000000 0.000000
 -0.402500 0.000000 0.000000
 -0.400000 0.000000 0.000000
 -0.397500 0.000000 0.000000
 -0.395000 0.000000 0.000000
 -0.392500 0.000000 0.000000
 -0.390000 0.000000 0.000000
 -0.387500 0.000000 0.000000
 -0.385000 0.000000 0.000000
 -0.382500 0.000000 0.000000
 -0.380000 0.000000 0.000000
 -0.377500 0.000000 0.000000
 -0.375000 0.000000 0.000000
 -0.372500 0.000000 0.000000
 -0.370000 0.000000 0.000000
 -0.367500 0.000000 0.000000
 -0.365000 0.000000 0.000000
 -0.362500 0.000000 0.000000
 -0.360000 0.000000 0.000000
 -0.357500 0.000000 0.000000
 -0.355000 0.000000 0.000000
 -0.352500 0.000000 0.000000
 -0.350000 0.000000 0.000000
 -0.347500 0.000000 0.000000
 -0.345000 0.000000 0.000000
 -0.342500 0.000000 0.000000
 -0.340000 0.000000 0.000000
 -0.337500 0.000000 0.000000
 -0.335000 0.000000 0.000000
 -0.332500 0.000000 0.000000
 -0.330000 0.000000 0.000000
 -0.327500 0.000000 0.000000
 -0.325000 0.000000 0.000000
 -0.322500 0.000000 0.000000
 -0.320000 0.000000 0.000000
 -0.317500 0.000000 0.000000
 -0.315000 0.000000 0.000000
 -0.312500 0.000000 0.000000
 -0.310000 0.000000 0.000000
 -0.307500 0.000000 0.000000
 -0.305000 0.000000 0.000000
 -0.302500 0.000000 0.000000
 -0.300000 0.000000 0.000000
 -0.297500 0.000000 0.000000
 -0.295000 0.000000 0.000000
 -0.292500 0.000000 0.000000
 -0.290000 0.000000 0.000000
 -0.287500 0.000000 0.000000
 -0.285000 0.000000 0.000000
 -0.282500 0.000000 0.000000
 -0.280000 0.000000 0.000000
 -0.277500 0.000000 0.000000
 -0.275000 0.000000 0.000000
 -0.272500 0.000000 0.000000
 -0.270000 0.000000 0.000000
 -0.267500 0.000000 0.000000
 -0.265000 0.000000 0.000000
 -0.262500 0.000000 0.000000
 -0.260000 0.000000 0.000000
 -0.257500 0.000000 0.000000
 -0.255000 0.000000 0.000000
 -0.252500 0.000000 0.000000
 -0.250000 0.000000 0.000000
 -0.247500 0.000000 0.000000
 -0.245000 0.000000 0.000000
 -0.242500 0.000000 0.000000
 -0.240000 0.000000 0.000000
 -0.237500 0.000000 0.000000
 -0.235000 0.000000 0.000000
 -0.232500 0.000000 0.000000
 -0.230000 0.000000 0.000000
 -0.227500 0.000000 0.000000
 -0.225000 0.000000 0.000000
 -0.222500 0.000000 0.000000
 -0.220000 0.000000 0.000000
 -0.217500 0.000000 0.000000
 -0.215000 0.000000 0.000000
 -0.212500 0.000000 0.000000
 -0.210000 0.000000 0.000000
 -0.207500 0.000000 0.000000
 -0.205000 0.000000 0.000000
 -0.202500 0.000000 0.000000
 -0.200000 0.000000 0.000000
 -0.197500 0.000000 0.000000
 -0.195000 0.000000 0.000000
 -0.192500 0.000000 0.000000
 -0.190000 0.000000 0.000000
 -0.187500 0.000000 0.000000
 -0.185000 0.000000 0.000000
 -0.182500 0.000000 0.000000
 -0.180000 0.000000 0.000000
 -0.177500 0.000000 0.000000
 -0.175000 0.000000 0.000000
 -0.172500 0.000000 0.000000
 -0.170000 0.000000 0.000000
 -0.167500 0.000000 0.000000
 -0.165000 0.000000 0.000000
 -0.162500 0.000000 0.000000
 -0.160000 0.000000 0.000000
 -0.157500 0.000000 0.000000
 -0.155000 0.000000 0.000000
 -0.152500 0.000000 0.000000
 -0.150000 0.000000 0.000000
 -0.147500 0.000000 0.000000
 -0.145000 0.000000 0.000000
 -0.142500 0.000000 0.000000
 -0.140000 0.000000 0.000000
 -0.137500 0.000000 0.000000
 -0.135000 0.000000 0.000000
 -0.132500 0.000000 0.000000
 -0.130000 0.000000 0.000000
 -0.127500 0.000000 0.000000
 -0.125000 0.000000 0.000000
 -0.122500 0.000000 0.000000
 -0.120000 0.000000 0.000000
 -0.117500 0.000000 0.000000
 -0.115000 0.000000 0.000000
 -0.112500 0.000000 0.000000
 -0.110000 0.000000 0.000000
 -0.107500 0.000000 0.000000
 -0.105000 0.000000 0.000000
 -0.102500 0.000000 0.000000
 -0.100000 0.000000 0.000000
 -0.097500 0.000000 0.000000
 -0.095000 0.000000 0.000000
 -0.092500 0.000000 0.000000
 -0.090000 0.000000 0.000000
 -0.087500 0.000000 0.000000
 -0.085000 0.000000 0.000000
 -0.082500 0.000000 0.000000
 -0.080000 0.000000 0.000000
 -0.077500 0.000000 0.000000
 -0.075000 0.000000 0.000000
 -0.072500 0.000000 0.000000
 -0.070000 0.000000 0.000000
 -0.067500 0.000000 0.000000
 -0.065000 0.000000 0.000000
 -0.062500 0.000000 0.000000
 -0.060000 0.000000 0.000000
 -0.057500 0.000000 0.000000
 -0.055000 0.000000 0.000000
 -0.052500 0.000000 0.000000
 -0.050000 0.000000 0.000000
 -0.047500 0.000000 0.000000
 -0.045000 0.000000 0.000000
 -0.042500 0.000000 0.000000
 -0.040000 0.000000 0.000000
 -0.037500 0.000000 0.000000
 -0.035000 0.000000 0.000000
 -0.032500 0.000000 0.000000
 -0.030000 0.000000 0.000000
 -0.027500 0.000000 0.000000
 -0.025000 0.000000 0.000000
 -0.022500 0.000000 0.000000
 -0.020000 0.000000 0.000000
 -0.017500 0.000000 0.000000
 -0.015000 0.000000 0.000000
 -0.012500 0.000000 0.000000
 -0.010000 0.000000 0.000000
 -0.007500 0.000000 0.000000
 -0.005000 0.000000 0.000000
 -0.002500 0.000000 0.000000
 0.000000 0.000000 0.000000
 0.002500 0.000000 0.000000
 0.005000 0.000000 0.000000
 0.007500 0.000000 0.000000
 0.010000 0.000000 0.000000
 0.012500 0.000000 0.000000
 0.015000 0.000000 0.000000
 0.017500 0.000000 0.000000
 0.020000 0.000000 0.000000
 0.022500 0.000000 0.000000
 0.025000 0.000000 0.000000
 0.027500 0.000000 0.000000
 0.030000 0.000000 0.000000
 0.032500 0.000000 0.000000
 0.035000 0.000000 0.000000
 0.037500 0.000000 0.000000
 0.040000 0.000000 0.000000
 0.042500 0.000000 0.000000
 0.045000 0.000000 0.000000
 0.047500 0.000000 0.000000
 0.050000 0.000000 0.000000
 0.052500 0.000000 0.000000
 0.055000 0.000000 0.000000
 0.057500 0.000000 0.000000
 0.060000 0.000000 0.000000
 0.062500 0.000000 0.000000
 0.065000 0.000000 0.000000
 0.067500 0.000000 0.000000
 0.070000 0.000000 0.000013
 0.072500 0.000000 0.000032
 0.075000 0.000000 0.000074
 0.077500 0.000000 0.000159
 0.080000 0.000001 0.000319
 0.082500 0.000002 0.000613
 0.085000 0.000004 0.001081
 0.087500 0.000008 0.001780
 0.090000 0.000013 0.002733
 0.092500 0.000022 0.003941
 0.095000 0.000033 0.005319
 0.097500 0.000048 0.006698
 0.100000 0.000067 0.007928
 0.102500 0.000088 0.008947
 0.105000 0.000111 0.009692
 0.107500 0.000136 0.010349
 0.110000 0.000163 0.011179
 0.112500 0.000193 0.012603
 0.115000 0.000227 0.014997
 0.117500 0.000269 0.018592
 0.120000 0.000322 0.023582
 0.122500 0.000389 0.030191
 0.125000 0.000475 0.038390
 0.127500 0.000583 0.048408
 0.130000 0.000719 0.060704
 0.132500 0.000890 0.075924
 0.135000 0.001104 0.095015
 0.137500 0.001370 0.118466
 0.140000 0.001702 0.147161
 0.142500 0.002112 0.181244
 0.145000 0.002615 0.221006
 0.147500 0.003224 0.266431
 0.150000 0.003954 0.317209
 0.152500 0.004819 0.373913
 0.155000 0.005833 0.437420
 0.157500 0.007018 0.509921
 0.160000 0.008396 0.593397
 0.162500 0.010001 0.691298
 0.165000 0.011874 0.806915
 0.167500 0.014059 0.941729
 0.170000 0.016606 1.096337
 0.172500 0.019564 1.269011
 0.175000 0.022972 1.455383
 0.177500 0.026859 1.650151
 0.180000 0.031238 1.848236
 0.182500 0.036115 2.048339
 0.185000 0.041500 2.254684
 0.187500 0.047418 2.476751
 0.190000 0.053926 2.728578
 0.192500 0.061118 3.025218
 0.195000 0.069122 3.377705
 0.197500 0.078081 3.789898
 0.200000 0.088141 4.257712
 0.202500 0.099433 4.770123
 0.205000 0.112047 5.311949
 0.207500 0.126036 5.867635
 0.210000 0.141422 6.426441
 0.212500 0.158201 6.982032
 0.215000 0.176369 7.535436
 0.217500 0.195925 8.093434
 0.220000 0.216890 8.663313
 0.222500 0.239306 9.255129
 0.225000 0.263239 9.876776
 0.227500 0.288769 10.534300
 0.230000 0.315996 11.232201
 0.232500 0.345020 11.969339
 0.235000 0.375929 12.739444
 0.237500 0.408793 13.526647
 0.240000 0.443634 14.315249
 0.242500 0.480421 15.083139
 0.245000 0.519091 15.816968
 0.247500 0.559552 16.516812
 0.250000 0.601731 17.194460
 0.252500 0.645598 17.874273
 0.255000 0.691202 18.588320
 0.257500 0.738670 19.365780
 0.260000 0.788176 20.220920
 0.262500 0.839916 21.151386
 0.265000 0.894052 22.127179
 0.267500 0.950632 23.095634
 0.270000 1.009554 23.991483
 0.272500 1.070554 24.747949
 0.275000 1.133222 25.319110
 0.277500 1.197071 25.696148
 0.280000 1.261648 25.912043
 0.282500 1.326639 26.042752
 0.285000 1.391941 26.178356
 0.287500 1.457681 26.409203
 0.290000 1.524190 26.794658
 0.292500 1.591862 27.342746
 0.295000 1.661069 28.013666
 0.297500 1.732025 28.726306
 0.300000 1.804710 29.384490
 0.302500 1.878877 29.899334
 0.305000 1.954085 30.211281
 0.307500 2.029787 30.297494
 0.310000 2.105427 30.165446
 0.312500 2.180490 29.850806
 0.315000 2.254586 29.400431
 0.317500 2.327431 28.867903
 0.320000 2.398891 28.295523
 0.322500 2.468911 27.729598
 0.325000 2.537545 27.198374
 0.327500 2.604926 26.726693
 0.330000 2.671217 26.326757
 0.332500 2.736600 26.005398
 0.335000 2.801262 25.758266
 0.337500 2.865381 25.566383
 0.340000 2.929061 25.409277
 0.342500 2.992357 25.260381
 0.345000 3.055248 25.082532
 0.347500 3.117625 24.847891
 0.350000 3.179297 24.519680
 0.352500 3.239987 24.067197
 0.355000 3.299362 23.463783
 0.357500 3.357022 22.699717
 0.360000 3.412566 21.780801
 0.362500 3.465629 20.721329
 0.365000 3.515904 19.555861
 0.367500 3.563166 18.326572
 0.370000 3.607303 17.066650
 0.372500 3.648288 15.816739
 0.375000 3.686187 14.599369
 0.377500 3.721088 13.429415
 0.380000 3.753131 12.315368
 0.382500 3.782445 11.251163
 0.385000 3.809146 10.234063
 0.387500 3.833348 9.253752
 0.390000 3.855142 8.302936
 0.392500 3.874577 7.378810
 0.395000 3.891722 6.471471
 0.397500 3.906604 5.570050
 0.400000 3.919212 4.656500
 0.402500 3.929503 3.705907
 0.405000 3.937340 2.707981
 0.407500 3.942598 1.645314
 0.410000 3.945117 0.521647
 0.412500 3.944772 -0.634574
 0.415000 3.941534 -1.781277
 0.417500 3.935489 -2.872767
 0.420000 3.926832 -3.867553
 0.422500 3.915811 -4.760472
 0.425000 3.902655 -5.575463
 0.427500 3.887484 -6.382227
 0.430000 3.870238 -7.246466
 0.432500 3.850699 -8.220013
 0.435000 3.828582 -9.303876
 0.437500 3.803656 -10.442814
 0.440000 3.775920 -11.541846
 0.442500 3.745610 -12.480977
 0.445000 3.713234 -13.180732
 0.447500 3.679443 -13.616145
 0.450000 3.644854 -13.822071
 0.452500 3.609940 -13.890185
 0.455000 3.574920 -13.930335
 0.457500 3.539747 -14.017008
 0.460000 3.504245 -14.200931
 0.462500 3.468166 -14.477284
 0.465000 3.431302 -14.819315
 0.467500 3.393527 -15.204073
 0.470000 3.354756 -15.615082
 0.472500 3.314933 -16.046966
 0.475000 3.273989 -16.506164
 0.477500 3.231860 -16.993769
 0.480000 3.188490 -17.498591
 0.482500 3.143869 -17.991911
 0.485000 3.098060 -18.446887
 0.487500 3.051198 -18.838920
 0.490000 3.003450 -19.157337
 0.492500 2.954998 -19.400091
 0.495000 2.906027 -19.573060
 0.497500 2.856694 -19.686066
 0.500000 2.807154 -19.748961
 0.502500 2.757525 -19.750854
 0.505000 2.707972 -19.694575
 0.507500 2.658643 -19.570562
 0.510000 2.609704 -19.384365
 0.512500 2.561293 -19.152860
 0.515000 2.513491 -18.908310
 0.517500 2.466275 -18.690373
 0.520000 2.419513 -18.544537
 0.522500 2.372997 -18.515034
 0.525000 2.326398 -18.613104
 0.527500 2.279406 -18.829059
 0.530000 2.231754 -19.130760
 0.532500 2.183288 -19.476043
 0.535000 2.133978 -19.799883
 0.537500 2.083945 -20.046498
 0.540000 2.033454 -20.162416
 0.542500 1.982874 -20.110803
 0.545000 1.932646 -19.886694
 0.547500 1.883188 -19.506431
 0.550000 1.834840 -19.008456
 0.552500 1.787816 -18.459759
 0.555000 1.742166 -17.922257
 0.557500 1.697791 -17.453490
 0.560000 1.654469 -17.080673
 0.562500 1.611959 -16.807019
 0.565000 1.570031 -16.604557
 0.567500 1.528570 -16.430736
 0.570000 1.487575 -16.231917
 0.572500 1.447150 -15.961505
 0.575000 1.407515 -15.605609
 0.577500 1.368879 -15.168617
 0.580000 1.331420 -14.675710
 0.582500 1.295221 -14.169478
 0.585000 1.260261 -13.692190
 0.587500 1.226431 -13.276550
 0.590000 1.193543 -12.941562
 0.592500 1.161386 -12.691595
 0.595000 1.129761 -12.517252
 0.597500 1.098508 -12.392609
 0.600000 1.067541 -12.282505
 0.602500 1.036875 -12.151235
 0.605000 1.006597 -11.963838
 0.607500 0.976875 -11.708720
 0.610000 0.947878 -11.397497
 0.612500 0.919700 -11.055215
 0.615000 0.892376 -10.729186
 0.617500 0.865812 -10.452631
 0.620000 0.839851 -10.249286
 0.622500 0.814302 -10.125638
 0.625000 0.788984 -10.061922
 0.627500 0.763778 -10.029772
 0.630000 0.738656 -9.996602
 0.632500 0.713662 -9.921767
 0.635000 0.688933 -9.780010
 0.637500 0.664661 -9.556402
 0.640000 0.641050 -9.252149
 0.642500 0.618289 -8.886688
 0.645000 0.596497 -8.485102
 0.647500 0.575721 -8.077464
 0.650000 0.555949 -7.689438
 0.652500 0.537106 -7.336566
 0.655000 0.519097 -7.027326
 0.657500 0.501802 -6.761298
 0.660000 0.485116 -6.542899
 0.662500 0.468922 -6.371752
 0.665000 0.453100 -6.242026
 0.667500 0.437557 -6.151317
 0.670000 0.422206 -6.088642
 0.672500 0.406991 -6.038999
 0.675000 0.391903 -5.986241
 0.677500 0.376973 -5.913073
 0.680000 0.362270 -5.804810
 0.682500 0.347896 -5.653461
 0.685000 0.333952 -5.459397
 0.687500 0.320535 -5.232349
 0.690000 0.307712 -4.990759
 0.692500 0.295500 -4.748169
 0.695000 0.283888 -4.512256
 0.697500 0.272859 -4.281921
 0.700000 0.262406 -4.050695
 0.702500 0.252541 -3.808595
 0.705000 0.243299 -3.557071
 0.707500 0.234690 -3.304058
 0.710000 0.226698 -3.069328
 0.712500 0.219243 -2.877970
 0.715000 0.212193 -2.750265
 0.717500 0.205373 -2.696399
 0.720000 0.198596 -2.711923
 0.722500 0.191711 -2.780145
 0.725000 0.184622 -2.874111
 0.727500 0.177303 -2.957841
 0.730000 0.169820 -3.002279
 0.732500 0.162301 -2.983052
 0.735000 0.154919 -2.892816
 0.737500 0.147846 -2.738839
 0.740000 0.141219 -2.542371
 0.742500 0.135108 -2.331751
 0.745000 0.129511 -2.134459
 0.747500 0.124368 -1.971393
 0.750000 0.119584 -1.848905
 0.752500 0.115063 -1.760935
 0.755000 0.110730 -1.695106
 0.757500 0.106545 -1.639669
 0.760000 0.102493 -1.589436
 0.762500 0.098562 -1.545877
 0.765000 0.094725 -1.514685
 0.767500 0.090944 -1.501529
 0.770000 0.087174 -1.506422
 0.772500 0.083376 -1.521824
 0.775000 0.079542 -1.534641
 0.777500 0.075695 -1.530803
 0.780000 0.071890 -1.501167
 0.782500 0.068193 -1.443934
 0.785000 0.064667 -1.366379
 0.787500 0.061348 -1.279183
 0.790000 0.058246 -1.196424
 0.792500 0.055338 -1.126272
 0.795000 0.052582 -1.073269
 0.797500 0.049937 -1.039204
 0.800000 0.047359 -1.019210
 0.802500 0.044819 -1.007920
 0.805000 0.042303 -0.997534
 0.807500 0.039820 -0.982377
 0.810000 0.037386 -0.956232
 0.812500 0.035034 -0.916969
 0.815000 0.032798 -0.864597
 0.817500 0.030708 -0.800516
 0.820000 0.028790 -0.729686
 0.822500 0.027053 -0.656113
 0.825000 0.025498 -0.584797
 0.827500 0.024114 -0.519630
 0.830000 0.022883 -0.462810
 0.832500 0.021781 -0.416805
 0.835000 0.020782 -0.381495
 0.837500 0.019858 -0.356389
 0.840000 0.018985 -0.340811
 0.842500 0.018140 -0.333001
 0.845000 0.017307 -0.330927
 0.847500 0.016477 -0.331514
 0.850000 0.015645 -0.331543
 0.852500 0.014815 -0.329167
 0.855000 0.013996 -0.323526
 0.857500 0.013196 -0.314210
 0.860000 0.012424 -0.301419
 0.862500 0.011686 -0.286709
 0.865000 0.010986 -0.270923
 0.867500 0.010327 -0.255503
 0.870000 0.009705 -0.240887
 0.872500 0.009118 -0.227585
 0.875000 0.008562 -0.216149
 0.877500 0.008033 -0.205887
 0.880000 0.007529 -0.195934
 0.882500 0.007051 -0.184802
 0.885000 0.006604 -0.171632
 0.887500 0.006191 -0.156915
 0.890000 0.005817 -0.141891
 0.892500 0.005478 -0.128472
 0.895000 0.005169 -0.118945
 0.897500 0.004877 -0.114221
 0.900000 0.004592 -0.114314
 0.902500 0.004301 -0.117521
 0.905000 0.004001 -0.122327
 0.907500 0.003689 -0.126389
 0.910000 0.003369 -0.128249
 0.912500 0.003048 -0.127180
 0.915000 0.002735 -0.122711
 0.917500 0.002436 -0.115262
 0.920000 0.002158 -0.105618
 0.922500 0.001907 -0.094863
 0.925000 0.001684 -0.083590
 0.927500 0.001488 -0.072595
 0.930000 0.001319 -0.062819
 0.932500 0.001172 -0.054483
 0.935000 0.001044 -0.047583
 0.937500 0.000932 -0.042000
 0.940000 0.000832 -0.037592
 0.942500 0.000743 -0.033866
 0.945000 0.000662 -0.030339
 0.947500 0.000590 -0.026918
 0.950000 0.000527 -0.023586
 0.952500 0.000472 -0.020594
 0.955000 0.000423 -0.018159
 0.957500 0.000380 -0.016506
 0.960000 0.000339 -0.015933
 0.962500 0.000299 -0.016075
 0.965000 0.000258 -0.016595
 0.967500 0.000216 -0.016844
 0.970000 0.000174 -0.016435
 0.972500 0.000135 -0.015222
 0.975000 0.000099 -0.013177
 0.977500 0.000069 -0.010689
 0.980000 0.000045 -0.008052
 0.982500 0.000028 -0.005629
 0.985000 0.000017 -0.003716
 0.987500 0.000009 -0.002285
 0.990000 0.000005 -0.001311
 0.992500 0.000002 -0.000688
 0.995000 0.000001 -0.000346
 0.997500 0.000000 -0.000162
 1.000000 0.000000 -0.000045
 1.002500 0.000000 0.000000
 1.005000 0.000000 0.000000
 1.007500 0.000000 0.000000
 1.010000 0.000000 0.000000
 1.012500 0.000000 0.000000
 1.015000 0.000000 0.000000
 1.017500 0.000000 0.000000
 1.020000 0.000000 0.000000
 1.022500 0.000000 0.000000
 1.025000 0.000000 0.000000
 1.027500 0.000000 0.000000
 1.030000 0.000000 0.000000
 1.032500 0.000000 0.000000
 1.035000 0.000000 0.000000
 1.037500 0.000000 0.000000
 1.040000 0.000000 0.000000
 1.042500 0.000000 0.000000
 1.045000 0.000000 0.000000
 1.047500 0.000000 0.000000
 1.050000 0.000000 0.000000
 1.052500 0.000000 0.000000
 1.055000 0.000000 0.000000
 1.057500 0.000000 0.000000
 1.060000 0.000000 0.000000
 1.062500 0.000000 0.000000
 1.065000 0.000000 0.000000
 1.067500 0.000000 0.000000
 1.070000 0.000000 0.000000
 1.072500 0.000000 0.000000
 1.075000 0.000000 0.000000
 1.077500 0.000000 0.000000
 1.080000 0.000000 0.000000
 1.082500 0.000000 0.000000
 1.085000 0.000000 0.000000
 1.087500 0.000000 0.000000
 1.090000 0.000000 0.000000
 1.092500 0.000000 0.000000
 1.095000 0.000000 0.000000
 1.097500 0.000000 0.000000
 1.100000 0.000000 0.000000
 1.102500 0.000000 0.000000
 1.105000 0.000000 0.000000
 1.107500 0.000000 0.000000
 1.110000 0.000000 0.000000
 1.112500 0.000000 0.000000
 1.115000 0.000000 0.000000
 1.117500 0.000000 0.000000
 1.120000 0.000000 0.000000
 1.122500 0.000000 0.000000
 1.125000 0.000000 0.000000
 1.127500 0.000000 0.000000
 1.130000 0.000000 0.000000
 1.132500 0.000000 0.000000
 1.135000 0.000000 0.000000
 1.137500 0.000000 0.000000
 1.140000 0.000000 0.000000
 1.142500 0.000000 0.000000
 1.145000 0.000000 0.000000
 1.147500 0.000000 0.000000
 1.150000 0.000000 0.000000
 1.152500 0.000000 0.000000
 1.155000 0.000000 0.000000
 1.157500 0.000000 0.000000
 1.160000 0.000000 0.000000
 1.162500 0.000000 0.000000
 1.165000 0.000000 0.000000
 1.167500 0.000000 0.000000
 1.170000 0.000000 0.000000
 1.172500 0.000000 0.000000
 1.175000 0.000000 0.000000
 1.177500 0.000000 0.000000
 1.180000 0.000000 0.000000
 1.182500 0.000000 0.000000
 1.185000 0.000000 0.000000
 1.187500 0.000000 0.000000
 1.190000 0.000000 0.000000
 1.192500 0.000000 0.000000
 1.195000 0.000000 0.000000
 1.197500 0.000000 0.000000
 1.200000 0.000000 0.000000
 1.202500 0.000000 0.000000
 1.205000 0.000000 0.000000
 1.207500 0.000000 0.000000
 1.210000 0.000000 0.000000
 1.212500 0.000000 0.000000
 1.215000 0.000000 0.000000
 1.217500 0.000000 0.000000
 1.220000 0.000000 0.000000
 1.222500 0.000000 0.000000
 1.225000 0.000000 0.000000
 1.227500 0.000000 0.000000
 1.230000 0.000000 0.000000
 1.232500 0.000000 0.000000
 1.235000 0.000000 0.000000
 1.237500 0.000000 0.000000
 1.240000 0.000000 0.000000
 1.242500 0.000000 0.000000
 1.245000 0.000000 0.000000
 1.247500 0.000000 0.000000
 1.250000 0.000000 0.000000
 1.252500 0.000000 0.000000
 1.255000 0.000000 0.000000
 1.257500 0.000000 0.000000
 1.260000 0.000000 0.000000
 1.262500 0.000000 0.000000
 1.265000 0.000000 0.000000
 1.267500 0.000000 0.000000
 1.270000 0.000000 0.000000
 1.272500 0.000000 0.000000
 1.275000 0.000000 0.000000
 1.277500 0.000000 0.000000
 1.280000 0.000000 0.000000
 1.282500 0.000000 0.000000
 1.285000 0.000000 0.000000
 1.287500 0.000000 0.000000
 1.290000 0.000000 0.000000
 1.292500 0.000000 0.000000
 1.295000 0.000000 0.000000
 1.297500 0.000000 0.000000
 1.300000 0.000000 0.000000
 1.302500 0.000000 0.000000
 1.305000 0.000000 0.000000
 1.307500 0.000000 0.000000
 1.310000 0.000000 0.000000
 1.312500 0.000000 0.000000
 1.315000 0.000000 0.000000
 1.317500 0.000000 0.000000
 1.320000 0.000000 0.000000
 1.322500 0.000000 0.000000
 1.325000 0.000000 0.000000
 1.327500 0.000000 0.000000
 1.330000 0.000000 0.000000
 1.332500 0.000000 0.000000
 1.335000 0.000000 0.000000
 1.337500 0.000000 0.000000
 1.340000 0.000000 0.000000
 1.342500 0.000000 0.000000
 1.345000 0.000000 0.000000
 1.347500 0.000000 0.000000
 1.350000 0.000000 0.000000
 1.352500 0.000000 0.000000
 1.355000 0.000000 0.000000
 1.357500 0.000000 0.000000
 1.360000 0.000000 0.000000
 1.362500 0.000000 0.000000
 1.365000 0.000000 0.000000
 1.367500 0.000000 0.000000
 1.370000 0.000000 0.000000
 1.372500 0.000000 0.000000
 1.375000 0.000000 0.000000
 1.377500 0.000000 0.000000
 1.380000 0.000000 0.000000
 1.382500 0.000000 0.000000
 1.385000 0.000000 0.000000
 1.387500 0.000000 0.000000
 1.390000 0.000000 0.000000
 1.392500 0.000000 0.000000
 1.395000 0.000000 0.000000
 1.397500 0.000000 0.000000
 1.400000 0.000000 0.000000
 1.402500 0.000000 0.000000
 1.405000 0.000000 0.000000
 1.407500 0.000000 0.000000
 1.410000 0.000000 0.000000
 1.412500 0.000000 0.000000
 1.415000 0.000000 0.000000
 1.417500 0.000000 0.000000
 1.420000 0.000000 0.000000
 1.422500 0.000000 0.000000
 1.425000 0.000000 0.000000
 1.427500 0.000000 0.000000
 1.430000 0.000000 0.000000
 1.432500 0.000000 0.000000
 1.435000 0.000000 0.000000
 1.437500 0.000000 0.000000
 1.440000 0.000000 0.000000
 1.442500 0.000000 0.000000
 1.445000 0.000000 0.000000
 1.447500 0.000000 0.000000
 1.450000 0.000000 0.000000
 1.452500 0.000000 0.000000
 1.455000 0.000000 0.000000
 1.457500 0.000000 0.000000
 1.460000 0.000000 0.000000
 1.462500 0.000000 0.000000
 1.465000 0.000000 0.000000
 1.467500 0.000000 0.000000
 1.470000 0.000000 0.000000
 1.472500 0.000000 0.000000
 1.475000 0.000000 0.000000
 1.477500 0.000000 0.000000
 1.480000 0.000000 0.000000
 1.482500 0.000000 0.000000
 1.485000 0.000000 0.000000
 1.487500 0.000000 0.000000
 1.490000 0.000000 0.000000
 1.492500 0.000000 0.000000
 1.495000 0.000000 0.000000
 1.497500 0.000000 0.000000
 1.500000 0.000000 0.000000
 1.502500 0.000000 0.000000
 1.505000 0.000000 0.000000
 1.507500 0.000000 0.000000
 1.510000 0.000000 0.000000
 1.512500 0.000000 0.000000
 1.515000 0.000000 0.000000
 1.517500 0.000000 0.000000
 1.520000 0.000000 0.000000
 1.522500 0.000000 0.000000
 1.525000 0.000000 0.000000
 1.527500 0.000000 0.000000
 1.530000 0.000000 0.000000
 1.532500 0.000000 0.000000
 1.535000 0.000000 0.000000
 1.537500 0.000000 0.000000
 1.540000 0.000000 0.000000
 1.542500 0.000000 0.000000
 1.545000 0.000000 0.000000
 1.547500 0.000000 0.000000
 1.550000 0.000000 0.000000
 1.552500 0.000000 0.000000
 1.555000 0.000000 0.000000
 1.557500 0.000000 0.000000
 1.560000 0.000000 0.000000
 1.562500 0.000000 0.000000
 1.565000 0.000000 0.000000
 1.567500 0.000000 0.000000
 1.570000 0.000000 0.000000
 1.572500 0.000000 0.000000
 1.575000 0.000000 0.000000
 1.577500 0.000000 0.000000
 1.580000 0.000000 0.000000
 1.582500 0.000000 0.000000
 1.585000 0.000000 0.000000
 1.587500 0.000000 0.000000
 1.590000 0.000000 0.000000
 1.592500 0.000000 0.000000
 1.595000 0.000000 0.000000
 1.597500 0.000000 0.000000
 1.600000 0.000000 0.000000
 1.602500 0.000000 0.000000
 1.605000 0.000000 0.000000
 1.607500 0.000000 0.000000
 1.610000 0.000000 0.000000
 1.612500 0.000000 0.000000
 1.615000 0.000000 0.000000
 1.617500 0.000000 0.000000
 1.620000 0.000000 0.000000
 1.622500 0.000000 0.000000
 1.625000 0.000000 0.000000
 1.627500 0.000000 0.000000
 1.630000 0.000000 0.000000
 1.632500 0.000000 0.000000
 1.635000 0.000000 0.000000
 1.637500 0.000000 0.000000
 1.640000 0.000000 0.000000
 1.642500 0.000000 0.000000
 1.645000 0.000000 0.000000
 1.647500 0.000000 0.000000
 1.650000 0.000000 0.000000
 1.652500 0.000000 0.000000
 1.655000 0.000000 0.000000
 1.657500 0.000000 0.000000
 1.660000 0.000000 0.000000
 1.662500 0.000000 0.000000
 1.665000 0.000000 0.000000
 1.667500 0.000000 0.000000
 1.670000 0.000000 0.000000
 1.672500 0.000000 0.000000
 1.675000 0.000000 0.000000
 1.677500 0.000000 0.000000
 1.680000 0.000000 0.000000
 1.682500 0.000000 0.000000
 1.685000 0.000000 0.000000
 1.687500 0.000000 0.000000
 1.690000 0.000000 0.000000
 1.692500 0.000000 0.000000
 1.695000 0.000000 0.000000
 1.697500 0.000000 0.000000
 1.700000 0.000000 0.000000
 1.702500 0.000000 0.000000
 1.705000 0.000000 0.000000
 1.707500 0.000000 0.000000
 1.710000 0.000000 0.000000
 1.712500 0.000000 0.000000
 1.715000 0.000000 0.000000
 1.717500 0.000000 0.000000
 1.720000 0.000000 0.000000
 1.722500 0.000000 0.000000
 1.725000 0.000000 0.000000
 1.727500 0.000000 0.000000
 1.730000 0.000000 0.000000
 1.732500 0.000000 0.000000
 1.735000 0.000000 0.000000
 1.737500 0.000000 0.000000
 1.740000 0.000000 0.000000
 1.742500 0.000000 0.000000
 1.745000 0.000000 0.000000
 1.747500 0.000000 0.000000
 1.750000 0.000000 0.000000
 1.752500 0.000000 0.000000
 1.755000 0.000000 0.000000
 1.757500 0.000000 0.000000
 1.760000 0.000000 0.000000
 1.762500 0.000000 0.000000
 1.765000 0.000000 0.000000
 1.767500 0.000000 0.000000
 1.770000 0.000000 0.000000
 1.772500 0.000000 0.000000
 1.775000 0.000000 0.000000
 1.777500 0.000000 0.000000
 1.780000 0.000000 0.000000
 1.782500 0.000000 0.000000
 1.785000 0.000000 0.000000
 1.787500 0.000000 0.000000
 1.790000 0.000000 0.000000
 1.792500 0.000000 0.000000
 1.795000 0.000000 0.000000
 1.797500 0.000000 0.000000
 1.800000 0.000000 0.000000
 1.802500 0.000000 0.000000
 1.805000 0.000000 0.000000
 1.807500 0.000000 0.000000
 1.810000 0.000000 0.000000
 1.812500 0.000000 0.000000
 1.815000 0.000000 0.000000
 1.817500 0.000000 0.000000
 1.820000 0.000000 0.000000
 1.822500 0.000000 0.000000
 1.825000 0.000000 0.000000
 1.827500 0.000000 0.000000
 1.830000 0.000000 0.000000
 1.832500 0.000000 0.000000
 1.835000 0.000000 0.000000
 1.837500 0.000000 0.000000
 1.840000 0.000000 0.000000
 1.842500 0.000000 0.000000
 1.845000 0.000000 0.000000
 1.847500 0.000000 0.000000
 1.850000 0.000000 0.000000
 1.852500 0.000000 0.000000
 1.855000 0.000000 0.000000
 1.857500 0.000000 0.000000
 1.860000 0.000000 0.000000
 1.862500 0.000000 0.000000
 1.865000 0.000000 0.000000
 1.867500 0.000000 0.000000
 1.870000 0.000000 0.000000
 1.872500 0.000000 0.000000
 1.875000 0.000000 0.000000
 1.877500 0.000000 0.000000
 1.880000 0.000000 0.000000
 1.882500 0.000000 0.000000
 1.885000 0.000000 0.000000
 1.887500 0.000000 0.000000
 1.890000 0.000000 0.000000
 1.892500 0.000000 0.000000
 1.895000 0.000000 0.000000
 1.897500 0.000000 0.000000
 1.900000 0.000000 0.000000
 1.902500 0.000000 0.000000
 1.905000 0.000000 0.000000
 1.907500 0.000000 0.000000
 1.910000 0.000000 0.000000
 1.912500 0.000000 0.000000
 1.915000 0.000000 0.000000
 1.917500 0.000000 0.000000
 1.920000 0.000000 0.000000
 1.922500 0.000000 0.000000
 1.925000 0.000000 0.000000
 1.927500 0.000000 0.000000
 1.930000 0.000000 0.000000
 1.932500 0.000000 0.000000
 1.935000 0.000000 0.000000
 1.937500 0.000000 0.000000
 1.940000 0.000000 0.000000
 1.942500 0.000000 0.000000
 1.945000 0.000000 0.000000
 1.947500 0.000000 0.000000
 1.950000 0.000000 0.000000
 1.952500 0.000000 0.000000
 1.955000 0.000000 0.000000
 1.957500 0.000000 0.000000
 1.960000 0.000000 0.000000
 1.962500 0.000000 0.000000
 1.965000 0.000000 0.000000
 1.967500 0.000000 0.000000
 1.970000 0.000000 0.000000
 1.972500 0.000000 0.000000
 1.975000 0.000000 0.000000
 1.977500 0.000000 0.000000
 1.980000 0.000000 0.000000
 1.982500 0.000000 0.000000
 1.985000 0.000000 0.000000
 1.987500 0.000000 0.000000
 1.990000 0.000000 0.000000
 1.992500 0.000000 0.000000
 1.995000 0.000000 0.000000
 1.997500 0.000000 0.000000
 2.000000 0.000000 0.000000
