#! FIELDS es hh dhh_es
#! SET normalisation  2000.000000
#! SET min_es -0.5
#! SET max_es 2
#! SET nbins_es  1000
#! SET periodic_es false
 -0.500000 0.000000 0.000000
 -0.497500 0.000000 0.000000
 -0.495000 0.000000 0.000000
 -0.492500 0.000000 0.000000
 -0.490000 0.000000 0.000000
 -0.487500 0.000000 0.000000
 -0.485000 0.000000 0.000000
 -0.482500 0.000000 0.000000
 -0.480000 0.000000 0.000000
 -0.477500 0.000000 0.000000
 -0.475000 0.000000 0.000000
 -0.472500 0.000000 0.000000
 -0.470000 0.000000 0.000000
 -0.467500 0.000000 0.000000
 -0.465000 0.000000 0.000000
 -0.462500 0.000000 0.000000
 -0.460000 0.000000 0.000000
 -0.457500 0.000000 0.000000
 -0.455000 0.000000 0.000000
 -0.452500 0.000000 0.000000
 -0.450000 0.000000 0.000000
 -0.447500 0.000000 0.000000
 -0.445000 0.000000 0.000000
 -0.442500 0.000000 0.000000
 -0.440000 0.000000 0.000000
 -0.437500 0.000000 0.000000
 -0.435000 0.000000 0.000000
 -0.432500 0.000000 0.000000
 -0.430000 0.000000 0.000000
 -0.427500 0.000000 0.000000
 -0.425000 0.000000 0.000000
 -0.422500 0.000000 0.000000
 -0.420000 0.000000 0.000000
 -0.417500 0.000000 0.000000
 -0.415000 0.000000 0.000000
 -0.412500 0.000000 0.000000
 -0.410000 0.000000 0.000000
 -0.407500 0.000000 0.000000
 -0.405000 0.000000 0.000000
 -0.402500 0.000000 0.000000
 -0.400000 0.000000 0.000000
 -0.397500 0.000000 0.000000
 -0.395000 0.000000 0.000000
 -0.392500 0.000000 0.000000
 -0.390000 0.000000 0.000000
 -0.387500 0.000000 0.000000
 -0.385000 0.000000 0.000000
 -0.382500 0.000000 0.000000
 -0.380000 0.000000 0.000000
 -0.377500 0.000000 0.000000
 -0.375000 0.000000 0.000000
 -0.372500 0.000000 0.000000
 -0.370000 0.000000 0.000000
 -0.367500 0.000000 0.000000
 -0.365000 0.000000 0.000000
 -0.362500 0.000000 0.000000
 -0.360000 0.000000 0.000000
 -0.357500 0.000000 0.000000
 -0.355000 0.000000 0.000000
 -0.352500 0.000000 0.000000
 -0.350000 0.000000 0.000000
 -0.347500 0.000000 0.000000
 -0.345000 0.000000 0.000000
 -0.342500 0.000000 0.000000
 -0.340000 0.000000 0.000000
 -0.337500 0.000000 0.000000
 -0.335000 0.000000 0.000000
 -0.332500 0.000000 0.000000
 -0.330000 0.000000 0.000000
 -0.327500 0.000000 0.000000
 -0.325000 0.000000 0.000000
 -0.322500 0.000000 0.000000
 -0.320000 0.000000 0.000000
 -0.317500 0.000000 0.000000
 -0.315000 0.000000 0.000000
 -0.312500 0.000000 0.000000
 -0.310000 0.000000 0.000000
 -0.307500 0.000000 0.000000
 -0.305000 0.000000 0.000000
 -0.302500 0.000000 0.000000
 -0.300000 0.000000 0.000000
 -0.297500 0.000000 0.000000
 -0.295000 0.000000 0.000000
 -0.292500 0.000000 0.000000
 -0.290000 0.000000 0.000000
 -0.287500 0.000000 0.000000
 -0.285000 0.000000 0.000000
 -0.282500 0.000000 0.000000
 -0.280000 0.000000 0.000000
 -0.277500 0.000000 0.000000
 -0.275000 0.000000 0.000000
 -0.272500 0.000000 0.000000
 -0.270000 0.000000 0.000000
 -0.267500 0.000000 0.000000
 -0.265000 0.000000 0.000000
 -0.262500 0.000000 0.000000
 -0.260000 0.000000 0.000000
 -0.257500 0.000000 0.000000
 -0.255000 0.000000 0.000000
 -0.252500 0.000000 0.000000
 -0.250000 0.000000 0.000000
 -0.247500 0.000000 0.000000
 -0.245000 0.000000 0.000000
 -0.242500 0.000000 0.000000
 -0.240000 0.000000 0.000000
 -0.237500 0.000000 0.000000
 -0.235000 0.000000 0.000000
 -0.232500 0.000000 0.000000
 -0.230000 0.000000 0.000000
 -0.227500 0.000000 0.000000
 -0.225000 0.000000 0.000000
 -0.222500 0.000000 0.000000
 -0.220000 0.000000 0.000000
 -0.217500 0.000000 0.000000
 -0.215000 0.000000 0.000000
 -0.212500 0.000000 0.000000
 -0.210000 0.000000 0.000000
 -0.207500 0.000000 0.000000
 -0.205000 0.000000 0.000000
 -0.202500 0.000000 0.000000
 -0.200000 0.000000 0.000000
 -0.197500 0.000000 0.000000
 -0.195000 0.000000 0.000000
 -0.192500 0.000000 0.000000
 -0.190000 0.000000 0.000000
 -0.187500 0.000000 0.000000
 -0.185000 0.000000 0.000000
 -0.182500 0.000000 0.000000
 -0.180000 0.000000 0.000000
 -0.177500 0.000000 0.000000
 -0.175000 0.000000 0.000000
 -0.172500 0.000000 0.000000
 -0.170000 0.000000 0.000000
 -0.167500 0.000000 0.000000
 -0.165000 0.000000 0.000000
 -0.162500 0.000000 0.000000
 -0.160000 0.000000 0.000000
 -0.157500 0.000000 0.000000
 -0.155000 0.000000 0.000000
 -0.152500 0.000000 0.000000
 -0.150000 0.000000 0.000000
 -0.147500 0.000000 0.000000
 -0.145000 0.000000 0.000000
 -0.142500 0.000000 0.000000
 -0.140000 0.000000 0.000000
 -0.137500 0.000000 0.000000
 -0.135000 0.000000 0.000000
 -0.132500 0.000000 0.000000
 -0.130000 0.000000 0.000000
 -0.127500 0.000000 0.000000
 -0.125000 0.000000 0.000000
 -0.122500 0.000000 0.000000
 -0.120000 0.000000 0.000000
 -0.117500 0.000000 0.000000
 -0.115000 0.000000 0.000000
 -0.112500 0.000000 0.000000
 -0.110000 0.000000 0.000000
 -0.107500 0.000000 0.000000
 -0.105000 0.000000 0.000000
 -0.102500 0.000000 0.000000
 -0.100000 0.000000 0.000000
 -0.097500 0.000000 0.000000
 -0.095000 0.000000 0.000000
 -0.092500 0.000000 0.000000
 -0.090000 0.000000 0.000000
 -0.087500 0.000000 0.000000
 -0.085000 0.000000 0.000000
 -0.082500 0.000000 0.000000
 -0.080000 0.000000 0.000000
 -0.077500 0.000000 0.000000
 -0.075000 0.000000 0.000000
 -0.072500 0.000000 0.000000
 -0.070000 0.000000 0.000000
 -0.067500 0.000000 0.000000
 -0.065000 0.000000 0.000000
 -0.062500 0.000000 0.000000
 -0.060000 0.000000 0.000000
 -0.057500 0.000000 0.000000
 -0.055000 0.000000 0.000000
 -0.052500 0.000000 0.000000
 -0.050000 0.000000 0.000000
 -0.047500 0.000000 0.000000
 -0.045000 0.000000 0.000000
 -0.042500 0.000000 0.000000
 -0.040000 0.000000 0.000000
 -0.037500 0.000000 0.000000
 -0.035000 0.000000 0.000000
 -0.032500 0.000000 0.000000
 -0.030000 0.000000 0.000000
 -0.027500 0.000000 0.000000
 -0.025000 0.000000 0.000000
 -0.022500 0.000000 0.000000
 -0.020000 0.000000 0.000000
 -0.017500 0.000000 0.000000
 -0.015000 0.000000 0.000000
 -0.012500 0.000000 0.000000
 -0.010000 0.000000 0.000000
 -0.007500 0.000000 0.000000
 -0.005000 0.000000 0.000000
 -0.002500 0.000000 0.000000
 0.000000 0.000000 0.000014
 0.002500 0.000000 0.000056
 0.005000 0.000000 0.000130
 0.007500 0.000001 0.000318
 0.010000 0.000002 0.000658
 0.012500 0.000005 0.001379
 0.015000 0.000010 0.002623
 0.017500 0.000019 0.004817
 0.020000 0.000035 0.008311
 0.022500 0.000063 0.013875
 0.025000 0.000108 0.022150
 0.027500 0.000179 0.034414
 0.030000 0.000286 0.052096
 0.032500 0.000447 0.077145
 0.035000 0.000683 0.112303
 0.037500 0.001023 0.160521
 0.040000 0.001503 0.225302
 0.042500 0.002171 0.310159
 0.045000 0.003080 0.418032
 0.047500 0.004289 0.550729
 0.050000 0.005865 0.710387
 0.052500 0.007877 0.899240
 0.055000 0.010401 1.120406
 0.057500 0.013524 1.379465
 0.060000 0.017355 1.685950
 0.062500 0.022022 2.051016
 0.065000 0.027691 2.487353
 0.067500 0.034551 3.005306
 0.070000 0.042817 3.610206
 0.072500 0.052703 4.299299
 0.075000 0.064410 5.063220
 0.077500 0.078107 5.886877
 0.080000 0.093922 6.753855
 0.082500 0.111947 7.651035
 0.085000 0.132249 8.572970
 0.087500 0.154888 9.520627
 0.090000 0.179941 10.504049
 0.092500 0.207513 11.535611
 0.095000 0.237740 12.629139
 0.097500 0.270797 13.796139
 0.100000 0.306862 15.036989
 0.102500 0.346119 16.345869
 0.105000 0.388715 17.704796
 0.107500 0.434754 19.089869
 0.110000 0.484256 20.468121
 0.112500 0.537159 21.805997
 0.115000 0.593329 23.072940
 0.117500 0.652547 24.240824
 0.120000 0.714535 25.286527
 0.122500 0.778971 26.193279
 0.125000 0.845488 26.949055
 0.127500 0.913705 27.555079
 0.130000 0.983265 28.026748
 0.132500 1.053866 28.394582
 0.135000 1.125298 28.699072
 0.137500 1.197461 28.984921
 0.140000 1.270343 29.279214
 0.142500 1.343993 29.599626
 0.145000 1.418467 29.940122
 0.147500 1.493800 30.284749
 0.150000 1.569975 30.610070
 0.152500 1.646916 30.893533
 0.155000 1.724474 31.105567
 0.157500 1.802451 31.227380
 0.160000 1.880601 31.247017
 0.162500 1.958672 31.169030
 0.165000 2.036437 31.006919
 0.167500 2.113708 30.786354
 0.170000 2.190374 30.526371
 0.172500 2.266349 30.237775
 0.175000 2.341546 29.912249
 0.177500 2.415863 29.523862
 0.180000 2.489090 29.040791
 0.182500 2.560954 28.430148
 0.185000 2.631105 27.678032
 0.187500 2.699189 26.778969
 0.190000 2.764851 25.752010
 0.192500 2.827826 24.642958
 0.195000 2.887974 23.502339
 0.197500 2.945296 22.392619
 0.200000 2.999920 21.369564
 0.202500 3.052138 20.474803
 0.205000 3.102299 19.726490
 0.207500 3.150758 19.116952
 0.210000 3.197827 18.604999
 0.212500 3.243672 18.128072
 0.215000 3.288281 17.617257
 0.217500 3.331490 17.001226
 0.220000 3.372989 16.255510
 0.222500 3.412464 15.388907
 0.225000 3.449674 14.457863
 0.227500 3.484561 13.549973
 0.230000 3.517287 12.753806
 0.232500 3.548212 12.116800
 0.235000 3.577774 11.662088
 0.237500 3.606388 11.357173
 0.240000 3.634357 11.141550
 0.242500 3.661823 10.941275
 0.245000 3.688720 10.686009
 0.247500 3.714856 10.327907
 0.250000 3.739927 9.827161
 0.252500 3.763535 9.155210
 0.255000 3.785210 8.287791
 0.257500 3.804438 7.194489
 0.260000 3.820642 5.872515
 0.262500 3.833266 4.341259
 0.265000 3.841843 2.649289
 0.267500 3.846076 0.879592
 0.270000 3.845894 -0.857586
 0.272500 3.841521 -2.453359
 0.275000 3.833439 -3.801616
 0.277500 3.822378 -4.831980
 0.280000 3.809169 -5.510159
 0.282500 3.794670 -5.868609
 0.285000 3.779585 -5.998641
 0.287500 3.764326 -6.028801
 0.290000 3.748953 -6.110833
 0.292500 3.733169 -6.377201
 0.295000 3.716400 -6.910583
 0.297500 3.697935 -7.718309
 0.300000 3.677134 -8.762776
 0.302500 3.653512 -9.960849
 0.305000 3.626821 -11.199587
 0.307500 3.597089 -12.372316
 0.310000 3.564603 -13.390856
 0.312500 3.529839 -14.181297
 0.315000 3.493425 -14.710443
 0.317500 3.456023 -14.971570
 0.320000 3.418263 -15.003102
 0.322500 3.380639 -14.896507
 0.325000 3.343334 -14.757237
 0.327500 3.306285 -14.711322
 0.330000 3.269130 -14.856074
 0.332500 3.231319 -15.229027
 0.335000 3.192327 -15.795732
 0.337500 3.151770 -16.458830
 0.340000 3.109558 -17.100413
 0.342500 3.065887 -17.613965
 0.345000 3.021160 -17.943651
 0.347500 2.975828 -18.098611
 0.350000 2.930273 -18.141760
 0.352500 2.884659 -18.158150
 0.355000 2.838964 -18.219454
 0.357500 2.793024 -18.359415
 0.360000 2.746642 -18.571700
 0.362500 2.699690 -18.815300
 0.365000 2.652143 -19.034408
 0.367500 2.604118 -19.192306
 0.370000 2.555797 -19.267208
 0.372500 2.507393 -19.267699
 0.375000 2.459067 -19.206040
 0.377500 2.410945 -19.106024
 0.380000 2.363117 -18.982055
 0.382500 2.315634 -18.833384
 0.385000 2.268559 -18.655736
 0.387500 2.221976 -18.442163
 0.390000 2.175972 -18.186531
 0.392500 2.130667 -17.885980
 0.395000 2.086188 -17.528390
 0.397500 2.042683 -17.107078
 0.400000 2.000306 -16.630042
 0.402500 1.959165 -16.132656
 0.405000 1.919240 -15.666657
 0.407500 1.880368 -15.303393
 0.410000 1.842218 -15.108039
 0.412500 1.804325 -15.095685
 0.415000 1.766253 -15.239852
 0.417500 1.727701 -15.471138
 0.420000 1.688575 -15.687176
 0.422500 1.649021 -15.797351
 0.425000 1.609394 -15.747891
 0.427500 1.570106 -15.527589
 0.430000 1.531553 -15.173362
 0.432500 1.493999 -14.742176
 0.435000 1.457553 -14.292139
 0.437500 1.422210 -13.874265
 0.440000 1.387845 -13.516087
 0.442500 1.354285 -13.230636
 0.445000 1.321348 -13.025274
 0.447500 1.288833 -12.890840
 0.450000 1.256582 -12.812303
 0.452500 1.224483 -12.760403
 0.455000 1.192518 -12.701442
 0.457500 1.160761 -12.591717
 0.460000 1.129380 -12.398969
 0.462500 1.098611 -12.111488
 0.465000 1.068667 -11.738086
 0.467500 1.039726 -11.320199
 0.470000 1.011847 -10.898556
 0.472500 0.984991 -10.504701
 0.475000 0.959072 -10.152138
 0.477500 0.933989 -9.834658
 0.480000 0.909676 -9.537368
 0.482500 0.886099 -9.246596
 0.485000 0.863241 -8.964445
 0.487500 0.841065 -8.709185
 0.490000 0.819472 -8.502239
 0.492500 0.798313 -8.363735
 0.495000 0.777410 -8.298618
 0.497500 0.756594 -8.291791
 0.500000 0.735759 -8.316414
 0.502500 0.714863 -8.332478
 0.505000 0.693974 -8.309422
 0.507500 0.673214 -8.226004
 0.510000 0.652754 -8.073043
 0.512500 0.632758 -7.856676
 0.515000 0.613366 -7.592901
 0.517500 0.594672 -7.302609
 0.520000 0.576719 -7.006936
 0.522500 0.559497 -6.721751
 0.525000 0.542964 -6.462880
 0.527500 0.527039 -6.234780
 0.530000 0.511627 -6.050163
 0.532500 0.496623 -5.912724
 0.535000 0.481908 -5.818400
 0.537500 0.467386 -5.761235
 0.540000 0.452977 -5.724875
 0.542500 0.438648 -5.692643
 0.545000 0.424414 -5.648242
 0.547500 0.410322 -5.579747
 0.550000 0.396447 -5.478671
 0.552500 0.382867 -5.342252
 0.555000 0.369669 -5.174897
 0.557500 0.356921 -4.985136
 0.560000 0.344669 -4.783105
 0.562500 0.332926 -4.577149
 0.565000 0.321695 -4.377959
 0.567500 0.310946 -4.190806
 0.570000 0.300648 -4.021603
 0.572500 0.290749 -3.870596
 0.575000 0.281203 -3.739339
 0.577500 0.271964 -3.625013
 0.580000 0.262999 -3.522518
 0.582500 0.254281 -3.423372
 0.585000 0.245819 -3.321424
 0.587500 0.237625 -3.205467
 0.590000 0.229737 -3.077519
 0.592500 0.222186 -2.941743
 0.595000 0.214975 -2.807432
 0.597500 0.208084 -2.688258
 0.600000 0.201462 -2.593924
 0.602500 0.195042 -2.529738
 0.605000 0.188744 -2.488629
 0.607500 0.182533 -2.464770
 0.610000 0.176380 -2.438937
 0.612500 0.170308 -2.398071
 0.615000 0.164368 -2.330492
 0.617500 0.158639 -2.231016
 0.620000 0.153199 -2.100868
 0.622500 0.148113 -1.948976
 0.625000 0.143419 -1.793580
 0.627500 0.139096 -1.654537
 0.630000 0.135080 -1.552383
 0.632500 0.131260 -1.500739
 0.635000 0.127504 -1.499567
 0.637500 0.123695 -1.540287
 0.640000 0.119754 -1.602726
 0.642500 0.115653 -1.662388
 0.645000 0.111429 -1.699749
 0.647500 0.107156 -1.701459
 0.650000 0.102928 -1.663404
 0.652500 0.098841 -1.592706
 0.655000 0.094961 -1.497952
 0.657500 0.091332 -1.393858
 0.660000 0.087964 -1.292995
 0.662500 0.084837 -1.204387
 0.665000 0.081909 -1.132970
 0.667500 0.079136 -1.082183
 0.670000 0.076464 -1.048385
 0.672500 0.073859 -1.028480
 0.675000 0.071296 -1.014482
 0.677500 0.068769 -0.998849
 0.680000 0.066287 -0.975705
 0.682500 0.063878 -0.943182
 0.685000 0.061562 -0.902343
 0.687500 0.059355 -0.856434
 0.690000 0.057260 -0.814287
 0.692500 0.055260 -0.782347
 0.695000 0.053320 -0.766502
 0.697500 0.051400 -0.766961
 0.700000 0.049462 -0.780017
 0.702500 0.047483 -0.797388
 0.705000 0.045466 -0.810416
 0.707500 0.043428 -0.811840
 0.710000 0.041405 -0.800419
 0.712500 0.039425 -0.777088
 0.715000 0.037511 -0.749269
 0.717500 0.035666 -0.722907
 0.720000 0.033882 -0.701554
 0.722500 0.032143 -0.686358
 0.725000 0.030438 -0.674304
 0.727500 0.028764 -0.660350
 0.730000 0.027132 -0.640505
 0.732500 0.025560 -0.611608
 0.735000 0.024074 -0.573402
 0.737500 0.022693 -0.526119
 0.740000 0.021438 -0.473908
 0.742500 0.020317 -0.419816
 0.745000 0.019329 -0.367407
 0.747500 0.018468 -0.319825
 0.750000 0.017720 -0.278118
 0.752500 0.017067 -0.242893
 0.755000 0.016494 -0.213747
 0.757500 0.015986 -0.191571
 0.760000 0.015525 -0.176354
 0.762500 0.015091 -0.170739
 0.765000 0.014658 -0.175011
 0.767500 0.014202 -0.189599
 0.770000 0.013699 -0.211683
 0.772500 0.013138 -0.236012
 0.775000 0.012519 -0.256225
 0.777500 0.011860 -0.267419
 0.780000 0.011189 -0.265979
 0.782500 0.010538 -0.252008
 0.785000 0.009934 -0.228587
 0.787500 0.009396 -0.200386
 0.790000 0.008929 -0.172763
 0.792500 0.008526 -0.149209
 0.795000 0.008174 -0.132566
 0.797500 0.007855 -0.123077
 0.800000 0.007551 -0.120425
 0.802500 0.007246 -0.123681
 0.805000 0.006927 -0.130790
 0.807500 0.006588 -0.140124
 0.810000 0.006225 -0.149217
 0.812500 0.005842 -0.155567
 0.815000 0.005449 -0.156515
 0.817500 0.005062 -0.150810
 0.820000 0.004700 -0.137340
 0.822500 0.004380 -0.117050
 0.825000 0.004117 -0.091872
 0.827500 0.003921 -0.064955
 0.830000 0.003790 -0.040032
 0.832500 0.003715 -0.020235
 0.835000 0.003680 -0.008915
 0.837500 0.003661 -0.007024
 0.840000 0.003635 -0.014927
 0.842500 0.003579 -0.030170
 0.845000 0.003479 -0.049828
 0.847500 0.003329 -0.069578
 0.850000 0.003133 -0.085868
 0.852500 0.002903 -0.096464
 0.855000 0.002655 -0.100217
 0.857500 0.002407 -0.097528
 0.860000 0.002171 -0.090178
 0.862500 0.001957 -0.080389
 0.865000 0.001769 -0.070104
 0.867500 0.001605 -0.061131
 0.870000 0.001461 -0.054394
 0.872500 0.001331 -0.050065
 0.875000 0.001209 -0.047428
 0.877500 0.001092 -0.045372
 0.880000 0.000982 -0.042807
 0.882500 0.000879 -0.038834
 0.885000 0.000788 -0.033301
 0.887500 0.000712 -0.027159
 0.890000 0.000652 -0.021299
 0.892500 0.000604 -0.016842
 0.895000 0.000565 -0.014325
 0.897500 0.000531 -0.013433
 0.900000 0.000497 -0.013688
 0.902500 0.000462 -0.013933
 0.905000 0.000427 -0.013542
 0.907500 0.000395 -0.012164
 0.910000 0.000367 -0.010026
 0.912500 0.000345 -0.007852
 0.915000 0.000327 -0.006296
 0.917500 0.000312 -0.006094
 0.920000 0.000295 -0.007139
 0.922500 0.000275 -0.009182
 0.925000 0.000249 -0.011542
 0.927500 0.000218 -0.013499
 0.930000 0.000182 -0.014578
 0.932500 0.000146 -0.014479
 0.935000 0.000111 -0.013243
 0.937500 0.000080 -0.011266
 0.940000 0.000055 -0.008856
 0.942500 0.000035 -0.006533
 0.945000 0.000022 -0.004493
 0.947500 0.000013 -0.002886
 0.950000 0.000007 -0.001734
 0.952500 0.000004 -0.000975
 0.955000 0.000002 -0.000501
 0.957500 0.000001 -0.000249
 0.960000 0.000000 -0.000096
 0.962500 0.000000 -0.000043
 0.965000 0.000000 0.000000
 0.967500 0.000000 0.000000
 0.970000 0.000000 0.000000
 0.972500 0.000000 0.000000
 0.975000 0.000000 0.000000
 0.977500 0.000000 0.000000
 0.980000 0.000000 0.000000
 0.982500 0.000000 0.000000
 0.985000 0.000000 0.000000
 0.987500 0.000000 0.000000
 0.990000 0.000000 0.000000
 0.992500 0.000000 0.000000
 0.995000 0.000000 0.000000
 0.997500 0.000000 0.000000
 1.000000 0.000000 0.000000
 1.002500 0.000000 0.000000
 1.005000 0.000000 0.000000
 1.007500 0.000000 0.000000
 1.010000 0.000000 0.000000
 1.012500 0.000000 0.000000
 1.015000 0.000000 0.000000
 1.017500 0.000000 0.000000
 1.020000 0.000000 0.000000
 1.022500 0.000000 0.000000
 1.025000 0.000000 0.000000
 1.027500 0.000000 0.000000
 1.030000 0.000000 0.000000
 1.032500 0.000000 0.000000
 1.035000 0.000000 0.000000
 1.037500 0.000000 0.000000
 1.040000 0.000000 0.000000
 1.042500 0.000000 0.000000
 1.045000 0.000000 0.000000
 1.047500 0.000000 0.000000
 1.050000 0.000000 0.000000
 1.052500 0.000000 0.000000
 1.055000 0.000000 0.000000
 1.057500 0.000000 0.000000
 1.060000 0.000000 0.000000
 1.062500 0.000000 0.000000
 1.065000 0.000000 0.000000
 1.067500 0.000000 0.000000
 1.070000 0.000000 0.000000
 1.072500 0.000000 0.000000
 1.075000 0.000000 0.000000
 1.077500 0.000000 0.000000
 1.080000 0.000000 0.000000
 1.082500 0.000000 0.000000
 1.085000 0.000000 0.000000
 1.087500 0.000000 0.000000
 1.090000 0.000000 0.000000
 1.092500 0.000000 0.000000
 1.095000 0.000000 0.000000
 1.097500 0.000000 0.000000
 1.100000 0.000000 0.000000
 1.102500 0.000000 0.000000
 1.105000 0.000000 0.000000
 1.107500 0.000000 0.000000
 1.110000 0.000000 0.000000
 1.112500 0.000000 0.000000
 1.115000 0.000000 0.000000
 1.117500 0.000000 0.000000
 1.120000 0.000000 0.000000
 1.122500 0.000000 0.000000
 1.125000 0.000000 0.000000
 1.127500 0.000000 0.000000
 1.130000 0.000000 0.000000
 1.132500 0.000000 0.000000
 1.135000 0.000000 0.000000
 1.137500 0.000000 0.000000
 1.140000 0.000000 0.000000
 1.142500 0.000000 0.000000
 1.145000 0.000000 0.000000
 1.147500 0.000000 0.000000
 1.150000 0.000000 0.000000
 1.152500 0.000000 0.000000
 1.155000 0.000000 0.000000
 1.157500 0.000000 0.000000
 1.160000 0.000000 0.000000
 1.162500 0.000000 0.000000
 1.165000 0.000000 0.000000
 1.167500 0.000000 0.000000
 1.170000 0.000000 0.000000
 1.172500 0.000000 0.000000
 1.175000 0.000000 0.000000
 1.177500 0.000000 0.000000
 1.180000 0.000000 0.000000
 1.182500 0.000000 0.000000
 1.185000 0.000000 0.000000
 1.187500 0.000000 0.000000
 1.190000 0.000000 0.000000
 1.192500 0.000000 0.000000
 1.195000 0.000000 0.000000
 1.197500 0.000000 0.000000
 1.200000 0.000000 0.000000
 1.202500 0.000000 0.000000
 1.205000 0.000000 0.000000
 1.207500 0.000000 0.000000
 1.210000 0.000000 0.000000
 1.212500 0.000000 0.000000
 1.215000 0.000000 0.000000
 1.217500 0.000000 0.000000
 1.220000 0.000000 0.000000
 1.222500 0.000000 0.000000
 1.225000 0.000000 0.000000
 1.227500 0.000000 0.000000
 1.230000 0.000000 0.000000
 1.232500 0.000000 0.000000
 1.235000 0.000000 0.000000
 1.237500 0.000000 0.000000
 1.240000 0.000000 0.000000
 1.242500 0.000000 0.000000
 1.245000 0.000000 0.000000
 1.247500 0.000000 0.000000
 1.250000 0.000000 0.000000
 1.252500 0.000000 0.000000
 1.255000 0.000000 0.000000
 1.257500 0.000000 0.000000
 1.260000 0.000000 0.000000
 1.262500 0.000000 0.000000
 1.265000 0.000000 0.000000
 1.267500 0.000000 0.000000
 1.270000 0.000000 0.000000
 1.272500 0.000000 0.000000
 1.275000 0.000000 0.000000
 1.277500 0.000000 0.000000
 1.280000 0.000000 0.000000
 1.282500 0.000000 0.000000
 1.285000 0.000000 0.000000
 1.287500 0.000000 0.000000
 1.290000 0.000000 0.000000
 1.292500 0.000000 0.000000
 1.295000 0.000000 0.000000
 1.297500 0.000000 0.000000
 1.300000 0.000000 0.000000
 1.302500 0.000000 0.000000
 1.305000 0.000000 0.000000
 1.307500 0.000000 0.000000
 1.310000 0.000000 0.000000
 1.312500 0.000000 0.000000
 1.315000 0.000000 0.000000
 1.317500 0.000000 0.000000
 1.320000 0.000000 0.000000
 1.322500 0.000000 0.000000
 1.325000 0.000000 0.000000
 1.327500 0.000000 0.000000
 1.330000 0.000000 0.000000
 1.332500 0.000000 0.000000
 1.335000 0.000000 0.000000
 1.337500 0.000000 0.000000
 1.340000 0.000000 0.000000
 1.342500 0.000000 0.000000
 1.345000 0.000000 0.000000
 1.347500 0.000000 0.000000
 1.350000 0.000000 0.000000
 1.352500 0.000000 0.000000
 1.355000 0.000000 0.000000
 1.357500 0.000000 0.000000
 1.360000 0.000000 0.000000
 1.362500 0.000000 0.000000
 1.365000 0.000000 0.000000
 1.367500 0.000000 0.000000
 1.370000 0.000000 0.000000
 1.372500 0.000000 0.000000
 1.375000 0.000000 0.000000
 1.377500 0.000000 0.000000
 1.380000 0.000000 0.000000
 1.382500 0.000000 0.000000
 1.385000 0.000000 0.000000
 1.387500 0.000000 0.000000
 1.390000 0.000000 0.000000
 1.392500 0.000000 0.000000
 1.395000 0.000000 0.000000
 1.397500 0.000000 0.000000
 1.400000 0.000000 0.000000
 1.402500 0.000000 0.000000
 1.405000 0.000000 0.000000
 1.407500 0.000000 0.000000
 1.410000 0.000000 0.000000
 1.412500 0.000000 0.000000
 1.415000 0.000000 0.000000
 1.417500 0.000000 0.000000
 1.420000 0.000000 0.000000
 1.422500 0.000000 0.000000
 1.425000 0.000000 0.000000
 1.427500 0.000000 0.000000
 1.430000 0.000000 0.000000
 1.432500 0.000000 0.000000
 1.435000 0.000000 0.000000
 1.437500 0.000000 0.000000
 1.440000 0.000000 0.000000
 1.442500 0.000000 0.000000
 1.445000 0.000000 0.000000
 1.447500 0.000000 0.000000
 1.450000 0.000000 0.000000
 1.452500 0.000000 0.000000
 1.455000 0.000000 0.000000
 1.457500 0.000000 0.000000
 1.460000 0.000000 0.000000
 1.462500 0.000000 0.000000
 1.465000 0.000000 0.000000
 1.467500 0.000000 0.000000
 1.470000 0.000000 0.000000
 1.472500 0.000000 0.000000
 1.475000 0.000000 0.000000
 1.477500 0.000000 0.000000
 1.480000 0.000000 0.000000
 1.482500 0.000000 0.000000
 1.485000 0.000000 0.000000
 1.487500 0.000000 0.000000
 1.490000 0.000000 0.000000
 1.492500 0.000000 0.000000
 1.495000 0.000000 0.000000
 1.497500 0.000000 0.000000
 1.500000 0.000000 0.000000
 1.502500 0.000000 0.000000
 1.505000 0.000000 0.000000
 1.507500 0.000000 0.000000
 1.510000 0.000000 0.000000
 1.512500 0.000000 0.000000
 1.515000 0.000000 0.000000
 1.517500 0.000000 0.000000
 1.520000 0.000000 0.000000
 1.522500 0.000000 0.000000
 1.525000 0.000000 0.000000
 1.527500 0.000000 0.000000
 1.530000 0.000000 0.000000
 1.532500 0.000000 0.000000
 1.535000 0.000000 0.000000
 1.537500 0.000000 0.000000
 1.540000 0.000000 0.000000
 1.542500 0.000000 0.000000
 1.545000 0.000000 0.000000
 1.547500 0.000000 0.000000
 1.550000 0.000000 0.000000
 1.552500 0.000000 0.000000
 1.555000 0.000000 0.000000
 1.557500 0.000000 0.000000
 1.560000 0.000000 0.000000
 1.562500 0.000000 0.000000
 1.565000 0.000000 0.000000
 1.567500 0.000000 0.000000
 1.570000 0.000000 0.000000
 1.572500 0.000000 0.000000
 1.575000 0.000000 0.000000
 1.577500 0.000000 0.000000
 1.580000 0.000000 0.000000
 1.582500 0.000000 0.000000
 1.585000 0.000000 0.000000
 1.587500 0.000000 0.000000
 1.590000 0.000000 0.000000
 1.592500 0.000000 0.000000
 1.595000 0.000000 0.000000
 1.597500 0.000000 0.000000
 1.600000 0.000000 0.000000
 1.602500 0.000000 0.000000
 1.605000 0.000000 0.000000
 1.607500 0.000000 0.000000
 1.610000 0.000000 0.000000
 1.612500 0.000000 0.000000
 1.615000 0.000000 0.000000
 1.617500 0.000000 0.000000
 1.620000 0.000000 0.000000
 1.622500 0.000000 0.000000
 1.625000 0.000000 0.000000
 1.627500 0.000000 0.000000
 1.630000 0.000000 0.000000
 1.632500 0.000000 0.000000
 1.635000 0.000000 0.000000
 1.637500 0.000000 0.000000
 1.640000 0.000000 0.000000
 1.642500 0.000000 0.000000
 1.645000 0.000000 0.000000
 1.647500 0.000000 0.000000
 1.650000 0.000000 0.000000
 1.652500 0.000000 0.000000
 1.655000 0.000000 0.000000
 1.657500 0.000000 0.000000
 1.660000 0.000000 0.000000
 1.662500 0.000000 0.000000
 1.665000 0.000000 0.000000
 1.667500 0.000000 0.000000
 1.670000 0.000000 0.000000
 1.672500 0.000000 0.000000
 1.675000 0.000000 0.000000
 1.677500 0.000000 0.000000
 1.680000 0.000000 0.000000
 1.682500 0.000000 0.000000
 1.685000 0.000000 0.000000
 1.687500 0.000000 0.000000
 1.690000 0.000000 0.000000
 1.692500 0.000000 0.000000
 1.695000 0.000000 0.000000
 1.697500 0.000000 0.000000
 1.700000 0.000000 0.000000
 1.702500 0.000000 0.000000
 1.705000 0.000000 0.000000
 1.707500 0.000000 0.000000
 1.710000 0.000000 0.000000
 1.712500 0.000000 0.000000
 1.715000 0.000000 0.000000
 1.717500 0.000000 0.000000
 1.720000 0.000000 0.000000
 1.722500 0.000000 0.000000
 1.725000 0.000000 0.000000
 1.727500 0.000000 0.000000
 1.730000 0.000000 0.000000
 1.732500 0.000000 0.000000
 1.735000 0.000000 0.000000
 1.737500 0.000000 0.000000
 1.740000 0.000000 0.000000
 1.742500 0.000000 0.000000
 1.745000 0.000000 0.000000
 1.747500 0.000000 0.000000
 1.750000 0.000000 0.000000
 1.752500 0.000000 0.000000
 1.755000 0.000000 0.000000
 1.757500 0.000000 0.000000
 1.760000 0.000000 0.000000
 1.762500 0.000000 0.000000
 1.765000 0.000000 0.000000
 1.767500 0.000000 0.000000
 1.770000 0.000000 0.000000
 1.772500 0.000000 0.000000
 1.775000 0.000000 0.000000
 1.777500 0.000000 0.000000
 1.780000 0.000000 0.000000
 1.782500 0.000000 0.000000
 1.785000 0.000000 0.000000
 1.787500 0.000000 0.000000
 1.790000 0.000000 0.000000
 1.792500 0.000000 0.000000
 1.795000 0.000000 0.000000
 1.797500 0.000000 0.000000
 1.800000 0.000000 0.000000
 1.802500 0.000000 0.000000
 1.805000 0.000000 0.000000
 1.807500 0.000000 0.000000
 1.810000 0.000000 0.000000
 1.812500 0.000000 0.000000
 1.815000 0.000000 0.000000
 1.817500 0.000000 0.000000
 1.820000 0.000000 0.000000
 1.822500 0.000000 0.000000
 1.825000 0.000000 0.000000
 1.827500 0.000000 0.000000
 1.830000 0.000000 0.000000
 1.832500 0.000000 0.000000
 1.835000 0.000000 0.000000
 1.837500 0.000000 0.000000
 1.840000 0.000000 0.000000
 1.842500 0.000000 0.000000
 1.845000 0.000000 0.000000
 1.847500 0.000000 0.000000
 1.850000 0.000000 0.000000
 1.852500 0.000000 0.000000
 1.855000 0.000000 0.000000
 1.857500 0.000000 0.000000
 1.860000 0.000000 0.000000
 1.862500 0.000000 0.000000
 1.865000 0.000000 0.000000
 1.867500 0.000000 0.000000
 1.870000 0.000000 0.000000
 1.872500 0.000000 0.000000
 1.875000 0.000000 0.000000
 1.877500 0.000000 0.000000
 1.880000 0.000000 0.000000
 1.882500 0.000000 0.000000
 1.885000 0.000000 0.000000
 1.887500 0.000000 0.000000
 1.890000 0.000000 0.000000
 1.892500 0.000000 0.000000
 1.895000 0.000000 0.000000
 1.897500 0.000000 0.000000
 1.900000 0.000000 0.000000
 1.902500 0.000000 0.000000
 1.905000 0.000000 0.000000
 1.907500 0.000000 0.000000
 1.910000 0.000000 0.000000
 1.912500 0.000000 0.000000
 1.915000 0.000000 0.000000
 1.917500 0.000000 0.000000
 1.920000 0.000000 0.000000
 1.922500 0.000000 0.000000
 1.925000 0.000000 0.000000
 1.927500 0.000000 0.000000
 1.930000 0.000000 0.000000
 1.932500 0.000000 0.000000
 1.935000 0.000000 0.000000
 1.937500 0.000000 0.000000
 1.940000 0.000000 0.000000
 1.942500 0.000000 0.000000
 1.945000 0.000000 0.000000
 1.947500 0.000000 0.000000
 1.950000 0.000000 0.000000
 1.952500 0.000000 0.000000
 1.955000 0.000000 0.000000
 1.957500 0.000000 0.000000
 1.960000 0.000000 0.000000
 1.962500 0.000000 0.000000
 1.965000 0.000000 0.000000
 1.967500 0.000000 0.000000
 1.970000 0.000000 0.000000
 1.972500 0.000000 0.000000
 1.975000 0.000000 0.000000
 1.977500 0.000000 0.000000
 1.980000 0.000000 0.000000
 1.982500 0.000000 0.000000
 1.985000 0.000000 0.000000
 1.987500 0.000000 0.000000
 1.990000 0.000000 0.000000
 1.992500 0.000000 0.000000
 1.995000 0.000000 0.000000
 1.997500 0.000000 0.000000
 2.000000 0.000000 0.000000
