#! FIELDS es hh dhh_es
#! SET normalisation  2000.000000
#! SET min_es -0.5
#! SET max_es 2
#! SET nbins_es  1000
#! SET periodic_es false
 -0.500000 0.000000 0.000000
 -0.497500 0.000000 0.000000
 -0.495000 0.000000 0.000000
 -0.492500 0.000000 0.000000
 -0.490000 0.000000 0.000000
 -0.487500 0.000000 0.000000
 -0.485000 0.000000 0.000000
 -0.482500 0.000000 0.000000
 -0.480000 0.000000 0.000000
 -0.477500 0.000000 0.000000
 -0.475000 0.000000 0.000000
 -0.472500 0.000000 0.000000
 -0.470000 0.000000 0.000000
 -0.467500 0.000000 0.000000
 -0.465000 0.000000 0.000000
 -0.462500 0.000000 0.000000
 -0.460000 0.000000 0.000000
 -0.457500 0.000000 0.000000
 -0.455000 0.000000 0.000000
 -0.452500 0.000000 0.000000
 -0.450000 0.000000 0.000000
 -0.447500 0.000000 0.000000
 -0.445000 0.000000 0.000000
 -0.442500 0.000000 0.000000
 -0.440000 0.000000 0.000000
 -0.437500 0.000000 0.000000
 -0.435000 0.000000 0.000000
 -0.432500 0.000000 0.000000
 -0.430000 0.000000 0.000000
 -0.427500 0.000000 0.000000
 -0.425000 0.000000 0.000000
 -0.422500 0.000000 0.000000
 -0.420000 0.000000 0.000000
 -0.417500 0.000000 0.000000
 -0.415000 0.000000 0.000000
 -0.412500 0.000000 0.000000
 -0.410000 0.000000 0.000000
 -0.407500 0.000000 0.000000
 -0.405000 0.000000 0.000000
 -0.402500 0.000000 0.000000
 -0.400000 0.000000 0.000000
 -0.397500 0.000000 0.000000
 -0.395000 0.000000 0.000000
 -0.392500 0.000000 0.000000
 -0.390000 0.000000 0.000000
 -0.387500 0.000000 0.000000
 -0.385000 0.000000 0.000000
 -0.382500 0.000000 0.000000
 -0.380000 0.000000 0.000000
 -0.377500 0.000000 0.000000
 -0.375000 0.000000 0.000000
 -0.372500 0.000000 0.000000
 -0.370000 0.000000 0.000000
 -0.367500 0.000000 0.000000
 -0.365000 0.000000 0.000000
 -0.362500 0.000000 0.000000
 -0.360000 0.000000 0.000000
 -0.357500 0.000000 0.000000
 -0.355000 0.000000 0.000000
 -0.352500 0.000000 0.000000
 -0.350000 0.000000 0.000000
 -0.347500 0.000000 0.000000
 -0.345000 0.000000 0.000000
 -0.342500 0.000000 0.000000
 -0.340000 0.000000 0.000000
 -0.337500 0.000000 0.000000
 -0.335000 0.000000 0.000000
 -0.332500 0.000000 0.000000
 -0.330000 0.000000 0.000000
 -0.327500 0.000000 0.000000
 -0.325000 0.000000 0.000000
 -0.322500 0.000000 0.000000
 -0.320000 0.000000 0.000000
 -0.317500 0.000000 0.000000
 -0.315000 0.000000 0.000000
 -0.312500 0.000000 0.000000
 -0.310000 0.000000 0.000000
 -0.307500 0.000000 0.000000
 -0.305000 0.000000 0.000000
 -0.302500 0.000000 0.000000
 -0.300000 0.000000 0.000000
 -0.297500 0.000000 0.000000
 -0.295000 0.000000 0.000000
 -0.292500 0.000000 0.000000
 -0.290000 0.000000 0.000000
 -0.287500 0.000000 0.000000
 -0.285000 0.000000 0.000000
 -0.282500 0.000000 0.000000
 -0.280000 0.000000 0.000000
 -0.277500 0.000000 0.000000
 -0.275000 0.000000 0.000000
 -0.272500 0.000000 0.000000
 -0.270000 0.000000 0.000000
 -0.267500 0.000000 0.000000
 -0.265000 0.000000 0.000000
 -0.262500 0.000000 0.000000
 -0.260000 0.000000 0.000000
 -0.257500 0.000000 0.000000
 -0.255000 0.000000 0.000000
 -0.252500 0.000000 0.000000
 -0.250000 0.000000 0.000000
 -0.247500 0.000000 0.000000
 -0.245000 0.000000 0.000000
 -0.242500 0.000000 0.000000
 -0.240000 0.000000 0.000000
 -0.237500 0.000000 0.000000
 -0.235000 0.000000 0.000000
 -0.232500 0.000000 0.000000
 -0.230000 0.000000 0.000000
 -0.227500 0.000000 0.000000
 -0.225000 0.000000 0.000000
 -0.222500 0.000000 0.000000
 -0.220000 0.000000 0.000000
 -0.217500 0.000000 0.000000
 -0.215000 0.000000 0.000000
 -0.212500 0.000000 0.000000
 -0.210000 0.000000 0.000000
 -0.207500 0.000000 0.000000
 -0.205000 0.000000 0.000000
 -0.202500 0.000000 0.000000
 -0.200000 0.000000 0.000000
 -0.197500 0.000000 0.000000
 -0.195000 0.000000 0.000000
 -0.192500 0.000000 0.000000
 -0.190000 0.000000 0.000000
 -0.187500 0.000000 0.000000
 -0.185000 0.000000 0.000000
 -0.182500 0.000000 0.000000
 -0.180000 0.000000 0.000000
 -0.177500 0.000000 0.000000
 -0.175000 0.000000 0.000000
 -0.172500 0.000000 0.000000
 -0.170000 0.000000 0.000000
 -0.167500 0.000000 0.000000
 -0.165000 0.000000 0.000000
 -0.162500 0.000000 0.000000
 -0.160000 0.000000 0.000000
 -0.157500 0.000000 0.000000
 -0.155000 0.000000 0.000000
 -0.152500 0.000000 0.000000
 -0.150000 0.000000 0.000000
 -0.147500 0.000000 0.000000
 -0.145000 0.000000 0.000000
 -0.142500 0.000000 0.000000
 -0.140000 0.000000 0.000000
 -0.137500 0.000000 0.000000
 -0.135000 0.000000 0.000000
 -0.132500 0.000000 0.000000
 -0.130000 0.000000 0.000000
 -0.127500 0.000000 0.000000
 -0.125000 0.000000 0.000000
 -0.122500 0.000000 0.000000
 -0.120000 0.000000 0.000000
 -0.117500 0.000000 0.000000
 -0.115000 0.000000 0.000000
 -0.112500 0.000000 0.000000
 -0.110000 0.000000 0.000000
 -0.107500 0.000000 0.000000
 -0.105000 0.000000 0.000000
 -0.102500 0.000000 0.000000
 -0.100000 0.000000 0.000000
 -0.097500 0.000000 0.000000
 -0.095000 0.000000 0.000000
 -0.092500 0.000000 0.000000
 -0.090000 0.000000 0.000000
 -0.087500 0.000000 0.000000
 -0.085000 0.000000 0.000000
 -0.082500 0.000000 0.000000
 -0.080000 0.000000 0.000000
 -0.077500 0.000000 0.000000
 -0.075000 0.000000 0.000000
 -0.072500 0.000000 0.000000
 -0.070000 0.000000 0.000000
 -0.067500 0.000000 0.000000
 -0.065000 0.000000 0.000000
 -0.062500 0.000000 0.000000
 -0.060000 0.000000 0.000000
 -0.057500 0.000000 0.000000
 -0.055000 0.000000 0.000000
 -0.052500 0.000000 0.000000
 -0.050000 0.000000 0.000000
 -0.047500 0.000000 0.000000
 -0.045000 0.000000 0.000000
 -0.042500 0.000000 0.000000
 -0.040000 0.000000 0.000000
 -0.037500 0.000000 0.000000
 -0.035000 0.000000 0.000000
 -0.032500 0.000001 0.000210
 -0.030000 0.000053 0.020516
 -0.027500 0.000287 0.108101
 -0.025000 0.000935 0.336338
 -0.022500 0.002490 0.848955
 -0.020000 0.005957 1.910241
 -0.017500 0.013200 3.954745
 -0.015000 0.027452 7.639216
 -0.012500 0.053857 13.838384
 -0.010000 0.099969 23.575090
 -0.007500 0.175876 37.817650
 -0.005000 0.293724 57.175558
 -0.002500 0.466322 81.518598
 0.000000 0.704893 109.667662
 0.002500 1.016294 139.303033
 0.005000 1.400315 167.176203
 0.007500 1.848059 189.689177
 0.010000 2.341973 203.662215
 0.012500 2.857887 207.084897
 0.015000 3.368604 199.587772
 0.017500 3.848118 182.464838
 0.020000 4.275375 158.282520
 0.022500 4.636635 130.210131
 0.025000 4.926112 101.332222
 0.027500 5.145054 74.126833
 0.030000 5.299856 50.219715
 0.032500 5.399899 30.391063
 0.035000 5.455643 14.753633
 0.037500 5.477201 2.968186
 0.040000 5.473535 -5.533124
 0.042500 5.452037 -11.406517
 0.045000 5.418466 -15.289836
 0.047500 5.377002 -17.724021
 0.050000 5.330614 -19.180093
 0.052500 5.281289 -20.048643
 0.055000 5.230176 -20.601990
 0.057500 5.177830 -21.022700
 0.060000 5.124444 -21.421875
 0.062500 5.070024 -21.841759
 0.065000 5.014538 -22.268271
 0.067500 4.958020 -22.642587
 0.070000 4.900699 -22.892547
 0.072500 4.842970 -22.957065
 0.075000 4.785323 -22.825448
 0.077500 4.728235 -22.546762
 0.080000 4.671940 -22.196988
 0.082500 4.616492 -21.899281
 0.085000 4.561635 -21.728691
 0.087500 4.507005 -21.717321
 0.090000 4.452246 -21.832035
 0.092500 4.397141 -21.979890
 0.095000 4.341724 -22.069223
 0.097500 4.286244 -22.020148
 0.100000 4.231108 -21.797024
 0.102500 4.176758 -21.388241
 0.105000 4.123637 -20.822196
 0.107500 4.072099 -20.131198
 0.110000 4.022412 -19.351762
 0.112500 3.974742 -18.529259
 0.115000 3.929128 -17.734021
 0.117500 3.885396 -17.028346
 0.120000 3.843236 -16.493289
 0.122500 3.802135 -16.187369
 0.125000 3.761478 -16.139694
 0.127500 3.720638 -16.329200
 0.130000 3.679104 -16.687206
 0.132500 3.636563 -17.112761
 0.135000 3.592987 -17.507453
 0.137500 3.548574 -17.786982
 0.140000 3.503647 -17.915466
 0.142500 3.458565 -17.907673
 0.145000 3.413635 -17.813684
 0.147500 3.369012 -17.671151
 0.150000 3.324776 -17.503785
 0.152500 3.281001 -17.312145
 0.155000 3.237760 -17.063935
 0.157500 3.195240 -16.728048
 0.160000 3.153686 -16.299017
 0.162500 3.113324 -15.780484
 0.165000 3.074321 -15.219766
 0.167500 3.036714 -14.686558
 0.170000 3.000325 -14.247821
 0.172500 2.964836 -13.976893
 0.175000 2.929779 -13.916713
 0.177500 2.894600 -14.075560
 0.180000 2.858781 -14.420090
 0.182500 2.821927 -14.898194
 0.185000 2.783793 -15.434326
 0.187500 2.744327 -15.948196
 0.190000 2.703657 -16.384324
 0.192500 2.662040 -16.707034
 0.195000 2.619779 -16.909862
 0.197500 2.577157 -17.002615
 0.200000 2.534395 -17.024903
 0.202500 2.491623 -17.022917
 0.205000 2.448843 -17.037698
 0.207500 2.405960 -17.108945
 0.210000 2.362807 -17.264521
 0.212500 2.319149 -17.515404
 0.215000 2.274736 -17.857783
 0.217500 2.229361 -18.281586
 0.220000 2.182865 -18.757871
 0.222500 2.135153 -19.247498
 0.225000 2.086241 -19.716168
 0.227500 2.036201 -20.145879
 0.230000 1.985136 -20.534710
 0.232500 1.933153 -20.893651
 0.235000 1.880301 -21.229999
 0.237500 1.826637 -21.552174
 0.240000 1.772194 -21.842876
 0.242500 1.717084 -22.082604
 0.245000 1.661471 -22.242374
 0.247500 1.605600 -22.292485
 0.250000 1.549764 -22.210894
 0.252500 1.494308 -21.990170
 0.255000 1.439580 -21.634624
 0.257500 1.385905 -21.149802
 0.260000 1.333586 -20.553516
 0.262500 1.282884 -19.865701
 0.265000 1.233998 -19.102421
 0.267500 1.187105 -18.284164
 0.270000 1.142316 -17.420275
 0.272500 1.099728 -16.529720
 0.275000 1.059387 -15.622409
 0.277500 1.021320 -14.724471
 0.280000 0.985473 -13.855021
 0.282500 0.951728 -13.045633
 0.285000 0.919908 -12.327808
 0.287500 0.889754 -11.719661
 0.290000 0.860977 -11.225608
 0.292500 0.833306 -10.834745
 0.295000 0.806520 -10.518952
 0.297500 0.780478 -10.235961
 0.300000 0.755145 -9.950824
 0.302500 0.730562 -9.630199
 0.305000 0.706839 -9.264960
 0.307500 0.684093 -8.859844
 0.310000 0.662397 -8.429239
 0.312500 0.641784 -7.997392
 0.315000 0.622229 -7.590511
 0.317500 0.603646 -7.225515
 0.320000 0.585912 -6.911307
 0.322500 0.568901 -6.654249
 0.325000 0.552464 -6.446827
 0.327500 0.536493 -6.284786
 0.330000 0.520886 -6.153933
 0.332500 0.505584 -6.042161
 0.335000 0.490553 -5.931860
 0.337500 0.475808 -5.816326
 0.340000 0.461366 -5.690397
 0.342500 0.447257 -5.555174
 0.345000 0.433497 -5.412018
 0.347500 0.420103 -5.260007
 0.350000 0.407102 -5.102686
 0.352500 0.394509 -4.932776
 0.355000 0.382357 -4.749910
 0.357500 0.370678 -4.552014
 0.360000 0.359515 -4.343944
 0.362500 0.348885 -4.126206
 0.365000 0.338804 -3.904396
 0.367500 0.329273 -3.690562
 0.370000 0.320252 -3.501858
 0.372500 0.311652 -3.356314
 0.375000 0.303345 -3.270613
 0.377500 0.295168 -3.253375
 0.380000 0.286964 -3.292821
 0.382500 0.278612 -3.364695
 0.385000 0.270077 -3.432055
 0.387500 0.261416 -3.463803
 0.390000 0.252745 -3.436135
 0.392500 0.244227 -3.346419
 0.395000 0.235998 -3.208292
 0.397500 0.228149 -3.048249
 0.400000 0.220697 -2.893701
 0.402500 0.213603 -2.767125
 0.405000 0.206781 -2.673390
 0.407500 0.200158 -2.609446
 0.410000 0.193678 -2.558703
 0.412500 0.187325 -2.505048
 0.415000 0.181119 -2.438265
 0.417500 0.175096 -2.357956
 0.420000 0.169284 -2.273461
 0.422500 0.163680 -2.196164
 0.425000 0.158248 -2.135300
 0.427500 0.152942 -2.098760
 0.430000 0.147700 -2.081854
 0.432500 0.142485 -2.077054
 0.435000 0.137280 -2.071014
 0.437500 0.132106 -2.052122
 0.440000 0.127006 -2.010548
 0.442500 0.122044 -1.941942
 0.445000 0.117287 -1.845879
 0.447500 0.112800 -1.728753
 0.450000 0.108626 -1.598086
 0.452500 0.104784 -1.464923
 0.455000 0.101265 -1.343842
 0.457500 0.098020 -1.245637
 0.460000 0.094984 -1.180647
 0.462500 0.092065 -1.148405
 0.465000 0.089193 -1.142404
 0.467500 0.086321 -1.146633
 0.470000 0.083446 -1.140491
 0.472500 0.080616 -1.110275
 0.475000 0.077899 -1.049591
 0.477500 0.075368 -0.964937
 0.480000 0.073061 -0.873302
 0.482500 0.070971 -0.796456
 0.485000 0.069035 -0.751084
 0.487500 0.067163 -0.745806
 0.490000 0.065260 -0.775996
 0.492500 0.063251 -0.826973
 0.495000 0.061107 -0.880982
 0.497500 0.058842 -0.922229
 0.500000 0.056502 -0.940202
 0.502500 0.054148 -0.932429
 0.505000 0.051842 -0.903975
 0.507500 0.049624 -0.862738
 0.510000 0.047517 -0.818742
 0.512500 0.045515 -0.778566
 0.515000 0.043605 -0.746699
 0.517500 0.041765 -0.722176
 0.520000 0.039982 -0.701264
 0.522500 0.038253 -0.676571
 0.525000 0.036595 -0.643238
 0.527500 0.035035 -0.597948
 0.530000 0.033603 -0.541851
 0.532500 0.032321 -0.479652
 0.535000 0.031195 -0.417735
 0.537500 0.030216 -0.362576
 0.540000 0.029362 -0.320483
 0.542500 0.028595 -0.292955
 0.545000 0.027877 -0.279878
 0.547500 0.027176 -0.279907
 0.550000 0.026461 -0.290381
 0.552500 0.025711 -0.308735
 0.555000 0.024906 -0.332987
 0.557500 0.024036 -0.360988
 0.560000 0.023093 -0.390609
 0.562500 0.022078 -0.418198
 0.565000 0.021003 -0.439192
 0.567500 0.019887 -0.449266
 0.570000 0.018764 -0.444330
 0.572500 0.017674 -0.422869
 0.575000 0.016658 -0.385989
 0.577500 0.015751 -0.336645
 0.580000 0.014976 -0.280224
 0.582500 0.014345 -0.223313
 0.585000 0.013850 -0.171576
 0.587500 0.013474 -0.129611
 0.590000 0.013189 -0.099413
 0.592500 0.012963 -0.081572
 0.595000 0.012766 -0.076334
 0.597500 0.012568 -0.082576
 0.600000 0.012341 -0.098942
 0.602500 0.012063 -0.123423
 0.605000 0.011717 -0.152729
 0.607500 0.011296 -0.182298
 0.610000 0.010806 -0.206638
 0.612500 0.010268 -0.221707
 0.615000 0.009706 -0.224466
 0.617500 0.009154 -0.214951
 0.620000 0.008638 -0.195411
 0.622500 0.008179 -0.170688
 0.625000 0.007783 -0.145344
 0.627500 0.007447 -0.123806
 0.630000 0.007156 -0.108616
 0.632500 0.006895 -0.101175
 0.635000 0.006644 -0.100136
 0.637500 0.006389 -0.103174
 0.640000 0.006124 -0.108080
 0.642500 0.005847 -0.112322
 0.645000 0.005562 -0.114848
 0.647500 0.005273 -0.114903
 0.650000 0.004987 -0.112836
 0.652500 0.004709 -0.108573
 0.655000 0.004444 -0.102731
 0.657500 0.004195 -0.095833
 0.660000 0.003965 -0.088223
 0.662500 0.003753 -0.080403
 0.665000 0.003562 -0.072504
 0.667500 0.003390 -0.064016
 0.670000 0.003241 -0.054849
 0.672500 0.003117 -0.044124
 0.675000 0.003020 -0.031730
 0.677500 0.002957 -0.018749
 0.680000 0.002926 -0.005817
 0.682500 0.002925 0.005304
 0.685000 0.002949 0.013077
 0.687500 0.002986 0.016608
 0.690000 0.003027 0.015452
 0.692500 0.003059 0.010094
 0.695000 0.003074 0.001652
 0.697500 0.003065 -0.008864
 0.700000 0.003028 -0.020715
 0.702500 0.002961 -0.033190
 0.705000 0.002862 -0.045916
 0.707500 0.002731 -0.058168
 0.710000 0.002571 -0.069318
 0.712500 0.002386 -0.077751
 0.715000 0.002185 -0.082119
 0.717500 0.001979 -0.081531
 0.720000 0.001781 -0.076008
 0.722500 0.001602 -0.066416
 0.725000 0.001450 -0.054700
 0.727500 0.001329 -0.042791
 0.730000 0.001235 -0.032447
 0.732500 0.001163 -0.024747
 0.735000 0.001108 -0.019707
 0.737500 0.001062 -0.016765
 0.740000 0.001023 -0.015102
 0.742500 0.000986 -0.013882
 0.745000 0.000953 -0.012783
 0.747500 0.000921 -0.012417
 0.750000 0.000889 -0.012867
 0.752500 0.000855 -0.014555
 0.755000 0.000815 -0.017371
 0.757500 0.000768 -0.020722
 0.760000 0.000711 -0.023953
 0.762500 0.000648 -0.026536
 0.765000 0.000580 -0.027925
 0.767500 0.000510 -0.027949
 0.770000 0.000441 -0.026319
 0.772500 0.000379 -0.023023
 0.775000 0.000327 -0.017944
 0.777500 0.000290 -0.011422
 0.780000 0.000271 -0.004111
 0.782500 0.000269 0.002870
 0.785000 0.000284 0.008314
 0.787500 0.000309 0.011060
 0.790000 0.000336 0.010503
 0.792500 0.000358 0.006702
 0.795000 0.000367 0.000420
 0.797500 0.000359 -0.006736
 0.800000 0.000334 -0.013199
 0.802500 0.000295 -0.017591
 0.805000 0.000248 -0.019099
 0.807500 0.000202 -0.017751
 0.810000 0.000162 -0.013938
 0.812500 0.000133 -0.008652
 0.815000 0.000119 -0.002895
 0.817500 0.000118 0.002318
 0.820000 0.000129 0.006170
 0.822500 0.000148 0.008147
 0.825000 0.000168 0.008114
 0.827500 0.000187 0.006348
 0.830000 0.000199 0.003466
 0.832500 0.000204 0.000302
 0.835000 0.000201 -0.002496
 0.837500 0.000192 -0.004420
 0.840000 0.000179 -0.005442
 0.842500 0.000165 -0.005769
 0.845000 0.000151 -0.005810
 0.847500 0.000136 -0.005905
 0.850000 0.000121 -0.006190
 0.852500 0.000105 -0.006576
 0.855000 0.000088 -0.006849
 0.857500 0.000071 -0.006798
 0.860000 0.000055 -0.006326
 0.862500 0.000040 -0.005477
 0.865000 0.000027 -0.004399
 0.867500 0.000018 -0.003251
 0.870000 0.000011 -0.002233
 0.872500 0.000006 -0.001445
 0.875000 0.000003 -0.000868
 0.877500 0.000002 -0.000485
 0.880000 0.000001 -0.000253
 0.882500 0.000000 -0.000123
 0.885000 0.000000 -0.000056
 0.887500 0.000000 0.000000
 0.890000 0.000000 0.000000
 0.892500 0.000000 0.000000
 0.895000 0.000000 0.000000
 0.897500 0.000000 0.000000
 0.900000 0.000000 0.000000
 0.902500 0.000000 0.000000
 0.905000 0.000000 0.000000
 0.907500 0.000000 0.000000
 0.910000 0.000000 0.000000
 0.912500 0.000000 0.000000
 0.915000 0.000000 0.000000
 0.917500 0.000000 0.000000
 0.920000 0.000000 0.000000
 0.922500 0.000000 0.000000
 0.925000 0.000000 0.000000
 0.927500 0.000000 0.000000
 0.930000 0.000000 0.000000
 0.932500 0.000000 0.000000
 0.935000 0.000000 0.000000
 0.937500 0.000000 0.000000
 0.940000 0.000000 0.000000
 0.942500 0.000000 0.000000
 0.945000 0.000000 0.000000
 0.947500 0.000000 0.000000
 0.950000 0.000000 0.000000
 0.952500 0.000000 0.000000
 0.955000 0.000000 0.000000
 0.957500 0.000000 0.000000
 0.960000 0.000000 0.000000
 0.962500 0.000000 0.000000
 0.965000 0.000000 0.000000
 0.967500 0.000000 0.000000
 0.970000 0.000000 0.000000
 0.972500 0.000000 0.000000
 0.975000 0.000000 0.000000
 0.977500 0.000000 0.000000
 0.980000 0.000000 0.000000
 0.982500 0.000000 0.000000
 0.985000 0.000000 0.000000
 0.987500 0.000000 0.000000
 0.990000 0.000000 0.000000
 0.992500 0.000000 0.000000
 0.995000 0.000000 0.000000
 0.997500 0.000000 0.000000
 1.000000 0.000000 0.000000
 1.002500 0.000000 0.000000
 1.005000 0.000000 0.000000
 1.007500 0.000000 0.000000
 1.010000 0.000000 0.000000
 1.012500 0.000000 0.000000
 1.015000 0.000000 0.000000
 1.017500 0.000000 0.000000
 1.020000 0.000000 0.000000
 1.022500 0.000000 0.000000
 1.025000 0.000000 0.000000
 1.027500 0.000000 0.000000
 1.030000 0.000000 0.000000
 1.032500 0.000000 0.000000
 1.035000 0.000000 0.000000
 1.037500 0.000000 0.000000
 1.040000 0.000000 0.000000
 1.042500 0.000000 0.000000
 1.045000 0.000000 0.000000
 1.047500 0.000000 0.000000
 1.050000 0.000000 0.000000
 1.052500 0.000000 0.000000
 1.055000 0.000000 0.000000
 1.057500 0.000000 0.000000
 1.060000 0.000000 0.000000
 1.062500 0.000000 0.000000
 1.065000 0.000000 0.000000
 1.067500 0.000000 0.000000
 1.070000 0.000000 0.000000
 1.072500 0.000000 0.000000
 1.075000 0.000000 0.000000
 1.077500 0.000000 0.000000
 1.080000 0.000000 0.000000
 1.082500 0.000000 0.000000
 1.085000 0.000000 0.000000
 1.087500 0.000000 0.000000
 1.090000 0.000000 0.000000
 1.092500 0.000000 0.000000
 1.095000 0.000000 0.000000
 1.097500 0.000000 0.000000
 1.100000 0.000000 0.000000
 1.102500 0.000000 0.000000
 1.105000 0.000000 0.000000
 1.107500 0.000000 0.000000
 1.110000 0.000000 0.000000
 1.112500 0.000000 0.000000
 1.115000 0.000000 0.000000
 1.117500 0.000000 0.000000
 1.120000 0.000000 0.000000
 1.122500 0.000000 0.000000
 1.125000 0.000000 0.000000
 1.127500 0.000000 0.000000
 1.130000 0.000000 0.000000
 1.132500 0.000000 0.000000
 1.135000 0.000000 0.000000
 1.137500 0.000000 0.000000
 1.140000 0.000000 0.000000
 1.142500 0.000000 0.000000
 1.145000 0.000000 0.000000
 1.147500 0.000000 0.000000
 1.150000 0.000000 0.000000
 1.152500 0.000000 0.000000
 1.155000 0.000000 0.000000
 1.157500 0.000000 0.000000
 1.160000 0.000000 0.000000
 1.162500 0.000000 0.000000
 1.165000 0.000000 0.000000
 1.167500 0.000000 0.000000
 1.170000 0.000000 0.000000
 1.172500 0.000000 0.000000
 1.175000 0.000000 0.000000
 1.177500 0.000000 0.000000
 1.180000 0.000000 0.000000
 1.182500 0.000000 0.000000
 1.185000 0.000000 0.000000
 1.187500 0.000000 0.000000
 1.190000 0.000000 0.000000
 1.192500 0.000000 0.000000
 1.195000 0.000000 0.000000
 1.197500 0.000000 0.000000
 1.200000 0.000000 0.000000
 1.202500 0.000000 0.000000
 1.205000 0.000000 0.000000
 1.207500 0.000000 0.000000
 1.210000 0.000000 0.000000
 1.212500 0.000000 0.000000
 1.215000 0.000000 0.000000
 1.217500 0.000000 0.000000
 1.220000 0.000000 0.000000
 1.222500 0.000000 0.000000
 1.225000 0.000000 0.000000
 1.227500 0.000000 0.000000
 1.230000 0.000000 0.000000
 1.232500 0.000000 0.000000
 1.235000 0.000000 0.000000
 1.237500 0.000000 0.000000
 1.240000 0.000000 0.000000
 1.242500 0.000000 0.000000
 1.245000 0.000000 0.000000
 1.247500 0.000000 0.000000
 1.250000 0.000000 0.000000
 1.252500 0.000000 0.000000
 1.255000 0.000000 0.000000
 1.257500 0.000000 0.000000
 1.260000 0.000000 0.000000
 1.262500 0.000000 0.000000
 1.265000 0.000000 0.000000
 1.267500 0.000000 0.000000
 1.270000 0.000000 0.000000
 1.272500 0.000000 0.000000
 1.275000 0.000000 0.000000
 1.277500 0.000000 0.000000
 1.280000 0.000000 0.000000
 1.282500 0.000000 0.000000
 1.285000 0.000000 0.000000
 1.287500 0.000000 0.000000
 1.290000 0.000000 0.000000
 1.292500 0.000000 0.000000
 1.295000 0.000000 0.000000
 1.297500 0.000000 0.000000
 1.300000 0.000000 0.000000
 1.302500 0.000000 0.000000
 1.305000 0.000000 0.000000
 1.307500 0.000000 0.000000
 1.310000 0.000000 0.000000
 1.312500 0.000000 0.000000
 1.315000 0.000000 0.000000
 1.317500 0.000000 0.000000
 1.320000 0.000000 0.000000
 1.322500 0.000000 0.000000
 1.325000 0.000000 0.000000
 1.327500 0.000000 0.000000
 1.330000 0.000000 0.000000
 1.332500 0.000000 0.000000
 1.335000 0.000000 0.000000
 1.337500 0.000000 0.000000
 1.340000 0.000000 0.000000
 1.342500 0.000000 0.000000
 1.345000 0.000000 0.000000
 1.347500 0.000000 0.000000
 1.350000 0.000000 0.000000
 1.352500 0.000000 0.000000
 1.355000 0.000000 0.000000
 1.357500 0.000000 0.000000
 1.360000 0.000000 0.000000
 1.362500 0.000000 0.000000
 1.365000 0.000000 0.000000
 1.367500 0.000000 0.000000
 1.370000 0.000000 0.000000
 1.372500 0.000000 0.000000
 1.375000 0.000000 0.000000
 1.377500 0.000000 0.000000
 1.380000 0.000000 0.000000
 1.382500 0.000000 0.000000
 1.385000 0.000000 0.000000
 1.387500 0.000000 0.000000
 1.390000 0.000000 0.000000
 1.392500 0.000000 0.000000
 1.395000 0.000000 0.000000
 1.397500 0.000000 0.000000
 1.400000 0.000000 0.000000
 1.402500 0.000000 0.000000
 1.405000 0.000000 0.000000
 1.407500 0.000000 0.000000
 1.410000 0.000000 0.000000
 1.412500 0.000000 0.000000
 1.415000 0.000000 0.000000
 1.417500 0.000000 0.000000
 1.420000 0.000000 0.000000
 1.422500 0.000000 0.000000
 1.425000 0.000000 0.000000
 1.427500 0.000000 0.000000
 1.430000 0.000000 0.000000
 1.432500 0.000000 0.000000
 1.435000 0.000000 0.000000
 1.437500 0.000000 0.000000
 1.440000 0.000000 0.000000
 1.442500 0.000000 0.000000
 1.445000 0.000000 0.000000
 1.447500 0.000000 0.000000
 1.450000 0.000000 0.000000
 1.452500 0.000000 0.000000
 1.455000 0.000000 0.000000
 1.457500 0.000000 0.000000
 1.460000 0.000000 0.000000
 1.462500 0.000000 0.000000
 1.465000 0.000000 0.000000
 1.467500 0.000000 0.000000
 1.470000 0.000000 0.000000
 1.472500 0.000000 0.000000
 1.475000 0.000000 0.000000
 1.477500 0.000000 0.000000
 1.480000 0.000000 0.000000
 1.482500 0.000000 0.000000
 1.485000 0.000000 0.000000
 1.487500 0.000000 0.000000
 1.490000 0.000000 0.000000
 1.492500 0.000000 0.000000
 1.495000 0.000000 0.000000
 1.497500 0.000000 0.000000
 1.500000 0.000000 0.000000
 1.502500 0.000000 0.000000
 1.505000 0.000000 0.000000
 1.507500 0.000000 0.000000
 1.510000 0.000000 0.000000
 1.512500 0.000000 0.000000
 1.515000 0.000000 0.000000
 1.517500 0.000000 0.000000
 1.520000 0.000000 0.000000
 1.522500 0.000000 0.000000
 1.525000 0.000000 0.000000
 1.527500 0.000000 0.000000
 1.530000 0.000000 0.000000
 1.532500 0.000000 0.000000
 1.535000 0.000000 0.000000
 1.537500 0.000000 0.000000
 1.540000 0.000000 0.000000
 1.542500 0.000000 0.000000
 1.545000 0.000000 0.000000
 1.547500 0.000000 0.000000
 1.550000 0.000000 0.000000
 1.552500 0.000000 0.000000
 1.555000 0.000000 0.000000
 1.557500 0.000000 0.000000
 1.560000 0.000000 0.000000
 1.562500 0.000000 0.000000
 1.565000 0.000000 0.000000
 1.567500 0.000000 0.000000
 1.570000 0.000000 0.000000
 1.572500 0.000000 0.000000
 1.575000 0.000000 0.000000
 1.577500 0.000000 0.000000
 1.580000 0.000000 0.000000
 1.582500 0.000000 0.000000
 1.585000 0.000000 0.000000
 1.587500 0.000000 0.000000
 1.590000 0.000000 0.000000
 1.592500 0.000000 0.000000
 1.595000 0.000000 0.000000
 1.597500 0.000000 0.000000
 1.600000 0.000000 0.000000
 1.602500 0.000000 0.000000
 1.605000 0.000000 0.000000
 1.607500 0.000000 0.000000
 1.610000 0.000000 0.000000
 1.612500 0.000000 0.000000
 1.615000 0.000000 0.000000
 1.617500 0.000000 0.000000
 1.620000 0.000000 0.000000
 1.622500 0.000000 0.000000
 1.625000 0.000000 0.000000
 1.627500 0.000000 0.000000
 1.630000 0.000000 0.000000
 1.632500 0.000000 0.000000
 1.635000 0.000000 0.000000
 1.637500 0.000000 0.000000
 1.640000 0.000000 0.000000
 1.642500 0.000000 0.000000
 1.645000 0.000000 0.000000
 1.647500 0.000000 0.000000
 1.650000 0.000000 0.000000
 1.652500 0.000000 0.000000
 1.655000 0.000000 0.000000
 1.657500 0.000000 0.000000
 1.660000 0.000000 0.000000
 1.662500 0.000000 0.000000
 1.665000 0.000000 0.000000
 1.667500 0.000000 0.000000
 1.670000 0.000000 0.000000
 1.672500 0.000000 0.000000
 1.675000 0.000000 0.000000
 1.677500 0.000000 0.000000
 1.680000 0.000000 0.000000
 1.682500 0.000000 0.000000
 1.685000 0.000000 0.000000
 1.687500 0.000000 0.000000
 1.690000 0.000000 0.000000
 1.692500 0.000000 0.000000
 1.695000 0.000000 0.000000
 1.697500 0.000000 0.000000
 1.700000 0.000000 0.000000
 1.702500 0.000000 0.000000
 1.705000 0.000000 0.000000
 1.707500 0.000000 0.000000
 1.710000 0.000000 0.000000
 1.712500 0.000000 0.000000
 1.715000 0.000000 0.000000
 1.717500 0.000000 0.000000
 1.720000 0.000000 0.000000
 1.722500 0.000000 0.000000
 1.725000 0.000000 0.000000
 1.727500 0.000000 0.000000
 1.730000 0.000000 0.000000
 1.732500 0.000000 0.000000
 1.735000 0.000000 0.000000
 1.737500 0.000000 0.000000
 1.740000 0.000000 0.000000
 1.742500 0.000000 0.000000
 1.745000 0.000000 0.000000
 1.747500 0.000000 0.000000
 1.750000 0.000000 0.000000
 1.752500 0.000000 0.000000
 1.755000 0.000000 0.000000
 1.757500 0.000000 0.000000
 1.760000 0.000000 0.000000
 1.762500 0.000000 0.000000
 1.765000 0.000000 0.000000
 1.767500 0.000000 0.000000
 1.770000 0.000000 0.000000
 1.772500 0.000000 0.000000
 1.775000 0.000000 0.000000
 1.777500 0.000000 0.000000
 1.780000 0.000000 0.000000
 1.782500 0.000000 0.000000
 1.785000 0.000000 0.000000
 1.787500 0.000000 0.000000
 1.790000 0.000000 0.000000
 1.792500 0.000000 0.000000
 1.795000 0.000000 0.000000
 1.797500 0.000000 0.000000
 1.800000 0.000000 0.000000
 1.802500 0.000000 0.000000
 1.805000 0.000000 0.000000
 1.807500 0.000000 0.000000
 1.810000 0.000000 0.000000
 1.812500 0.000000 0.000000
 1.815000 0.000000 0.000000
 1.817500 0.000000 0.000000
 1.820000 0.000000 0.000000
 1.822500 0.000000 0.000000
 1.825000 0.000000 0.000000
 1.827500 0.000000 0.000000
 1.830000 0.000000 0.000000
 1.832500 0.000000 0.000000
 1.835000 0.000000 0.000000
 1.837500 0.000000 0.000000
 1.840000 0.000000 0.000000
 1.842500 0.000000 0.000000
 1.845000 0.000000 0.000000
 1.847500 0.000000 0.000000
 1.850000 0.000000 0.000000
 1.852500 0.000000 0.000000
 1.855000 0.000000 0.000000
 1.857500 0.000000 0.000000
 1.860000 0.000000 0.000000
 1.862500 0.000000 0.000000
 1.865000 0.000000 0.000000
 1.867500 0.000000 0.000000
 1.870000 0.000000 0.000000
 1.872500 0.000000 0.000000
 1.875000 0.000000 0.000000
 1.877500 0.000000 0.000000
 1.880000 0.000000 0.000000
 1.882500 0.000000 0.000000
 1.885000 0.000000 0.000000
 1.887500 0.000000 0.000000
 1.890000 0.000000 0.000000
 1.892500 0.000000 0.000000
 1.895000 0.000000 0.000000
 1.897500 0.000000 0.000000
 1.900000 0.000000 0.000000
 1.902500 0.000000 0.000000
 1.905000 0.000000 0.000000
 1.907500 0.000000 0.000000
 1.910000 0.000000 0.000000
 1.912500 0.000000 0.000000
 1.915000 0.000000 0.000000
 1.917500 0.000000 0.000000
 1.920000 0.000000 0.000000
 1.922500 0.000000 0.000000
 1.925000 0.000000 0.000000
 1.927500 0.000000 0.000000
 1.930000 0.000000 0.000000
 1.932500 0.000000 0.000000
 1.935000 0.000000 0.000000
 1.937500 0.000000 0.000000
 1.940000 0.000000 0.000000
 1.942500 0.000000 0.000000
 1.945000 0.000000 0.000000
 1.947500 0.000000 0.000000
 1.950000 0.000000 0.000000
 1.952500 0.000000 0.000000
 1.955000 0.000000 0.000000
 1.957500 0.000000 0.000000
 1.960000 0.000000 0.000000
 1.962500 0.000000 0.000000
 1.965000 0.000000 0.000000
 1.967500 0.000000 0.000000
 1.970000 0.000000 0.000000
 1.972500 0.000000 0.000000
 1.975000 0.000000 0.000000
 1.977500 0.000000 0.000000
 1.980000 0.000000 0.000000
 1.982500 0.000000 0.000000
 1.985000 0.000000 0.000000
 1.987500 0.000000 0.000000
 1.990000 0.000000 0.000000
 1.992500 0.000000 0.000000
 1.995000 0.000000 0.000000
 1.997500 0.000000 0.000000
 2.000000 0.000000 0.000000
