#! FIELDS es hh dhh_es
#! SET normalisation  2000.000000
#! SET min_es -0.5
#! SET max_es 2
#! SET nbins_es  1000
#! SET periodic_es false
 -0.500000 0.000000 0.000000
 -0.497500 0.000000 0.000000
 -0.495000 0.000000 0.000000
 -0.492500 0.000000 0.000000
 -0.490000 0.000000 0.000000
 -0.487500 0.000000 0.000000
 -0.485000 0.000000 0.000000
 -0.482500 0.000000 0.000000
 -0.480000 0.000000 0.000000
 -0.477500 0.000000 0.000000
 -0.475000 0.000000 0.000000
 -0.472500 0.000000 0.000000
 -0.470000 0.000000 0.000000
 -0.467500 0.000000 0.000000
 -0.465000 0.000000 0.000000
 -0.462500 0.000000 0.000000
 -0.460000 0.000000 0.000000
 -0.457500 0.000000 0.000000
 -0.455000 0.000000 0.000000
 -0.452500 0.000000 0.000000
 -0.450000 0.000000 0.000000
 -0.447500 0.000000 0.000000
 -0.445000 0.000000 0.000000
 -0.442500 0.000000 0.000000
 -0.440000 0.000000 0.000000
 -0.437500 0.000000 0.000000
 -0.435000 0.000000 0.000000
 -0.432500 0.000000 0.000000
 -0.430000 0.000000 0.000000
 -0.427500 0.000000 0.000000
 -0.425000 0.000000 0.000000
 -0.422500 0.000000 0.000000
 -0.420000 0.000000 0.000000
 -0.417500 0.000000 0.000000
 -0.415000 0.000000 0.000000
 -0.412500 0.000000 0.000000
 -0.410000 0.000000 0.000000
 -0.407500 0.000000 0.000000
 -0.405000 0.000000 0.000000
 -0.402500 0.000000 0.000000
 -0.400000 0.000000 0.000000
 -0.397500 0.000000 0.000000
 -0.395000 0.000000 0.000000
 -0.392500 0.000000 0.000000
 -0.390000 0.000000 0.000000
 -0.387500 0.000000 0.000000
 -0.385000 0.000000 0.000000
 -0.382500 0.000000 0.000000
 -0.380000 0.000000 0.000000
 -0.377500 0.000000 0.000000
 -0.375000 0.000000 0.000000
 -0.372500 0.000000 0.000000
 -0.370000 0.000000 0.000000
 -0.367500 0.000000 0.000000
 -0.365000 0.000000 0.000000
 -0.362500 0.000000 0.000000
 -0.360000 0.000000 0.000000
 -0.357500 0.000000 0.000000
 -0.355000 0.000000 0.000000
 -0.352500 0.000000 0.000000
 -0.350000 0.000000 0.000000
 -0.347500 0.000000 0.000000
 -0.345000 0.000000 0.000000
 -0.342500 0.000000 0.000000
 -0.340000 0.000000 0.000000
 -0.337500 0.000000 0.000000
 -0.335000 0.000000 0.000000
 -0.332500 0.000000 0.000000
 -0.330000 0.000000 0.000000
 -0.327500 0.000000 0.000000
 -0.325000 0.000000 0.000000
 -0.322500 0.000000 0.000000
 -0.320000 0.000000 0.000000
 -0.317500 0.000000 0.000000
 -0.315000 0.000000 0.000000
 -0.312500 0.000000 0.000000
 -0.310000 0.000000 0.000000
 -0.307500 0.000000 0.000000
 -0.305000 0.000000 0.000000
 -0.302500 0.000000 0.000000
 -0.300000 0.000000 0.000000
 -0.297500 0.000000 0.000000
 -0.295000 0.000000 0.000000
 -0.292500 0.000000 0.000000
 -0.290000 0.000000 0.000000
 -0.287500 0.000000 0.000000
 -0.285000 0.000000 0.000000
 -0.282500 0.000000 0.000000
 -0.280000 0.000000 0.000000
 -0.277500 0.000000 0.000000
 -0.275000 0.000000 0.000000
 -0.272500 0.000000 0.000000
 -0.270000 0.000000 0.000000
 -0.267500 0.000000 0.000000
 -0.265000 0.000000 0.000000
 -0.262500 0.000000 0.000000
 -0.260000 0.000000 0.000000
 -0.257500 0.000000 0.000000
 -0.255000 0.000000 0.000000
 -0.252500 0.000000 0.000000
 -0.250000 0.000000 0.000000
 -0.247500 0.000000 0.000000
 -0.245000 0.000000 0.000000
 -0.242500 0.000000 0.000000
 -0.240000 0.000000 0.000000
 -0.237500 0.000000 0.000000
 -0.235000 0.000000 0.000000
 -0.232500 0.000000 0.000000
 -0.230000 0.000000 0.000000
 -0.227500 0.000000 0.000000
 -0.225000 0.000000 0.000000
 -0.222500 0.000000 0.000000
 -0.220000 0.000000 0.000000
 -0.217500 0.000000 0.000000
 -0.215000 0.000000 0.000000
 -0.212500 0.000000 0.000000
 -0.210000 0.000000 0.000000
 -0.207500 0.000000 0.000000
 -0.205000 0.000000 0.000000
 -0.202500 0.000000 0.000000
 -0.200000 0.000000 0.000000
 -0.197500 0.000000 0.000000
 -0.195000 0.000000 0.000000
 -0.192500 0.000000 0.000000
 -0.190000 0.000000 0.000000
 -0.187500 0.000000 0.000000
 -0.185000 0.000000 0.000000
 -0.182500 0.000000 0.000000
 -0.180000 0.000000 0.000000
 -0.177500 0.000000 0.000000
 -0.175000 0.000000 0.000000
 -0.172500 0.000000 0.000000
 -0.170000 0.000000 0.000000
 -0.167500 0.000000 0.000000
 -0.165000 0.000000 0.000000
 -0.162500 0.000000 0.000000
 -0.160000 0.000000 0.000000
 -0.157500 0.000000 0.000000
 -0.155000 0.000000 0.000000
 -0.152500 0.000000 0.000000
 -0.150000 0.000000 0.000000
 -0.147500 0.000000 0.000000
 -0.145000 0.000000 0.000000
 -0.142500 0.000000 0.000000
 -0.140000 0.000000 0.000000
 -0.137500 0.000000 0.000000
 -0.135000 0.000000 0.000000
 -0.132500 0.000000 0.000000
 -0.130000 0.000000 0.000000
 -0.127500 0.000000 0.000000
 -0.125000 0.000000 0.000000
 -0.122500 0.000000 0.000000
 -0.120000 0.000000 0.000000
 -0.117500 0.000000 0.000000
 -0.115000 0.000000 0.000000
 -0.112500 0.000000 0.000000
 -0.110000 0.000000 0.000000
 -0.107500 0.000000 0.000000
 -0.105000 0.000000 0.000000
 -0.102500 0.000000 0.000000
 -0.100000 0.000000 0.000000
 -0.097500 0.000000 0.000000
 -0.095000 0.000000 0.000000
 -0.092500 0.000000 0.000000
 -0.090000 0.000000 0.000000
 -0.087500 0.000000 0.000000
 -0.085000 0.000000 0.000000
 -0.082500 0.000000 0.000000
 -0.080000 0.000000 0.000000
 -0.077500 0.000000 0.000000
 -0.075000 0.000000 0.000000
 -0.072500 0.000000 0.000000
 -0.070000 0.000000 0.000000
 -0.067500 0.000000 0.000000
 -0.065000 0.000000 0.000000
 -0.062500 0.000000 0.000000
 -0.060000 0.000000 0.000000
 -0.057500 0.000000 0.000000
 -0.055000 0.000000 0.000000
 -0.052500 0.000000 0.000000
 -0.050000 0.000000 0.000000
 -0.047500 0.000000 0.000000
 -0.045000 0.000000 0.000000
 -0.042500 0.000000 0.000000
 -0.040000 0.000000 0.000000
 -0.037500 0.000000 0.000000
 -0.035000 0.000000 0.000000
 -0.032500 0.000000 0.000000
 -0.030000 0.000000 0.000000
 -0.027500 0.000000 0.000000
 -0.025000 0.000000 0.000000
 -0.022500 0.000000 0.000000
 -0.020000 0.000000 0.000000
 -0.017500 0.000000 0.000000
 -0.015000 0.000000 0.000000
 -0.012500 0.000000 0.000000
 -0.010000 0.000000 0.000000
 -0.007500 0.000000 0.000000
 -0.005000 0.000000 0.000000
 -0.002500 0.000000 0.000000
 0.000000 0.000000 0.000000
 0.002500 0.000000 0.000000
 0.005000 0.000000 0.000000
 0.007500 0.000000 0.000000
 0.010000 0.000000 0.000000
 0.012500 0.000000 0.000000
 0.015000 0.000000 0.000000
 0.017500 0.000000 0.000000
 0.020000 0.000000 0.000000
 0.022500 0.000000 0.000000
 0.025000 0.000000 0.000000
 0.027500 0.000000 0.000000
 0.030000 0.000000 0.000000
 0.032500 0.000000 0.000000
 0.035000 0.000000 0.000000
 0.037500 0.000000 0.000000
 0.040000 0.000000 0.000000
 0.042500 0.000000 0.000000
 0.045000 0.000000 0.000000
 0.047500 0.000000 0.000000
 0.050000 0.000000 0.000000
 0.052500 0.000000 0.000000
 0.055000 0.000000 0.000000
 0.057500 0.000000 0.000000
 0.060000 0.000000 0.000000
 0.062500 0.000000 0.000000
 0.065000 0.000000 0.000000
 0.067500 0.000000 0.000000
 0.070000 0.000000 0.000000
 0.072500 0.000000 0.000000
 0.075000 0.000000 0.000000
 0.077500 0.000000 0.000000
 0.080000 0.000000 0.000000
 0.082500 0.000000 0.000000
 0.085000 0.000000 0.000000
 0.087500 0.000000 0.000000
 0.090000 0.000000 0.000000
 0.092500 0.000000 0.000000
 0.095000 0.000000 0.000000
 0.097500 0.000000 0.000000
 0.100000 0.000000 0.000000
 0.102500 0.000000 0.000000
 0.105000 0.000000 0.000000
 0.107500 0.000000 0.000000
 0.110000 0.000000 0.000000
 0.112500 0.000000 0.000000
 0.115000 0.000000 0.000000
 0.117500 0.000000 0.000000
 0.120000 0.000000 0.000000
 0.122500 0.000000 0.000000
 0.125000 0.000000 0.000000
 0.127500 0.000000 0.000000
 0.130000 0.000000 0.000000
 0.132500 0.000000 0.000000
 0.135000 0.000000 0.000000
 0.137500 0.000000 0.000000
 0.140000 0.000000 0.000000
 0.142500 0.000000 0.000000
 0.145000 0.000000 0.000000
 0.147500 0.000000 0.000000
 0.150000 0.000000 0.000000
 0.152500 0.000000 0.000000
 0.155000 0.000000 0.000000
 0.157500 0.000000 0.000000
 0.160000 0.000000 0.000000
 0.162500 0.000000 0.000000
 0.165000 0.000000 0.000000
 0.167500 0.000000 0.000000
 0.170000 0.000000 0.000000
 0.172500 0.000000 0.000000
 0.175000 0.000000 0.000000
 0.177500 0.000000 0.000000
 0.180000 0.000000 0.000000
 0.182500 0.000000 0.000000
 0.185000 0.000000 0.000000
 0.187500 0.000000 0.000000
 0.190000 0.000000 0.000000
 0.192500 0.000000 0.000000
 0.195000 0.000000 0.000000
 0.197500 0.000000 0.000000
 0.200000 0.000000 0.000000
 0.202500 0.000000 0.000000
 0.205000 0.000000 0.000000
 0.207500 0.000000 0.000000
 0.210000 0.000000 0.000000
 0.212500 0.000000 0.000000
 0.215000 0.000000 0.000000
 0.217500 0.000000 0.000000
 0.220000 0.000000 0.000000
 0.222500 0.000000 0.000000
 0.225000 0.000000 0.000000
 0.227500 0.000000 0.000000
 0.230000 0.000000 0.000000
 0.232500 0.000000 0.000053
 0.235000 0.000000 0.000123
 0.237500 0.000001 0.000268
 0.240000 0.000002 0.000547
 0.242500 0.000004 0.001041
 0.245000 0.000007 0.001875
 0.247500 0.000013 0.003114
 0.250000 0.000023 0.004829
 0.252500 0.000038 0.006964
 0.255000 0.000058 0.009347
 0.257500 0.000085 0.011665
 0.260000 0.000117 0.013564
 0.262500 0.000152 0.014723
 0.265000 0.000190 0.015120
 0.267500 0.000227 0.014998
 0.270000 0.000265 0.014936
 0.272500 0.000303 0.015717
 0.275000 0.000345 0.017972
 0.277500 0.000395 0.022099
 0.280000 0.000457 0.028034
 0.282500 0.000536 0.035032
 0.285000 0.000633 0.042383
 0.287500 0.000748 0.049280
 0.290000 0.000879 0.055516
 0.292500 0.001026 0.061368
 0.295000 0.001187 0.067874
 0.297500 0.001368 0.076605
 0.300000 0.001575 0.089154
 0.302500 0.001819 0.106862
 0.305000 0.002115 0.130118
 0.307500 0.002476 0.158866
 0.310000 0.002914 0.191961
 0.312500 0.003440 0.228840
 0.315000 0.004063 0.269187
 0.317500 0.004792 0.313697
 0.320000 0.005639 0.363650
 0.322500 0.006618 0.419669
 0.325000 0.007745 0.481880
 0.327500 0.009034 0.548708
 0.330000 0.010494 0.617695
 0.332500 0.012126 0.685883
 0.335000 0.013927 0.751795
 0.337500 0.015889 0.815264
 0.340000 0.018009 0.878748
 0.342500 0.020294 0.947311
 0.345000 0.022763 1.027707
 0.347500 0.025457 1.127584
 0.350000 0.028433 1.254691
 0.352500 0.031770 1.416333
 0.355000 0.035559 1.617433
 0.357500 0.039903 1.859261
 0.360000 0.044899 2.138042
 0.362500 0.050632 2.446237
 0.365000 0.057162 2.772612
 0.367500 0.064516 3.104127
 0.370000 0.072696 3.431359
 0.372500 0.081684 3.749452
 0.375000 0.091456 4.058752
 0.377500 0.101995 4.364553
 0.380000 0.113305 4.674442
 0.382500 0.125401 4.993631
 0.385000 0.138311 5.325223
 0.387500 0.152068 5.669571
 0.390000 0.166701 6.026673
 0.392500 0.182246 6.397196
 0.395000 0.198742 6.788751
 0.397500 0.216256 7.213203
 0.400000 0.234888 7.684987
 0.402500 0.254778 8.222109
 0.405000 0.276109 8.838408
 0.407500 0.299087 9.539069
 0.410000 0.323919 10.317258
 0.412500 0.350769 11.150118
 0.415000 0.379739 12.003876
 0.417500 0.410829 12.837614
 0.420000 0.443938 13.613394
 0.422500 0.478889 14.307775
 0.425000 0.515471 14.919131
 0.427500 0.553498 15.468714
 0.430000 0.592863 15.998335
 0.432500 0.633581 16.558929
 0.435000 0.675794 17.200684
 0.437500 0.719758 17.959621
 0.440000 0.765777 18.845942
 0.442500 0.814157 19.845026
 0.445000 0.865137 20.912935
 0.447500 0.918812 21.994210
 0.450000 0.975144 23.028185
 0.452500 1.033958 23.969892
 0.455000 1.094979 24.793941
 0.457500 1.157916 25.507547
 0.460000 1.222521 26.134980
 0.462500 1.288632 26.714039
 0.465000 1.356152 27.270998
 0.467500 1.425054 27.818025
 0.470000 1.495290 28.337390
 0.472500 1.566777 28.812878
 0.475000 1.639381 29.227362
 0.477500 1.712931 29.576182
 0.480000 1.787289 29.877515
 0.482500 1.862364 30.156930
 0.485000 1.938137 30.438374
 0.487500 2.014624 30.732633
 0.490000 2.091859 31.033261
 0.492500 2.169833 31.326095
 0.495000 2.248494 31.585190
 0.497500 2.327734 31.786102
 0.500000 2.407391 31.914391
 0.502500 2.487245 31.946950
 0.505000 2.567044 31.872348
 0.507500 2.646520 31.690351
 0.510000 2.725422 31.419451
 0.512500 2.803561 31.092125
 0.515000 2.880852 30.758169
 0.517500 2.957334 30.453675
 0.520000 3.033123 30.213410
 0.522500 3.108387 30.033880
 0.525000 3.183257 29.890131
 0.527500 3.257751 29.730252
 0.530000 3.331741 29.486880
 0.532500 3.404938 29.077907
 0.535000 3.476830 28.444069
 0.537500 3.546795 27.531923
 0.540000 3.614124 26.343777
 0.542500 3.678158 24.911909
 0.545000 3.738377 23.318528
 0.547500 3.794523 21.663380
 0.550000 3.846558 20.063444
 0.552500 3.894738 18.603154
 0.555000 3.939485 17.317497
 0.557500 3.981251 16.215001
 0.560000 4.020443 15.255938
 0.562500 4.057344 14.382601
 0.565000 4.092088 13.525823
 0.567500 4.124647 12.626802
 0.570000 4.154855 11.646411
 0.572500 4.182477 10.562439
 0.575000 4.207260 9.382693
 0.577500 4.228993 8.148002
 0.580000 4.247613 6.900947
 0.582500 4.263150 5.699407
 0.585000 4.275780 4.579080
 0.587500 4.285709 3.537894
 0.590000 4.293087 2.524311
 0.592500 4.297866 1.453914
 0.595000 4.299796 0.231273
 0.597500 4.298390 -1.215457
 0.600000 4.293052 -2.903377
 0.602500 4.283244 -4.777819
 0.605000 4.268642 -6.708877
 0.607500 4.249319 -8.526182
 0.610000 4.225763 -10.060487
 0.612500 4.198836 -11.200229
 0.615000 4.169592 -11.933076
 0.617500 4.138938 -12.334081
 0.620000 4.107525 -12.570862
 0.622500 4.075545 -12.814626
 0.625000 4.042777 -13.211020
 0.627500 4.008761 -13.830180
 0.630000 3.972914 -14.658263
 0.632500 3.934794 -15.642297
 0.635000 3.894091 -16.696968
 0.637500 3.850725 -17.770087
 0.640000 3.804706 -18.811624
 0.642500 3.756156 -19.788766
 0.645000 3.705258 -20.677856
 0.647500 3.652283 -21.445806
 0.650000 3.597570 -22.063237
 0.652500 3.541538 -22.509025
 0.655000 3.484611 -22.785986
 0.657500 3.427163 -22.934167
 0.660000 3.369441 -23.026521
 0.662500 3.311461 -23.143064
 0.665000 3.253062 -23.371091
 0.667500 3.193896 -23.757069
 0.670000 3.133583 -24.296193
 0.672500 3.071808 -24.905303
 0.675000 3.008536 -25.473767
 0.677500 2.944038 -25.870719
 0.680000 2.878875 -25.988742
 0.682500 2.813813 -25.793968
 0.685000 2.749606 -25.317823
 0.687500 2.686836 -24.672287
 0.690000 2.625766 -23.990523
 0.692500 2.566293 -23.402500
 0.695000 2.508064 -23.013517
 0.697500 2.450530 -22.858192
 0.700000 2.393110 -22.914151
 0.702500 2.335352 -23.123900
 0.705000 2.276957 -23.403533
 0.707500 2.217857 -23.682806
 0.710000 2.158133 -23.898373
 0.712500 2.097988 -24.012758
 0.715000 2.037714 -24.005108
 0.717500 1.977626 -23.873080
 0.720000 1.918024 -23.616656
 0.722500 1.859207 -23.259256
 0.725000 1.801398 -22.816090
 0.727500 1.744781 -22.316682
 0.730000 1.689458 -21.780475
 0.732500 1.635497 -21.232588
 0.735000 1.582910 -20.683799
 0.737500 1.531699 -20.136495
 0.740000 1.481867 -19.581604
 0.742500 1.433442 -19.013342
 0.745000 1.386462 -18.431734
 0.747500 1.340947 -17.845545
 0.750000 1.296882 -17.281653
 0.752500 1.254166 -16.773243
 0.755000 1.212633 -16.347908
 0.757500 1.172053 -16.011865
 0.760000 1.132214 -15.754699
 0.762500 1.092953 -15.539950
 0.765000 1.054224 -15.334029
 0.767500 1.016050 -15.090826
 0.770000 0.978557 -14.790350
 0.772500 0.941898 -14.429283
 0.775000 0.906204 -14.021218
 0.777500 0.871568 -13.591570
 0.780000 0.838016 -13.163144
 0.782500 0.805516 -12.752953
 0.785000 0.774018 -12.365370
 0.787500 0.743467 -11.993883
 0.790000 0.713844 -11.627423
 0.792500 0.685151 -11.245942
 0.795000 0.657444 -10.840333
 0.797500 0.630787 -10.406904
 0.800000 0.605235 -9.961563
 0.802500 0.580792 -9.528645
 0.805000 0.557388 -9.140324
 0.807500 0.534872 -8.821382
 0.810000 0.513053 -8.588032
 0.812500 0.491720 -8.432271
 0.815000 0.470706 -8.328913
 0.817500 0.449925 -8.238873
 0.820000 0.429398 -8.122567
 0.822500 0.409233 -7.948849
 0.825000 0.389595 -7.701458
 0.827500 0.370665 -7.383788
 0.830000 0.352599 -7.019159
 0.832500 0.335474 -6.637642
 0.835000 0.319293 -6.271892
 0.837500 0.303981 -5.948053
 0.840000 0.289415 -5.675861
 0.842500 0.275465 -5.454241
 0.845000 0.262029 -5.265798
 0.847500 0.249049 -5.084083
 0.850000 0.236534 -4.888822
 0.852500 0.224542 -4.668709
 0.855000 0.213137 -4.421217
 0.857500 0.202375 -4.156315
 0.860000 0.192282 -3.894622
 0.862500 0.182822 -3.653564
 0.865000 0.173920 -3.451002
 0.867500 0.165465 -3.297227
 0.870000 0.157332 -3.192869
 0.872500 0.149413 -3.130394
 0.875000 0.141614 -3.090257
 0.877500 0.133907 -3.056464
 0.880000 0.126296 -3.007245
 0.882500 0.118845 -2.930192
 0.885000 0.111634 -2.815373
 0.887500 0.104759 -2.663676
 0.890000 0.098303 -2.481946
 0.892500 0.092324 -2.286056
 0.895000 0.086837 -2.092840
 0.897500 0.081811 -1.917951
 0.900000 0.077188 -1.774383
 0.902500 0.072881 -1.667571
 0.905000 0.068796 -1.594694
 0.907500 0.064856 -1.549893
 0.910000 0.061003 -1.524369
 0.912500 0.057203 -1.506116
 0.915000 0.053452 -1.484919
 0.917500 0.049766 -1.450573
 0.920000 0.046190 -1.399375
 0.922500 0.042769 -1.327291
 0.925000 0.039549 -1.237853
 0.927500 0.036569 -1.139649
 0.930000 0.033837 -1.041806
 0.932500 0.031338 -0.953250
 0.935000 0.029043 -0.880487
 0.937500 0.026909 -0.824497
 0.940000 0.024898 -0.780605
 0.942500 0.022989 -0.741294
 0.945000 0.021183 -0.698041
 0.947500 0.019498 -0.643742
 0.950000 0.017966 -0.575988
 0.952500 0.016617 -0.497132
 0.955000 0.015473 -0.414918
 0.957500 0.014528 -0.339122
 0.960000 0.013755 -0.279775
 0.962500 0.013104 -0.243201
 0.965000 0.012512 -0.231891
 0.967500 0.011920 -0.242788
 0.970000 0.011280 -0.269504
 0.972500 0.010561 -0.303248
 0.975000 0.009760 -0.335709
 0.977500 0.008886 -0.359688
 0.980000 0.007967 -0.371073
 0.982500 0.007038 -0.368798
 0.985000 0.006131 -0.353503
 0.987500 0.005276 -0.327701
 0.990000 0.004496 -0.294327
 0.992500 0.003806 -0.256307
 0.995000 0.003214 -0.216316
 0.997500 0.002722 -0.177249
 1.000000 0.002323 -0.140996
 1.002500 0.002010 -0.109835
 1.005000 0.001766 -0.085066
 1.007500 0.001576 -0.067179
 1.010000 0.001423 -0.055936
 1.012500 0.001290 -0.050113
 1.015000 0.001167 -0.048161
 1.017500 0.001046 -0.048154
 1.020000 0.000924 -0.048502
 1.022500 0.000803 -0.048101
 1.025000 0.000684 -0.046268
 1.027500 0.000572 -0.042807
 1.030000 0.000471 -0.037947
 1.032500 0.000382 -0.032510
 1.035000 0.000308 -0.027122
 1.037500 0.000246 -0.022204
 1.040000 0.000196 -0.018108
 1.042500 0.000155 -0.014928
 1.045000 0.000120 -0.012449
 1.047500 0.000092 -0.010406
 1.050000 0.000068 -0.008615
 1.052500 0.000048 -0.006938
 1.055000 0.000033 -0.005358
 1.057500 0.000021 -0.003883
 1.060000 0.000013 -0.002663
 1.062500 0.000007 -0.001695
 1.065000 0.000004 -0.001010
 1.067500 0.000002 -0.000576
 1.070000 0.000001 -0.000306
 1.072500 0.000000 -0.000152
 1.075000 0.000000 -0.000070
 1.077500 0.000000 0.000000
 1.080000 0.000000 0.000000
 1.082500 0.000000 0.000000
 1.085000 0.000000 0.000000
 1.087500 0.000000 0.000000
 1.090000 0.000000 0.000000
 1.092500 0.000000 0.000000
 1.095000 0.000000 0.000000
 1.097500 0.000000 0.000000
 1.100000 0.000000 0.000000
 1.102500 0.000000 0.000000
 1.105000 0.000000 0.000000
 1.107500 0.000000 0.000000
 1.110000 0.000000 0.000000
 1.112500 0.000000 0.000000
 1.115000 0.000000 0.000000
 1.117500 0.000000 0.000000
 1.120000 0.000000 0.000000
 1.122500 0.000000 0.000000
 1.125000 0.000000 0.000000
 1.127500 0.000000 0.000000
 1.130000 0.000000 0.000000
 1.132500 0.000000 0.000000
 1.135000 0.000000 0.000000
 1.137500 0.000000 0.000000
 1.140000 0.000000 0.000000
 1.142500 0.000000 0.000000
 1.145000 0.000000 0.000000
 1.147500 0.000000 0.000000
 1.150000 0.000000 0.000000
 1.152500 0.000000 0.000000
 1.155000 0.000000 0.000000
 1.157500 0.000000 0.000000
 1.160000 0.000000 0.000000
 1.162500 0.000000 0.000000
 1.165000 0.000000 0.000000
 1.167500 0.000000 0.000000
 1.170000 0.000000 0.000000
 1.172500 0.000000 0.000000
 1.175000 0.000000 0.000000
 1.177500 0.000000 0.000000
 1.180000 0.000000 0.000000
 1.182500 0.000000 0.000000
 1.185000 0.000000 0.000000
 1.187500 0.000000 0.000000
 1.190000 0.000000 0.000000
 1.192500 0.000000 0.000000
 1.195000 0.000000 0.000000
 1.197500 0.000000 0.000000
 1.200000 0.000000 0.000000
 1.202500 0.000000 0.000000
 1.205000 0.000000 0.000000
 1.207500 0.000000 0.000000
 1.210000 0.000000 0.000000
 1.212500 0.000000 0.000000
 1.215000 0.000000 0.000000
 1.217500 0.000000 0.000000
 1.220000 0.000000 0.000000
 1.222500 0.000000 0.000000
 1.225000 0.000000 0.000000
 1.227500 0.000000 0.000000
 1.230000 0.000000 0.000000
 1.232500 0.000000 0.000000
 1.235000 0.000000 0.000000
 1.237500 0.000000 0.000000
 1.240000 0.000000 0.000000
 1.242500 0.000000 0.000000
 1.245000 0.000000 0.000000
 1.247500 0.000000 0.000000
 1.250000 0.000000 0.000000
 1.252500 0.000000 0.000000
 1.255000 0.000000 0.000000
 1.257500 0.000000 0.000000
 1.260000 0.000000 0.000000
 1.262500 0.000000 0.000000
 1.265000 0.000000 0.000000
 1.267500 0.000000 0.000000
 1.270000 0.000000 0.000000
 1.272500 0.000000 0.000000
 1.275000 0.000000 0.000000
 1.277500 0.000000 0.000000
 1.280000 0.000000 0.000000
 1.282500 0.000000 0.000000
 1.285000 0.000000 0.000000
 1.287500 0.000000 0.000000
 1.290000 0.000000 0.000000
 1.292500 0.000000 0.000000
 1.295000 0.000000 0.000000
 1.297500 0.000000 0.000000
 1.300000 0.000000 0.000000
 1.302500 0.000000 0.000000
 1.305000 0.000000 0.000000
 1.307500 0.000000 0.000000
 1.310000 0.000000 0.000000
 1.312500 0.000000 0.000000
 1.315000 0.000000 0.000000
 1.317500 0.000000 0.000000
 1.320000 0.000000 0.000000
 1.322500 0.000000 0.000000
 1.325000 0.000000 0.000000
 1.327500 0.000000 0.000000
 1.330000 0.000000 0.000000
 1.332500 0.000000 0.000000
 1.335000 0.000000 0.000000
 1.337500 0.000000 0.000000
 1.340000 0.000000 0.000000
 1.342500 0.000000 0.000000
 1.345000 0.000000 0.000000
 1.347500 0.000000 0.000000
 1.350000 0.000000 0.000000
 1.352500 0.000000 0.000000
 1.355000 0.000000 0.000000
 1.357500 0.000000 0.000000
 1.360000 0.000000 0.000000
 1.362500 0.000000 0.000000
 1.365000 0.000000 0.000000
 1.367500 0.000000 0.000000
 1.370000 0.000000 0.000000
 1.372500 0.000000 0.000000
 1.375000 0.000000 0.000000
 1.377500 0.000000 0.000000
 1.380000 0.000000 0.000000
 1.382500 0.000000 0.000000
 1.385000 0.000000 0.000000
 1.387500 0.000000 0.000000
 1.390000 0.000000 0.000000
 1.392500 0.000000 0.000000
 1.395000 0.000000 0.000000
 1.397500 0.000000 0.000000
 1.400000 0.000000 0.000000
 1.402500 0.000000 0.000000
 1.405000 0.000000 0.000000
 1.407500 0.000000 0.000000
 1.410000 0.000000 0.000000
 1.412500 0.000000 0.000000
 1.415000 0.000000 0.000000
 1.417500 0.000000 0.000000
 1.420000 0.000000 0.000000
 1.422500 0.000000 0.000000
 1.425000 0.000000 0.000000
 1.427500 0.000000 0.000000
 1.430000 0.000000 0.000000
 1.432500 0.000000 0.000000
 1.435000 0.000000 0.000000
 1.437500 0.000000 0.000000
 1.440000 0.000000 0.000000
 1.442500 0.000000 0.000000
 1.445000 0.000000 0.000000
 1.447500 0.000000 0.000000
 1.450000 0.000000 0.000000
 1.452500 0.000000 0.000000
 1.455000 0.000000 0.000000
 1.457500 0.000000 0.000000
 1.460000 0.000000 0.000000
 1.462500 0.000000 0.000000
 1.465000 0.000000 0.000000
 1.467500 0.000000 0.000000
 1.470000 0.000000 0.000000
 1.472500 0.000000 0.000000
 1.475000 0.000000 0.000000
 1.477500 0.000000 0.000000
 1.480000 0.000000 0.000000
 1.482500 0.000000 0.000000
 1.485000 0.000000 0.000000
 1.487500 0.000000 0.000000
 1.490000 0.000000 0.000000
 1.492500 0.000000 0.000000
 1.495000 0.000000 0.000000
 1.497500 0.000000 0.000000
 1.500000 0.000000 0.000000
 1.502500 0.000000 0.000000
 1.505000 0.000000 0.000000
 1.507500 0.000000 0.000000
 1.510000 0.000000 0.000000
 1.512500 0.000000 0.000000
 1.515000 0.000000 0.000000
 1.517500 0.000000 0.000000
 1.520000 0.000000 0.000000
 1.522500 0.000000 0.000000
 1.525000 0.000000 0.000000
 1.527500 0.000000 0.000000
 1.530000 0.000000 0.000000
 1.532500 0.000000 0.000000
 1.535000 0.000000 0.000000
 1.537500 0.000000 0.000000
 1.540000 0.000000 0.000000
 1.542500 0.000000 0.000000
 1.545000 0.000000 0.000000
 1.547500 0.000000 0.000000
 1.550000 0.000000 0.000000
 1.552500 0.000000 0.000000
 1.555000 0.000000 0.000000
 1.557500 0.000000 0.000000
 1.560000 0.000000 0.000000
 1.562500 0.000000 0.000000
 1.565000 0.000000 0.000000
 1.567500 0.000000 0.000000
 1.570000 0.000000 0.000000
 1.572500 0.000000 0.000000
 1.575000 0.000000 0.000000
 1.577500 0.000000 0.000000
 1.580000 0.000000 0.000000
 1.582500 0.000000 0.000000
 1.585000 0.000000 0.000000
 1.587500 0.000000 0.000000
 1.590000 0.000000 0.000000
 1.592500 0.000000 0.000000
 1.595000 0.000000 0.000000
 1.597500 0.000000 0.000000
 1.600000 0.000000 0.000000
 1.602500 0.000000 0.000000
 1.605000 0.000000 0.000000
 1.607500 0.000000 0.000000
 1.610000 0.000000 0.000000
 1.612500 0.000000 0.000000
 1.615000 0.000000 0.000000
 1.617500 0.000000 0.000000
 1.620000 0.000000 0.000000
 1.622500 0.000000 0.000000
 1.625000 0.000000 0.000000
 1.627500 0.000000 0.000000
 1.630000 0.000000 0.000000
 1.632500 0.000000 0.000000
 1.635000 0.000000 0.000000
 1.637500 0.000000 0.000000
 1.640000 0.000000 0.000000
 1.642500 0.000000 0.000000
 1.645000 0.000000 0.000000
 1.647500 0.000000 0.000000
 1.650000 0.000000 0.000000
 1.652500 0.000000 0.000000
 1.655000 0.000000 0.000000
 1.657500 0.000000 0.000000
 1.660000 0.000000 0.000000
 1.662500 0.000000 0.000000
 1.665000 0.000000 0.000000
 1.667500 0.000000 0.000000
 1.670000 0.000000 0.000000
 1.672500 0.000000 0.000000
 1.675000 0.000000 0.000000
 1.677500 0.000000 0.000000
 1.680000 0.000000 0.000000
 1.682500 0.000000 0.000000
 1.685000 0.000000 0.000000
 1.687500 0.000000 0.000000
 1.690000 0.000000 0.000000
 1.692500 0.000000 0.000000
 1.695000 0.000000 0.000000
 1.697500 0.000000 0.000000
 1.700000 0.000000 0.000000
 1.702500 0.000000 0.000000
 1.705000 0.000000 0.000000
 1.707500 0.000000 0.000000
 1.710000 0.000000 0.000000
 1.712500 0.000000 0.000000
 1.715000 0.000000 0.000000
 1.717500 0.000000 0.000000
 1.720000 0.000000 0.000000
 1.722500 0.000000 0.000000
 1.725000 0.000000 0.000000
 1.727500 0.000000 0.000000
 1.730000 0.000000 0.000000
 1.732500 0.000000 0.000000
 1.735000 0.000000 0.000000
 1.737500 0.000000 0.000000
 1.740000 0.000000 0.000000
 1.742500 0.000000 0.000000
 1.745000 0.000000 0.000000
 1.747500 0.000000 0.000000
 1.750000 0.000000 0.000000
 1.752500 0.000000 0.000000
 1.755000 0.000000 0.000000
 1.757500 0.000000 0.000000
 1.760000 0.000000 0.000000
 1.762500 0.000000 0.000000
 1.765000 0.000000 0.000000
 1.767500 0.000000 0.000000
 1.770000 0.000000 0.000000
 1.772500 0.000000 0.000000
 1.775000 0.000000 0.000000
 1.777500 0.000000 0.000000
 1.780000 0.000000 0.000000
 1.782500 0.000000 0.000000
 1.785000 0.000000 0.000000
 1.787500 0.000000 0.000000
 1.790000 0.000000 0.000000
 1.792500 0.000000 0.000000
 1.795000 0.000000 0.000000
 1.797500 0.000000 0.000000
 1.800000 0.000000 0.000000
 1.802500 0.000000 0.000000
 1.805000 0.000000 0.000000
 1.807500 0.000000 0.000000
 1.810000 0.000000 0.000000
 1.812500 0.000000 0.000000
 1.815000 0.000000 0.000000
 1.817500 0.000000 0.000000
 1.820000 0.000000 0.000000
 1.822500 0.000000 0.000000
 1.825000 0.000000 0.000000
 1.827500 0.000000 0.000000
 1.830000 0.000000 0.000000
 1.832500 0.000000 0.000000
 1.835000 0.000000 0.000000
 1.837500 0.000000 0.000000
 1.840000 0.000000 0.000000
 1.842500 0.000000 0.000000
 1.845000 0.000000 0.000000
 1.847500 0.000000 0.000000
 1.850000 0.000000 0.000000
 1.852500 0.000000 0.000000
 1.855000 0.000000 0.000000
 1.857500 0.000000 0.000000
 1.860000 0.000000 0.000000
 1.862500 0.000000 0.000000
 1.865000 0.000000 0.000000
 1.867500 0.000000 0.000000
 1.870000 0.000000 0.000000
 1.872500 0.000000 0.000000
 1.875000 0.000000 0.000000
 1.877500 0.000000 0.000000
 1.880000 0.000000 0.000000
 1.882500 0.000000 0.000000
 1.885000 0.000000 0.000000
 1.887500 0.000000 0.000000
 1.890000 0.000000 0.000000
 1.892500 0.000000 0.000000
 1.895000 0.000000 0.000000
 1.897500 0.000000 0.000000
 1.900000 0.000000 0.000000
 1.902500 0.000000 0.000000
 1.905000 0.000000 0.000000
 1.907500 0.000000 0.000000
 1.910000 0.000000 0.000000
 1.912500 0.000000 0.000000
 1.915000 0.000000 0.000000
 1.917500 0.000000 0.000000
 1.920000 0.000000 0.000000
 1.922500 0.000000 0.000000
 1.925000 0.000000 0.000000
 1.927500 0.000000 0.000000
 1.930000 0.000000 0.000000
 1.932500 0.000000 0.000000
 1.935000 0.000000 0.000000
 1.937500 0.000000 0.000000
 1.940000 0.000000 0.000000
 1.942500 0.000000 0.000000
 1.945000 0.000000 0.000000
 1.947500 0.000000 0.000000
 1.950000 0.000000 0.000000
 1.952500 0.000000 0.000000
 1.955000 0.000000 0.000000
 1.957500 0.000000 0.000000
 1.960000 0.000000 0.000000
 1.962500 0.000000 0.000000
 1.965000 0.000000 0.000000
 1.967500 0.000000 0.000000
 1.970000 0.000000 0.000000
 1.972500 0.000000 0.000000
 1.975000 0.000000 0.000000
 1.977500 0.000000 0.000000
 1.980000 0.000000 0.000000
 1.982500 0.000000 0.000000
 1.985000 0.000000 0.000000
 1.987500 0.000000 0.000000
 1.990000 0.000000 0.000000
 1.992500 0.000000 0.000000
 1.995000 0.000000 0.000000
 1.997500 0.000000 0.000000
 2.000000 0.000000 0.000000
