#! FIELDS es hh dhh_es
#! SET normalisation  2000.000000
#! SET min_es -0.5
#! SET max_es 2
#! SET nbins_es  1000
#! SET periodic_es false
 -0.500000 0.000000 0.000000
 -0.497500 0.000000 0.000000
 -0.495000 0.000000 0.000000
 -0.492500 0.000000 0.000000
 -0.490000 0.000000 0.000000
 -0.487500 0.000000 0.000000
 -0.485000 0.000000 0.000000
 -0.482500 0.000000 0.000000
 -0.480000 0.000000 0.000000
 -0.477500 0.000000 0.000000
 -0.475000 0.000000 0.000000
 -0.472500 0.000000 0.000000
 -0.470000 0.000000 0.000000
 -0.467500 0.000000 0.000000
 -0.465000 0.000000 0.000000
 -0.462500 0.000000 0.000000
 -0.460000 0.000000 0.000000
 -0.457500 0.000000 0.000000
 -0.455000 0.000000 0.000000
 -0.452500 0.000000 0.000000
 -0.450000 0.000000 0.000000
 -0.447500 0.000000 0.000000
 -0.445000 0.000000 0.000000
 -0.442500 0.000000 0.000000
 -0.440000 0.000000 0.000000
 -0.437500 0.000000 0.000000
 -0.435000 0.000000 0.000000
 -0.432500 0.000000 0.000000
 -0.430000 0.000000 0.000000
 -0.427500 0.000000 0.000000
 -0.425000 0.000000 0.000000
 -0.422500 0.000000 0.000000
 -0.420000 0.000000 0.000000
 -0.417500 0.000000 0.000000
 -0.415000 0.000000 0.000000
 -0.412500 0.000000 0.000000
 -0.410000 0.000000 0.000000
 -0.407500 0.000000 0.000000
 -0.405000 0.000000 0.000000
 -0.402500 0.000000 0.000000
 -0.400000 0.000000 0.000000
 -0.397500 0.000000 0.000000
 -0.395000 0.000000 0.000000
 -0.392500 0.000000 0.000000
 -0.390000 0.000000 0.000000
 -0.387500 0.000000 0.000000
 -0.385000 0.000000 0.000000
 -0.382500 0.000000 0.000000
 -0.380000 0.000000 0.000000
 -0.377500 0.000000 0.000000
 -0.375000 0.000000 0.000000
 -0.372500 0.000000 0.000000
 -0.370000 0.000000 0.000000
 -0.367500 0.000000 0.000000
 -0.365000 0.000000 0.000000
 -0.362500 0.000000 0.000000
 -0.360000 0.000000 0.000000
 -0.357500 0.000000 0.000000
 -0.355000 0.000000 0.000000
 -0.352500 0.000000 0.000000
 -0.350000 0.000000 0.000000
 -0.347500 0.000000 0.000000
 -0.345000 0.000000 0.000000
 -0.342500 0.000000 0.000000
 -0.340000 0.000000 0.000000
 -0.337500 0.000000 0.000000
 -0.335000 0.000000 0.000000
 -0.332500 0.000000 0.000000
 -0.330000 0.000000 0.000000
 -0.327500 0.000000 0.000000
 -0.325000 0.000000 0.000000
 -0.322500 0.000000 0.000000
 -0.320000 0.000000 0.000000
 -0.317500 0.000000 0.000000
 -0.315000 0.000000 0.000000
 -0.312500 0.000000 0.000000
 -0.310000 0.000000 0.000000
 -0.307500 0.000000 0.000000
 -0.305000 0.000000 0.000000
 -0.302500 0.000000 0.000000
 -0.300000 0.000000 0.000000
 -0.297500 0.000000 0.000000
 -0.295000 0.000000 0.000000
 -0.292500 0.000000 0.000000
 -0.290000 0.000000 0.000000
 -0.287500 0.000000 0.000000
 -0.285000 0.000000 0.000000
 -0.282500 0.000000 0.000000
 -0.280000 0.000000 0.000000
 -0.277500 0.000000 0.000000
 -0.275000 0.000000 0.000000
 -0.272500 0.000000 0.000000
 -0.270000 0.000000 0.000000
 -0.267500 0.000000 0.000000
 -0.265000 0.000000 0.000000
 -0.262500 0.000000 0.000000
 -0.260000 0.000000 0.000000
 -0.257500 0.000000 0.000000
 -0.255000 0.000000 0.000000
 -0.252500 0.000000 0.000000
 -0.250000 0.000000 0.000000
 -0.247500 0.000000 0.000000
 -0.245000 0.000000 0.000000
 -0.242500 0.000000 0.000000
 -0.240000 0.000000 0.000000
 -0.237500 0.000000 0.000000
 -0.235000 0.000000 0.000000
 -0.232500 0.000000 0.000000
 -0.230000 0.000000 0.000000
 -0.227500 0.000000 0.000000
 -0.225000 0.000000 0.000000
 -0.222500 0.000000 0.000000
 -0.220000 0.000000 0.000000
 -0.217500 0.000000 0.000000
 -0.215000 0.000000 0.000000
 -0.212500 0.000000 0.000000
 -0.210000 0.000000 0.000000
 -0.207500 0.000000 0.000000
 -0.205000 0.000000 0.000000
 -0.202500 0.000000 0.000000
 -0.200000 0.000000 0.000000
 -0.197500 0.000000 0.000000
 -0.195000 0.000000 0.000000
 -0.192500 0.000000 0.000000
 -0.190000 0.000000 0.000000
 -0.187500 0.000000 0.000000
 -0.185000 0.000000 0.000000
 -0.182500 0.000000 0.000000
 -0.180000 0.000000 0.000000
 -0.177500 0.000000 0.000000
 -0.175000 0.000000 0.000000
 -0.172500 0.000000 0.000000
 -0.170000 0.000000 0.000000
 -0.167500 0.000000 0.000000
 -0.165000 0.000000 0.000000
 -0.162500 0.000000 0.000000
 -0.160000 0.000000 0.000000
 -0.157500 0.000000 0.000000
 -0.155000 0.000000 0.000000
 -0.152500 0.000000 0.000000
 -0.150000 0.000000 0.000000
 -0.147500 0.000000 0.000000
 -0.145000 0.000000 0.000000
 -0.142500 0.000000 0.000000
 -0.140000 0.000000 0.000000
 -0.137500 0.000000 0.000000
 -0.135000 0.000000 0.000000
 -0.132500 0.000000 0.000000
 -0.130000 0.000000 0.000000
 -0.127500 0.000000 0.000000
 -0.125000 0.000000 0.000000
 -0.122500 0.000000 0.000000
 -0.120000 0.000000 0.000000
 -0.117500 0.000000 0.000000
 -0.115000 0.000000 0.000000
 -0.112500 0.000000 0.000000
 -0.110000 0.000000 0.000000
 -0.107500 0.000000 0.000000
 -0.105000 0.000000 0.000000
 -0.102500 0.000000 0.000000
 -0.100000 0.000000 0.000000
 -0.097500 0.000000 0.000000
 -0.095000 0.000000 0.000000
 -0.092500 0.000000 0.000000
 -0.090000 0.000000 0.000000
 -0.087500 0.000000 0.000000
 -0.085000 0.000000 0.000000
 -0.082500 0.000000 0.000000
 -0.080000 0.000000 0.000000
 -0.077500 0.000000 0.000000
 -0.075000 0.000000 0.000000
 -0.072500 0.000000 0.000000
 -0.070000 0.000000 0.000000
 -0.067500 0.000000 0.000000
 -0.065000 0.000000 0.000000
 -0.062500 0.000000 0.000000
 -0.060000 0.000000 0.000000
 -0.057500 0.000000 0.000000
 -0.055000 0.000000 0.000000
 -0.052500 0.000000 0.000000
 -0.050000 0.000000 0.000000
 -0.047500 0.000000 0.000000
 -0.045000 0.000000 0.000000
 -0.042500 0.000000 0.000000
 -0.040000 0.000000 0.000000
 -0.037500 0.000000 0.000000
 -0.035000 0.000000 0.000000
 -0.032500 0.000000 0.000000
 -0.030000 0.000000 0.000014
 -0.027500 0.000001 0.000326
 -0.025000 0.000004 0.001304
 -0.022500 0.000013 0.004707
 -0.020000 0.000040 0.014117
 -0.017500 0.000109 0.036409
 -0.015000 0.000266 0.084818
 -0.012500 0.000608 0.183700
 -0.010000 0.001303 0.371117
 -0.007500 0.002642 0.706425
 -0.005000 0.005098 1.275402
 -0.002500 0.009384 2.187225
 0.000000 0.016522 3.575135
 0.002500 0.027882 5.580868
 0.005000 0.045167 8.331897
 0.007500 0.070374 11.921536
 0.010000 0.105640 16.375085
 0.012500 0.153076 21.635803
 0.015000 0.214537 27.557471
 0.017500 0.291404 33.912217
 0.020000 0.384408 40.414706
 0.022500 0.493532 46.756495
 0.025000 0.618007 52.645623
 0.027500 0.756377 57.832266
 0.030000 0.906637 62.128745
 0.032500 1.066398 65.417358
 0.035000 1.233067 67.648487
 0.037500 1.403992 68.827869
 0.040000 1.576612 69.010746
 0.042500 1.748525 68.280123
 0.045000 1.917585 66.747307
 0.047500 2.081945 64.541862
 0.050000 2.240098 61.808817
 0.052500 2.390932 58.710215
 0.055000 2.533716 55.403268
 0.057500 2.668126 52.035168
 0.060000 2.794143 48.710539
 0.062500 2.911958 45.480948
 0.065000 3.021800 42.339835
 0.067500 3.123831 39.233460
 0.070000 3.218062 36.102777
 0.072500 3.304381 32.913058
 0.075000 3.382638 29.673937
 0.077500 3.452789 26.461459
 0.080000 3.515037 23.391004
 0.082500 3.569922 20.596909
 0.085000 3.618267 18.193271
 0.087500 3.661154 16.237764
 0.090000 3.699698 14.725963
 0.092500 3.734917 13.580551
 0.095000 3.767590 12.675229
 0.097500 3.798135 11.858056
 0.100000 3.826594 10.991099
 0.102500 3.852716 9.980871
 0.105000 3.876070 8.787290
 0.107500 3.896222 7.437488
 0.110000 3.912873 6.006635
 0.112500 3.925947 4.597907
 0.115000 3.935610 3.297936
 0.117500 3.942211 2.165928
 0.120000 3.946197 1.200718
 0.122500 3.947978 0.405662
 0.125000 3.947963 -0.239421
 0.127500 3.946511 -0.734864
 0.130000 3.944021 -1.064672
 0.132500 3.940922 -1.226239
 0.135000 3.937606 -1.240936
 0.137500 3.934354 -1.189930
 0.140000 3.931187 -1.191451
 0.142500 3.927821 -1.366792
 0.145000 3.923689 -1.811281
 0.147500 3.918079 -2.544251
 0.150000 3.910312 -3.505154
 0.152500 3.899991 -4.570685
 0.155000 3.887034 -5.592388
 0.157500 3.871732 -6.435121
 0.160000 3.854629 -7.016813
 0.162500 3.836400 -7.340710
 0.165000 3.817623 -7.457774
 0.167500 3.798716 -7.467677
 0.170000 3.779818 -7.474353
 0.172500 3.760821 -7.553634
 0.175000 3.741476 -7.756019
 0.177500 3.721464 -8.093405
 0.180000 3.700463 -8.531023
 0.182500 3.678294 -9.021839
 0.185000 3.654889 -9.503492
 0.187500 3.630344 -9.927446
 0.190000 3.604842 -10.258304
 0.192500 3.578645 -10.488285
 0.195000 3.551985 -10.628417
 0.197500 3.525078 -10.708072
 0.200000 3.498002 -10.760373
 0.202500 3.470779 -10.830542
 0.205000 3.443319 -10.960099
 0.207500 3.415440 -11.168880
 0.210000 3.386920 -11.476867
 0.212500 3.357495 -11.893177
 0.215000 3.326882 -12.420312
 0.217500 3.294835 -13.043369
 0.220000 3.261140 -13.719058
 0.222500 3.225742 -14.403166
 0.225000 3.188691 -15.031759
 0.227500 3.150203 -15.556434
 0.230000 3.110538 -15.957413
 0.232500 3.069997 -16.281548
 0.235000 3.028673 -16.590825
 0.237500 2.986498 -16.971461
 0.240000 2.943229 -17.482665
 0.242500 2.898508 -18.129783
 0.245000 2.852032 -18.867370
 0.247500 2.803674 -19.626458
 0.250000 2.753480 -20.325674
 0.252500 2.701662 -20.922254
 0.255000 2.648489 -21.414138
 0.257500 2.594186 -21.840135
 0.260000 2.538849 -22.240680
 0.262500 2.482510 -22.645983
 0.265000 2.425162 -23.041389
 0.267500 2.366893 -23.381834
 0.270000 2.307911 -23.604149
 0.272500 2.248580 -23.665986
 0.275000 2.189305 -23.550329
 0.277500 2.130520 -23.283517
 0.280000 2.072546 -22.907732
 0.282500 2.015617 -22.462675
 0.285000 1.959863 -21.963539
 0.287500 1.905425 -21.408399
 0.290000 1.852463 -20.783342
 0.292500 1.801179 -20.077720
 0.295000 1.751775 -19.285779
 0.297500 1.704428 -18.433427
 0.300000 1.659241 -17.566695
 0.302500 1.616182 -16.745394
 0.305000 1.575068 -16.020395
 0.307500 1.535610 -15.435182
 0.310000 1.497425 -14.999840
 0.312500 1.460161 -14.701322
 0.315000 1.423518 -14.504483
 0.317500 1.387295 -14.351890
 0.320000 1.351444 -14.205472
 0.322500 1.315985 -14.039430
 0.325000 1.280979 -13.848908
 0.327500 1.246469 -13.645173
 0.330000 1.212482 -13.442757
 0.332500 1.178996 -13.242080
 0.335000 1.146021 -13.035408
 0.337500 1.113595 -12.803012
 0.340000 1.081803 -12.526790
 0.342500 1.050776 -12.195006
 0.345000 1.020647 -11.807792
 0.347500 0.991549 -11.374542
 0.350000 0.963585 -10.903387
 0.352500 0.936835 -10.411761
 0.355000 0.911327 -9.907686
 0.357500 0.887077 -9.415897
 0.360000 0.864019 -8.958973
 0.362500 0.842038 -8.565624
 0.365000 0.820941 -8.251328
 0.367500 0.800524 -8.024028
 0.370000 0.780578 -7.872088
 0.372500 0.760947 -7.766470
 0.375000 0.741557 -7.678493
 0.377500 0.722402 -7.578528
 0.380000 0.703531 -7.454784
 0.382500 0.684997 -7.310587
 0.385000 0.666825 -7.167683
 0.387500 0.648992 -7.047815
 0.390000 0.631417 -6.960156
 0.392500 0.614023 -6.905685
 0.395000 0.596750 -6.861840
 0.397500 0.579602 -6.801477
 0.400000 0.562651 -6.701218
 0.402500 0.546013 -6.550776
 0.405000 0.529812 -6.356674
 0.407500 0.514133 -6.136245
 0.410000 0.499016 -5.912454
 0.412500 0.484446 -5.700513
 0.415000 0.470382 -5.509122
 0.417500 0.456775 -5.340655
 0.420000 0.443564 -5.188444
 0.422500 0.430712 -5.055989
 0.425000 0.418174 -4.941186
 0.427500 0.405899 -4.841634
 0.430000 0.393856 -4.756695
 0.432500 0.382020 -4.674461
 0.435000 0.370400 -4.582687
 0.437500 0.359036 -4.469872
 0.440000 0.347986 -4.334030
 0.442500 0.337301 -4.181737
 0.445000 0.327001 -4.028369
 0.447500 0.317065 -3.895750
 0.450000 0.307417 -3.797699
 0.452500 0.297966 -3.740709
 0.455000 0.288618 -3.713754
 0.457500 0.279325 -3.692589
 0.460000 0.270106 -3.649056
 0.462500 0.261052 -3.560757
 0.465000 0.252291 -3.415539
 0.467500 0.243957 -3.221780
 0.470000 0.236140 -3.007932
 0.472500 0.228844 -2.809322
 0.475000 0.221989 -2.662574
 0.477500 0.215419 -2.585479
 0.480000 0.208953 -2.577128
 0.482500 0.202445 -2.614496
 0.485000 0.195819 -2.665803
 0.487500 0.189086 -2.696040
 0.490000 0.182330 -2.682019
 0.492500 0.175675 -2.615384
 0.495000 0.169243 -2.506309
 0.497500 0.163116 -2.374960
 0.500000 0.157322 -2.247586
 0.502500 0.151824 -2.138942
 0.505000 0.146566 -2.056578
 0.507500 0.141487 -1.996552
 0.510000 0.136544 -1.944197
 0.512500 0.131739 -1.886471
 0.515000 0.127093 -1.812486
 0.517500 0.122655 -1.722243
 0.520000 0.118459 -1.619929
 0.522500 0.114526 -1.514767
 0.525000 0.110847 -1.418059
 0.527500 0.107392 -1.338078
 0.530000 0.104111 -1.279645
 0.532500 0.100950 -1.244002
 0.535000 0.097855 -1.224308
 0.537500 0.094798 -1.212735
 0.540000 0.091771 -1.198050
 0.542500 0.088795 -1.171279
 0.545000 0.085907 -1.127756
 0.547500 0.083144 -1.071276
 0.550000 0.080532 -1.011079
 0.552500 0.078064 -0.956785
 0.555000 0.075717 -0.916447
 0.557500 0.073453 -0.891252
 0.560000 0.071237 -0.874397
 0.562500 0.069061 -0.859299
 0.565000 0.066928 -0.837640
 0.567500 0.064863 -0.807874
 0.570000 0.062881 -0.771745
 0.572500 0.060990 -0.736578
 0.575000 0.059177 -0.708567
 0.577500 0.057422 -0.691514
 0.580000 0.055697 -0.683532
 0.582500 0.053987 -0.679720
 0.585000 0.052287 -0.675417
 0.587500 0.050602 -0.666682
 0.590000 0.048946 -0.653402
 0.592500 0.047325 -0.637984
 0.595000 0.045742 -0.623838
 0.597500 0.044190 -0.614754
 0.600000 0.042652 -0.611836
 0.602500 0.041113 -0.616915
 0.605000 0.039553 -0.627608
 0.607500 0.037964 -0.639848
 0.610000 0.036348 -0.648300
 0.612500 0.034724 -0.645988
 0.615000 0.033122 -0.627453
 0.617500 0.031589 -0.592202
 0.620000 0.030163 -0.543681
 0.622500 0.028867 -0.489163
 0.625000 0.027704 -0.440386
 0.627500 0.026645 -0.406959
 0.630000 0.025643 -0.395034
 0.632500 0.024642 -0.405812
 0.635000 0.023593 -0.432787
 0.637500 0.022468 -0.465105
 0.640000 0.021266 -0.491289
 0.642500 0.020018 -0.501547
 0.645000 0.018770 -0.490560
 0.647500 0.017576 -0.458817
 0.650000 0.016484 -0.410522
 0.652500 0.015527 -0.351270
 0.655000 0.014727 -0.286388
 0.657500 0.014091 -0.220862
 0.660000 0.013617 -0.157240
 0.662500 0.013296 -0.099272
 0.665000 0.013110 -0.050671
 0.667500 0.013028 -0.015697
 0.670000 0.013011 0.000433
 0.672500 0.013008 -0.004497
 0.675000 0.012966 -0.031349
 0.677500 0.012833 -0.075176
 0.680000 0.012578 -0.128787
 0.682500 0.012185 -0.183274
 0.685000 0.011666 -0.229305
 0.687500 0.011049 -0.260521
 0.690000 0.010376 -0.274432
 0.692500 0.009689 -0.271653
 0.695000 0.009026 -0.255663
 0.697500 0.008416 -0.230613
 0.700000 0.007875 -0.200611
 0.702500 0.007412 -0.169496
 0.705000 0.007025 -0.139695
 0.707500 0.006708 -0.113810
 0.710000 0.006449 -0.094004
 0.712500 0.006230 -0.081455
 0.715000 0.006032 -0.076720
 0.717500 0.005838 -0.079319
 0.720000 0.005629 -0.086967
 0.722500 0.005398 -0.097283
 0.725000 0.005140 -0.107287
 0.727500 0.004862 -0.114522
 0.730000 0.004571 -0.116986
 0.732500 0.004280 -0.113858
 0.735000 0.004005 -0.105302
 0.737500 0.003756 -0.092707
 0.740000 0.003542 -0.078069
 0.742500 0.003365 -0.063128
 0.745000 0.003224 -0.049300
 0.747500 0.003116 -0.037166
 0.750000 0.003037 -0.026438
 0.752500 0.002982 -0.016770
 0.755000 0.002951 -0.007806
 0.757500 0.002942 0.000400
 0.760000 0.002951 0.006787
 0.762500 0.002973 0.010165
 0.765000 0.002997 0.008816
 0.767500 0.003011 0.001807
 0.770000 0.003000 -0.010968
 0.772500 0.002952 -0.028169
 0.775000 0.002858 -0.047045
 0.777500 0.002717 -0.064308
 0.780000 0.002539 -0.077023
 0.782500 0.002337 -0.083109
 0.785000 0.002129 -0.082282
 0.787500 0.001931 -0.075516
 0.790000 0.001754 -0.065318
 0.792500 0.001604 -0.054343
 0.795000 0.001481 -0.044467
 0.797500 0.001379 -0.036805
 0.800000 0.001294 -0.031448
 0.802500 0.001220 -0.027990
 0.805000 0.001153 -0.025805
 0.807500 0.001090 -0.024690
 0.810000 0.001028 -0.024569
 0.812500 0.000966 -0.025344
 0.815000 0.000900 -0.026830
 0.817500 0.000830 -0.028672
 0.820000 0.000757 -0.030045
 0.822500 0.000681 -0.030269
 0.825000 0.000607 -0.028630
 0.827500 0.000539 -0.024976
 0.830000 0.000483 -0.019588
 0.832500 0.000442 -0.013142
 0.835000 0.000417 -0.006744
 0.837500 0.000407 -0.001690
 0.840000 0.000406 0.000985
 0.842500 0.000409 0.000689
 0.845000 0.000408 -0.002233
 0.847500 0.000396 -0.006792
 0.850000 0.000373 -0.011455
 0.852500 0.000340 -0.014879
 0.855000 0.000301 -0.015932
 0.857500 0.000262 -0.014424
 0.860000 0.000230 -0.010751
 0.862500 0.000209 -0.006029
 0.865000 0.000200 -0.001436
 0.867500 0.000201 0.001965
 0.870000 0.000208 0.003567
 0.872500 0.000217 0.003369
 0.875000 0.000224 0.001760
 0.877500 0.000225 -0.000647
 0.880000 0.000220 -0.003245
 0.882500 0.000209 -0.005569
 0.885000 0.000193 -0.007430
 0.887500 0.000172 -0.008705
 0.890000 0.000150 -0.009498
 0.892500 0.000125 -0.009737
 0.895000 0.000101 -0.009450
 0.897500 0.000079 -0.008682
 0.900000 0.000058 -0.007529
 0.902500 0.000041 -0.006144
 0.905000 0.000028 -0.004704
 0.907500 0.000017 -0.003373
 0.910000 0.000010 -0.002234
 0.912500 0.000006 -0.001407
 0.915000 0.000003 -0.000804
 0.917500 0.000002 -0.000445
 0.920000 0.000001 -0.000230
 0.922500 0.000000 -0.000111
 0.925000 0.000000 -0.000050
 0.927500 0.000000 0.000000
 0.930000 0.000000 0.000000
 0.932500 0.000000 0.000000
 0.935000 0.000000 0.000000
 0.937500 0.000000 0.000000
 0.940000 0.000000 0.000000
 0.942500 0.000000 0.000000
 0.945000 0.000000 0.000000
 0.947500 0.000000 0.000000
 0.950000 0.000000 0.000000
 0.952500 0.000000 0.000000
 0.955000 0.000000 0.000000
 0.957500 0.000000 0.000000
 0.960000 0.000000 0.000000
 0.962500 0.000000 0.000000
 0.965000 0.000000 0.000000
 0.967500 0.000000 0.000000
 0.970000 0.000000 0.000000
 0.972500 0.000000 0.000000
 0.975000 0.000000 0.000000
 0.977500 0.000000 0.000000
 0.980000 0.000000 0.000000
 0.982500 0.000000 0.000000
 0.985000 0.000000 0.000000
 0.987500 0.000000 0.000000
 0.990000 0.000000 0.000000
 0.992500 0.000000 0.000000
 0.995000 0.000000 0.000000
 0.997500 0.000000 0.000000
 1.000000 0.000000 0.000000
 1.002500 0.000000 0.000000
 1.005000 0.000000 0.000000
 1.007500 0.000000 0.000000
 1.010000 0.000000 0.000000
 1.012500 0.000000 0.000000
 1.015000 0.000000 0.000000
 1.017500 0.000000 0.000000
 1.020000 0.000000 0.000000
 1.022500 0.000000 0.000000
 1.025000 0.000000 0.000000
 1.027500 0.000000 0.000000
 1.030000 0.000000 0.000000
 1.032500 0.000000 0.000000
 1.035000 0.000000 0.000000
 1.037500 0.000000 0.000000
 1.040000 0.000000 0.000000
 1.042500 0.000000 0.000000
 1.045000 0.000000 0.000000
 1.047500 0.000000 0.000000
 1.050000 0.000000 0.000000
 1.052500 0.000000 0.000000
 1.055000 0.000000 0.000000
 1.057500 0.000000 0.000000
 1.060000 0.000000 0.000000
 1.062500 0.000000 0.000000
 1.065000 0.000000 0.000000
 1.067500 0.000000 0.000000
 1.070000 0.000000 0.000000
 1.072500 0.000000 0.000000
 1.075000 0.000000 0.000000
 1.077500 0.000000 0.000000
 1.080000 0.000000 0.000000
 1.082500 0.000000 0.000000
 1.085000 0.000000 0.000000
 1.087500 0.000000 0.000000
 1.090000 0.000000 0.000000
 1.092500 0.000000 0.000000
 1.095000 0.000000 0.000000
 1.097500 0.000000 0.000000
 1.100000 0.000000 0.000000
 1.102500 0.000000 0.000000
 1.105000 0.000000 0.000000
 1.107500 0.000000 0.000000
 1.110000 0.000000 0.000000
 1.112500 0.000000 0.000000
 1.115000 0.000000 0.000000
 1.117500 0.000000 0.000000
 1.120000 0.000000 0.000000
 1.122500 0.000000 0.000000
 1.125000 0.000000 0.000000
 1.127500 0.000000 0.000000
 1.130000 0.000000 0.000000
 1.132500 0.000000 0.000000
 1.135000 0.000000 0.000000
 1.137500 0.000000 0.000000
 1.140000 0.000000 0.000000
 1.142500 0.000000 0.000000
 1.145000 0.000000 0.000000
 1.147500 0.000000 0.000000
 1.150000 0.000000 0.000000
 1.152500 0.000000 0.000000
 1.155000 0.000000 0.000000
 1.157500 0.000000 0.000000
 1.160000 0.000000 0.000000
 1.162500 0.000000 0.000000
 1.165000 0.000000 0.000000
 1.167500 0.000000 0.000000
 1.170000 0.000000 0.000000
 1.172500 0.000000 0.000000
 1.175000 0.000000 0.000000
 1.177500 0.000000 0.000000
 1.180000 0.000000 0.000000
 1.182500 0.000000 0.000000
 1.185000 0.000000 0.000000
 1.187500 0.000000 0.000000
 1.190000 0.000000 0.000000
 1.192500 0.000000 0.000000
 1.195000 0.000000 0.000000
 1.197500 0.000000 0.000000
 1.200000 0.000000 0.000000
 1.202500 0.000000 0.000000
 1.205000 0.000000 0.000000
 1.207500 0.000000 0.000000
 1.210000 0.000000 0.000000
 1.212500 0.000000 0.000000
 1.215000 0.000000 0.000000
 1.217500 0.000000 0.000000
 1.220000 0.000000 0.000000
 1.222500 0.000000 0.000000
 1.225000 0.000000 0.000000
 1.227500 0.000000 0.000000
 1.230000 0.000000 0.000000
 1.232500 0.000000 0.000000
 1.235000 0.000000 0.000000
 1.237500 0.000000 0.000000
 1.240000 0.000000 0.000000
 1.242500 0.000000 0.000000
 1.245000 0.000000 0.000000
 1.247500 0.000000 0.000000
 1.250000 0.000000 0.000000
 1.252500 0.000000 0.000000
 1.255000 0.000000 0.000000
 1.257500 0.000000 0.000000
 1.260000 0.000000 0.000000
 1.262500 0.000000 0.000000
 1.265000 0.000000 0.000000
 1.267500 0.000000 0.000000
 1.270000 0.000000 0.000000
 1.272500 0.000000 0.000000
 1.275000 0.000000 0.000000
 1.277500 0.000000 0.000000
 1.280000 0.000000 0.000000
 1.282500 0.000000 0.000000
 1.285000 0.000000 0.000000
 1.287500 0.000000 0.000000
 1.290000 0.000000 0.000000
 1.292500 0.000000 0.000000
 1.295000 0.000000 0.000000
 1.297500 0.000000 0.000000
 1.300000 0.000000 0.000000
 1.302500 0.000000 0.000000
 1.305000 0.000000 0.000000
 1.307500 0.000000 0.000000
 1.310000 0.000000 0.000000
 1.312500 0.000000 0.000000
 1.315000 0.000000 0.000000
 1.317500 0.000000 0.000000
 1.320000 0.000000 0.000000
 1.322500 0.000000 0.000000
 1.325000 0.000000 0.000000
 1.327500 0.000000 0.000000
 1.330000 0.000000 0.000000
 1.332500 0.000000 0.000000
 1.335000 0.000000 0.000000
 1.337500 0.000000 0.000000
 1.340000 0.000000 0.000000
 1.342500 0.000000 0.000000
 1.345000 0.000000 0.000000
 1.347500 0.000000 0.000000
 1.350000 0.000000 0.000000
 1.352500 0.000000 0.000000
 1.355000 0.000000 0.000000
 1.357500 0.000000 0.000000
 1.360000 0.000000 0.000000
 1.362500 0.000000 0.000000
 1.365000 0.000000 0.000000
 1.367500 0.000000 0.000000
 1.370000 0.000000 0.000000
 1.372500 0.000000 0.000000
 1.375000 0.000000 0.000000
 1.377500 0.000000 0.000000
 1.380000 0.000000 0.000000
 1.382500 0.000000 0.000000
 1.385000 0.000000 0.000000
 1.387500 0.000000 0.000000
 1.390000 0.000000 0.000000
 1.392500 0.000000 0.000000
 1.395000 0.000000 0.000000
 1.397500 0.000000 0.000000
 1.400000 0.000000 0.000000
 1.402500 0.000000 0.000000
 1.405000 0.000000 0.000000
 1.407500 0.000000 0.000000
 1.410000 0.000000 0.000000
 1.412500 0.000000 0.000000
 1.415000 0.000000 0.000000
 1.417500 0.000000 0.000000
 1.420000 0.000000 0.000000
 1.422500 0.000000 0.000000
 1.425000 0.000000 0.000000
 1.427500 0.000000 0.000000
 1.430000 0.000000 0.000000
 1.432500 0.000000 0.000000
 1.435000 0.000000 0.000000
 1.437500 0.000000 0.000000
 1.440000 0.000000 0.000000
 1.442500 0.000000 0.000000
 1.445000 0.000000 0.000000
 1.447500 0.000000 0.000000
 1.450000 0.000000 0.000000
 1.452500 0.000000 0.000000
 1.455000 0.000000 0.000000
 1.457500 0.000000 0.000000
 1.460000 0.000000 0.000000
 1.462500 0.000000 0.000000
 1.465000 0.000000 0.000000
 1.467500 0.000000 0.000000
 1.470000 0.000000 0.000000
 1.472500 0.000000 0.000000
 1.475000 0.000000 0.000000
 1.477500 0.000000 0.000000
 1.480000 0.000000 0.000000
 1.482500 0.000000 0.000000
 1.485000 0.000000 0.000000
 1.487500 0.000000 0.000000
 1.490000 0.000000 0.000000
 1.492500 0.000000 0.000000
 1.495000 0.000000 0.000000
 1.497500 0.000000 0.000000
 1.500000 0.000000 0.000000
 1.502500 0.000000 0.000000
 1.505000 0.000000 0.000000
 1.507500 0.000000 0.000000
 1.510000 0.000000 0.000000
 1.512500 0.000000 0.000000
 1.515000 0.000000 0.000000
 1.517500 0.000000 0.000000
 1.520000 0.000000 0.000000
 1.522500 0.000000 0.000000
 1.525000 0.000000 0.000000
 1.527500 0.000000 0.000000
 1.530000 0.000000 0.000000
 1.532500 0.000000 0.000000
 1.535000 0.000000 0.000000
 1.537500 0.000000 0.000000
 1.540000 0.000000 0.000000
 1.542500 0.000000 0.000000
 1.545000 0.000000 0.000000
 1.547500 0.000000 0.000000
 1.550000 0.000000 0.000000
 1.552500 0.000000 0.000000
 1.555000 0.000000 0.000000
 1.557500 0.000000 0.000000
 1.560000 0.000000 0.000000
 1.562500 0.000000 0.000000
 1.565000 0.000000 0.000000
 1.567500 0.000000 0.000000
 1.570000 0.000000 0.000000
 1.572500 0.000000 0.000000
 1.575000 0.000000 0.000000
 1.577500 0.000000 0.000000
 1.580000 0.000000 0.000000
 1.582500 0.000000 0.000000
 1.585000 0.000000 0.000000
 1.587500 0.000000 0.000000
 1.590000 0.000000 0.000000
 1.592500 0.000000 0.000000
 1.595000 0.000000 0.000000
 1.597500 0.000000 0.000000
 1.600000 0.000000 0.000000
 1.602500 0.000000 0.000000
 1.605000 0.000000 0.000000
 1.607500 0.000000 0.000000
 1.610000 0.000000 0.000000
 1.612500 0.000000 0.000000
 1.615000 0.000000 0.000000
 1.617500 0.000000 0.000000
 1.620000 0.000000 0.000000
 1.622500 0.000000 0.000000
 1.625000 0.000000 0.000000
 1.627500 0.000000 0.000000
 1.630000 0.000000 0.000000
 1.632500 0.000000 0.000000
 1.635000 0.000000 0.000000
 1.637500 0.000000 0.000000
 1.640000 0.000000 0.000000
 1.642500 0.000000 0.000000
 1.645000 0.000000 0.000000
 1.647500 0.000000 0.000000
 1.650000 0.000000 0.000000
 1.652500 0.000000 0.000000
 1.655000 0.000000 0.000000
 1.657500 0.000000 0.000000
 1.660000 0.000000 0.000000
 1.662500 0.000000 0.000000
 1.665000 0.000000 0.000000
 1.667500 0.000000 0.000000
 1.670000 0.000000 0.000000
 1.672500 0.000000 0.000000
 1.675000 0.000000 0.000000
 1.677500 0.000000 0.000000
 1.680000 0.000000 0.000000
 1.682500 0.000000 0.000000
 1.685000 0.000000 0.000000
 1.687500 0.000000 0.000000
 1.690000 0.000000 0.000000
 1.692500 0.000000 0.000000
 1.695000 0.000000 0.000000
 1.697500 0.000000 0.000000
 1.700000 0.000000 0.000000
 1.702500 0.000000 0.000000
 1.705000 0.000000 0.000000
 1.707500 0.000000 0.000000
 1.710000 0.000000 0.000000
 1.712500 0.000000 0.000000
 1.715000 0.000000 0.000000
 1.717500 0.000000 0.000000
 1.720000 0.000000 0.000000
 1.722500 0.000000 0.000000
 1.725000 0.000000 0.000000
 1.727500 0.000000 0.000000
 1.730000 0.000000 0.000000
 1.732500 0.000000 0.000000
 1.735000 0.000000 0.000000
 1.737500 0.000000 0.000000
 1.740000 0.000000 0.000000
 1.742500 0.000000 0.000000
 1.745000 0.000000 0.000000
 1.747500 0.000000 0.000000
 1.750000 0.000000 0.000000
 1.752500 0.000000 0.000000
 1.755000 0.000000 0.000000
 1.757500 0.000000 0.000000
 1.760000 0.000000 0.000000
 1.762500 0.000000 0.000000
 1.765000 0.000000 0.000000
 1.767500 0.000000 0.000000
 1.770000 0.000000 0.000000
 1.772500 0.000000 0.000000
 1.775000 0.000000 0.000000
 1.777500 0.000000 0.000000
 1.780000 0.000000 0.000000
 1.782500 0.000000 0.000000
 1.785000 0.000000 0.000000
 1.787500 0.000000 0.000000
 1.790000 0.000000 0.000000
 1.792500 0.000000 0.000000
 1.795000 0.000000 0.000000
 1.797500 0.000000 0.000000
 1.800000 0.000000 0.000000
 1.802500 0.000000 0.000000
 1.805000 0.000000 0.000000
 1.807500 0.000000 0.000000
 1.810000 0.000000 0.000000
 1.812500 0.000000 0.000000
 1.815000 0.000000 0.000000
 1.817500 0.000000 0.000000
 1.820000 0.000000 0.000000
 1.822500 0.000000 0.000000
 1.825000 0.000000 0.000000
 1.827500 0.000000 0.000000
 1.830000 0.000000 0.000000
 1.832500 0.000000 0.000000
 1.835000 0.000000 0.000000
 1.837500 0.000000 0.000000
 1.840000 0.000000 0.000000
 1.842500 0.000000 0.000000
 1.845000 0.000000 0.000000
 1.847500 0.000000 0.000000
 1.850000 0.000000 0.000000
 1.852500 0.000000 0.000000
 1.855000 0.000000 0.000000
 1.857500 0.000000 0.000000
 1.860000 0.000000 0.000000
 1.862500 0.000000 0.000000
 1.865000 0.000000 0.000000
 1.867500 0.000000 0.000000
 1.870000 0.000000 0.000000
 1.872500 0.000000 0.000000
 1.875000 0.000000 0.000000
 1.877500 0.000000 0.000000
 1.880000 0.000000 0.000000
 1.882500 0.000000 0.000000
 1.885000 0.000000 0.000000
 1.887500 0.000000 0.000000
 1.890000 0.000000 0.000000
 1.892500 0.000000 0.000000
 1.895000 0.000000 0.000000
 1.897500 0.000000 0.000000
 1.900000 0.000000 0.000000
 1.902500 0.000000 0.000000
 1.905000 0.000000 0.000000
 1.907500 0.000000 0.000000
 1.910000 0.000000 0.000000
 1.912500 0.000000 0.000000
 1.915000 0.000000 0.000000
 1.917500 0.000000 0.000000
 1.920000 0.000000 0.000000
 1.922500 0.000000 0.000000
 1.925000 0.000000 0.000000
 1.927500 0.000000 0.000000
 1.930000 0.000000 0.000000
 1.932500 0.000000 0.000000
 1.935000 0.000000 0.000000
 1.937500 0.000000 0.000000
 1.940000 0.000000 0.000000
 1.942500 0.000000 0.000000
 1.945000 0.000000 0.000000
 1.947500 0.000000 0.000000
 1.950000 0.000000 0.000000
 1.952500 0.000000 0.000000
 1.955000 0.000000 0.000000
 1.957500 0.000000 0.000000
 1.960000 0.000000 0.000000
 1.962500 0.000000 0.000000
 1.965000 0.000000 0.000000
 1.967500 0.000000 0.000000
 1.970000 0.000000 0.000000
 1.972500 0.000000 0.000000
 1.975000 0.000000 0.000000
 1.977500 0.000000 0.000000
 1.980000 0.000000 0.000000
 1.982500 0.000000 0.000000
 1.985000 0.000000 0.000000
 1.987500 0.000000 0.000000
 1.990000 0.000000 0.000000
 1.992500 0.000000 0.000000
 1.995000 0.000000 0.000000
 1.997500 0.000000 0.000000
 2.000000 0.000000 0.000000
