#! FIELDS es hh dhh_es
#! SET normalisation  2000.000000
#! SET min_es -0.5
#! SET max_es 2
#! SET nbins_es  1000
#! SET periodic_es false
 -0.500000 0.000000 0.000000
 -0.497500 0.000000 0.000000
 -0.495000 0.000000 0.000000
 -0.492500 0.000000 0.000000
 -0.490000 0.000000 0.000000
 -0.487500 0.000000 0.000000
 -0.485000 0.000000 0.000000
 -0.482500 0.000000 0.000000
 -0.480000 0.000000 0.000000
 -0.477500 0.000000 0.000000
 -0.475000 0.000000 0.000000
 -0.472500 0.000000 0.000000
 -0.470000 0.000000 0.000000
 -0.467500 0.000000 0.000000
 -0.465000 0.000000 0.000000
 -0.462500 0.000000 0.000000
 -0.460000 0.000000 0.000000
 -0.457500 0.000000 0.000000
 -0.455000 0.000000 0.000000
 -0.452500 0.000000 0.000000
 -0.450000 0.000000 0.000000
 -0.447500 0.000000 0.000000
 -0.445000 0.000000 0.000000
 -0.442500 0.000000 0.000000
 -0.440000 0.000000 0.000000
 -0.437500 0.000000 0.000000
 -0.435000 0.000000 0.000000
 -0.432500 0.000000 0.000000
 -0.430000 0.000000 0.000000
 -0.427500 0.000000 0.000000
 -0.425000 0.000000 0.000000
 -0.422500 0.000000 0.000000
 -0.420000 0.000000 0.000000
 -0.417500 0.000000 0.000000
 -0.415000 0.000000 0.000000
 -0.412500 0.000000 0.000000
 -0.410000 0.000000 0.000000
 -0.407500 0.000000 0.000000
 -0.405000 0.000000 0.000000
 -0.402500 0.000000 0.000000
 -0.400000 0.000000 0.000000
 -0.397500 0.000000 0.000000
 -0.395000 0.000000 0.000000
 -0.392500 0.000000 0.000000
 -0.390000 0.000000 0.000000
 -0.387500 0.000000 0.000000
 -0.385000 0.000000 0.000000
 -0.382500 0.000000 0.000000
 -0.380000 0.000000 0.000000
 -0.377500 0.000000 0.000000
 -0.375000 0.000000 0.000000
 -0.372500 0.000000 0.000000
 -0.370000 0.000000 0.000000
 -0.367500 0.000000 0.000000
 -0.365000 0.000000 0.000000
 -0.362500 0.000000 0.000000
 -0.360000 0.000000 0.000000
 -0.357500 0.000000 0.000000
 -0.355000 0.000000 0.000000
 -0.352500 0.000000 0.000000
 -0.350000 0.000000 0.000000
 -0.347500 0.000000 0.000000
 -0.345000 0.000000 0.000000
 -0.342500 0.000000 0.000000
 -0.340000 0.000000 0.000000
 -0.337500 0.000000 0.000000
 -0.335000 0.000000 0.000000
 -0.332500 0.000000 0.000000
 -0.330000 0.000000 0.000000
 -0.327500 0.000000 0.000000
 -0.325000 0.000000 0.000000
 -0.322500 0.000000 0.000000
 -0.320000 0.000000 0.000000
 -0.317500 0.000000 0.000000
 -0.315000 0.000000 0.000000
 -0.312500 0.000000 0.000000
 -0.310000 0.000000 0.000000
 -0.307500 0.000000 0.000000
 -0.305000 0.000000 0.000000
 -0.302500 0.000000 0.000000
 -0.300000 0.000000 0.000000
 -0.297500 0.000000 0.000000
 -0.295000 0.000000 0.000000
 -0.292500 0.000000 0.000000
 -0.290000 0.000000 0.000000
 -0.287500 0.000000 0.000000
 -0.285000 0.000000 0.000000
 -0.282500 0.000000 0.000000
 -0.280000 0.000000 0.000000
 -0.277500 0.000000 0.000000
 -0.275000 0.000000 0.000000
 -0.272500 0.000000 0.000000
 -0.270000 0.000000 0.000000
 -0.267500 0.000000 0.000000
 -0.265000 0.000000 0.000000
 -0.262500 0.000000 0.000000
 -0.260000 0.000000 0.000000
 -0.257500 0.000000 0.000000
 -0.255000 0.000000 0.000000
 -0.252500 0.000000 0.000000
 -0.250000 0.000000 0.000000
 -0.247500 0.000000 0.000000
 -0.245000 0.000000 0.000000
 -0.242500 0.000000 0.000000
 -0.240000 0.000000 0.000000
 -0.237500 0.000000 0.000000
 -0.235000 0.000000 0.000000
 -0.232500 0.000000 0.000000
 -0.230000 0.000000 0.000000
 -0.227500 0.000000 0.000000
 -0.225000 0.000000 0.000000
 -0.222500 0.000000 0.000000
 -0.220000 0.000000 0.000000
 -0.217500 0.000000 0.000000
 -0.215000 0.000000 0.000000
 -0.212500 0.000000 0.000000
 -0.210000 0.000000 0.000000
 -0.207500 0.000000 0.000000
 -0.205000 0.000000 0.000000
 -0.202500 0.000000 0.000000
 -0.200000 0.000000 0.000000
 -0.197500 0.000000 0.000000
 -0.195000 0.000000 0.000000
 -0.192500 0.000000 0.000000
 -0.190000 0.000000 0.000000
 -0.187500 0.000000 0.000000
 -0.185000 0.000000 0.000000
 -0.182500 0.000000 0.000000
 -0.180000 0.000000 0.000000
 -0.177500 0.000000 0.000000
 -0.175000 0.000000 0.000000
 -0.172500 0.000000 0.000000
 -0.170000 0.000000 0.000000
 -0.167500 0.000000 0.000000
 -0.165000 0.000000 0.000000
 -0.162500 0.000000 0.000000
 -0.160000 0.000000 0.000000
 -0.157500 0.000000 0.000000
 -0.155000 0.000000 0.000000
 -0.152500 0.000000 0.000000
 -0.150000 0.000000 0.000000
 -0.147500 0.000000 0.000000
 -0.145000 0.000000 0.000000
 -0.142500 0.000000 0.000000
 -0.140000 0.000000 0.000000
 -0.137500 0.000000 0.000000
 -0.135000 0.000000 0.000000
 -0.132500 0.000000 0.000000
 -0.130000 0.000000 0.000000
 -0.127500 0.000000 0.000000
 -0.125000 0.000000 0.000000
 -0.122500 0.000000 0.000000
 -0.120000 0.000000 0.000000
 -0.117500 0.000000 0.000000
 -0.115000 0.000000 0.000000
 -0.112500 0.000000 0.000000
 -0.110000 0.000000 0.000000
 -0.107500 0.000000 0.000000
 -0.105000 0.000000 0.000000
 -0.102500 0.000000 0.000000
 -0.100000 0.000000 0.000000
 -0.097500 0.000000 0.000000
 -0.095000 0.000000 0.000000
 -0.092500 0.000000 0.000000
 -0.090000 0.000000 0.000000
 -0.087500 0.000000 0.000000
 -0.085000 0.000000 0.000000
 -0.082500 0.000000 0.000000
 -0.080000 0.000000 0.000000
 -0.077500 0.000000 0.000000
 -0.075000 0.000000 0.000000
 -0.072500 0.000000 0.000000
 -0.070000 0.000000 0.000000
 -0.067500 0.000000 0.000000
 -0.065000 0.000000 0.000000
 -0.062500 0.000000 0.000000
 -0.060000 0.000000 0.000000
 -0.057500 0.000000 0.000000
 -0.055000 0.000000 0.000000
 -0.052500 0.000000 0.000000
 -0.050000 0.000000 0.000000
 -0.047500 0.000000 0.000000
 -0.045000 0.000000 0.000000
 -0.042500 0.000000 0.000000
 -0.040000 0.000000 0.000000
 -0.037500 0.000000 0.000000
 -0.035000 0.000000 0.000000
 -0.032500 0.000000 0.000000
 -0.030000 0.000000 0.000000
 -0.027500 0.000000 0.000000
 -0.025000 0.000000 0.000000
 -0.022500 0.000000 0.000000
 -0.020000 0.000000 0.000000
 -0.017500 0.000000 0.000000
 -0.015000 0.000000 0.000000
 -0.012500 0.000000 0.000000
 -0.010000 0.000000 0.000000
 -0.007500 0.000000 0.000000
 -0.005000 0.000000 0.000000
 -0.002500 0.000000 0.000000
 0.000000 0.000000 0.000000
 0.002500 0.000000 0.000000
 0.005000 0.000000 0.000000
 0.007500 0.000000 0.000000
 0.010000 0.000000 0.000000
 0.012500 0.000000 0.000000
 0.015000 0.000000 0.000000
 0.017500 0.000000 0.000000
 0.020000 0.000000 0.000000
 0.022500 0.000000 0.000020
 0.025000 0.000000 0.000072
 0.027500 0.000000 0.000165
 0.030000 0.000001 0.000349
 0.032500 0.000002 0.000692
 0.035000 0.000005 0.001295
 0.037500 0.000009 0.002309
 0.040000 0.000017 0.003819
 0.042500 0.000029 0.005932
 0.045000 0.000047 0.008749
 0.047500 0.000074 0.012384
 0.050000 0.000111 0.016832
 0.052500 0.000160 0.022436
 0.055000 0.000225 0.029803
 0.057500 0.000312 0.040062
 0.060000 0.000430 0.054627
 0.062500 0.000591 0.075202
 0.065000 0.000814 0.103646
 0.067500 0.001119 0.140883
 0.070000 0.001529 0.187871
 0.072500 0.002070 0.244677
 0.075000 0.002764 0.311010
 0.077500 0.003636 0.387009
 0.080000 0.004713 0.474140
 0.082500 0.006024 0.574139
 0.085000 0.007605 0.690892
 0.087500 0.009503 0.828035
 0.090000 0.011775 0.990751
 0.092500 0.014491 1.182900
 0.095000 0.017730 1.408327
 0.097500 0.021577 1.669314
 0.100000 0.026124 1.968191
 0.102500 0.031467 2.306356
 0.105000 0.037710 2.686678
 0.107500 0.044960 3.111009
 0.110000 0.053327 3.581352
 0.112500 0.062931 4.099042
 0.115000 0.073891 4.663963
 0.117500 0.086320 5.273229
 0.120000 0.100324 5.922003
 0.122500 0.115996 6.604002
 0.125000 0.133406 7.310383
 0.127500 0.152608 8.034218
 0.130000 0.173636 8.770146
 0.132500 0.196521 9.518448
 0.135000 0.221298 10.285444
 0.137500 0.248036 11.086065
 0.140000 0.276835 11.936662
 0.142500 0.307841 12.853634
 0.145000 0.341233 13.845120
 0.147500 0.377197 14.908291
 0.150000 0.415895 16.024690
 0.152500 0.457413 17.158764
 0.155000 0.501751 18.272334
 0.157500 0.548808 19.326696
 0.160000 0.598394 20.289218
 0.162500 0.650251 21.141424
 0.165000 0.704097 21.875604
 0.167500 0.759627 22.494133
 0.170000 0.816576 23.011736
 0.172500 0.874719 23.455111
 0.175000 0.933912 23.858796
 0.177500 0.994116 24.271842
 0.180000 1.055419 24.744156
 0.182500 1.118015 25.314730
 0.185000 1.182177 25.996099
 0.187500 1.248168 26.768906
 0.190000 1.316150 27.577511
 0.192500 1.386110 28.343815
 0.195000 1.457850 28.985291
 0.197500 1.530973 29.444104
 0.200000 1.604977 29.696187
 0.202500 1.679370 29.762561
 0.205000 1.753754 29.702990
 0.207500 1.827896 29.585314
 0.210000 1.901745 29.479588
 0.212500 1.975395 29.429190
 0.215000 2.048990 29.446439
 0.217500 2.122686 29.505897
 0.220000 2.196540 29.561760
 0.222500 2.270461 29.548985
 0.225000 2.344190 29.403495
 0.227500 2.417332 29.076292
 0.230000 2.489388 28.533407
 0.232500 2.559833 27.795282
 0.235000 2.628213 26.900873
 0.237500 2.694229 25.923004
 0.240000 2.757783 24.944686
 0.242500 2.818953 24.035243
 0.245000 2.877982 23.237392
 0.247500 2.935166 22.570945
 0.250000 2.990852 22.034231
 0.252500 3.045327 21.599766
 0.255000 3.098812 21.241780
 0.257500 3.151440 20.916826
 0.260000 3.203245 20.577693
 0.262500 3.254135 20.177203
 0.265000 3.303897 19.677433
 0.267500 3.352237 19.045732
 0.270000 3.398830 18.282147
 0.272500 3.443363 17.410031
 0.275000 3.485604 16.470975
 0.277500 3.525471 15.511632
 0.280000 3.562968 14.582847
 0.282500 3.598195 13.710645
 0.285000 3.631320 12.892204
 0.287500 3.662423 12.101393
 0.290000 3.691531 11.292333
 0.292500 3.718549 10.422421
 0.295000 3.743302 9.480405
 0.297500 3.765610 8.483850
 0.300000 3.785393 7.471124
 0.302500 3.802681 6.494371
 0.305000 3.817586 5.579373
 0.307500 3.830263 4.704215
 0.310000 3.840751 3.830647
 0.312500 3.848993 2.888159
 0.315000 3.854744 1.841610
 0.317500 3.857729 0.689682
 0.320000 3.857723 -0.540360
 0.322500 3.854604 -1.788970
 0.325000 3.848410 -3.002553
 0.327500 3.839249 -4.146503
 0.330000 3.827297 -5.231554
 0.332500 3.812704 -6.261805
 0.335000 3.795587 -7.241707
 0.337500 3.776097 -8.156844
 0.340000 3.754425 -8.974312
 0.342500 3.730856 -9.672628
 0.345000 3.705705 -10.246486
 0.347500 3.679265 -10.706590
 0.350000 3.651761 -11.106229
 0.352500 3.623278 -11.493081
 0.355000 3.593784 -11.912579
 0.357500 3.563173 -12.383626
 0.360000 3.531340 -12.895844
 0.362500 3.498212 -13.403335
 0.365000 3.463877 -13.859221
 0.367500 3.428518 -14.216946
 0.370000 3.392412 -14.454936
 0.372500 3.355838 -14.583443
 0.375000 3.319039 -14.646905
 0.377500 3.282109 -14.711401
 0.380000 3.244948 -14.833153
 0.382500 3.207347 -15.071666
 0.385000 3.168979 -15.455791
 0.387500 3.129484 -15.969088
 0.390000 3.088571 -16.575292
 0.392500 3.046099 -17.211792
 0.395000 3.002063 -17.805549
 0.397500 2.956667 -18.299238
 0.400000 2.910214 -18.651741
 0.402500 2.863068 -18.849675
 0.405000 2.815595 -18.916658
 0.407500 2.768092 -18.893414
 0.410000 2.720719 -18.809583
 0.412500 2.673595 -18.708250
 0.415000 2.626729 -18.607390
 0.417500 2.580086 -18.525952
 0.420000 2.533612 -18.480500
 0.422500 2.487213 -18.477651
 0.425000 2.440760 -18.510561
 0.427500 2.394190 -18.575671
 0.430000 2.347452 -18.636962
 0.432500 2.300609 -18.653199
 0.435000 2.253835 -18.581092
 0.437500 2.207384 -18.391405
 0.440000 2.161569 -18.086976
 0.442500 2.116634 -17.685394
 0.445000 2.072767 -17.245946
 0.447500 2.029990 -16.825389
 0.450000 1.988190 -16.480353
 0.452500 1.947125 -16.238966
 0.455000 1.906522 -16.113138
 0.457500 1.866106 -16.085301
 0.460000 1.825678 -16.121565
 0.462500 1.785133 -16.176553
 0.465000 1.744466 -16.205091
 0.467500 1.703798 -16.181982
 0.470000 1.663278 -16.082471
 0.472500 1.623110 -15.909307
 0.475000 1.583468 -15.664979
 0.477500 1.544512 -15.368403
 0.480000 1.506339 -15.044415
 0.482500 1.468985 -14.722598
 0.485000 1.432403 -14.432115
 0.487500 1.396486 -14.195977
 0.490000 1.361083 -14.021512
 0.492500 1.326046 -13.898870
 0.495000 1.291284 -13.800613
 0.497500 1.256782 -13.684980
 0.500000 1.222636 -13.514204
 0.502500 1.189014 -13.263021
 0.505000 1.156135 -12.924168
 0.507500 1.124205 -12.510244
 0.510000 1.093382 -12.049069
 0.512500 1.063735 -11.574542
 0.515000 1.035251 -11.126033
 0.517500 1.007826 -10.734014
 0.520000 0.981298 -10.411936
 0.522500 0.955495 -10.157170
 0.525000 0.930264 -9.952447
 0.527500 0.905503 -9.778044
 0.530000 0.881161 -9.616847
 0.532500 0.857213 -9.462387
 0.535000 0.833642 -9.320092
 0.537500 0.810414 -9.195321
 0.540000 0.787475 -9.086728
 0.542500 0.764798 -8.987154
 0.545000 0.742378 -8.875086
 0.547500 0.720278 -8.731107
 0.550000 0.698600 -8.540175
 0.552500 0.677466 -8.299476
 0.555000 0.656981 -8.022310
 0.557500 0.637210 -7.736624
 0.560000 0.618136 -7.468248
 0.562500 0.599690 -7.240843
 0.565000 0.581748 -7.066423
 0.567500 0.564179 -6.941511
 0.570000 0.546874 -6.855045
 0.572500 0.529763 -6.786714
 0.575000 0.512822 -6.714985
 0.577500 0.496079 -6.623670
 0.580000 0.479600 -6.505484
 0.582500 0.463458 -6.355979
 0.585000 0.447729 -6.180168
 0.587500 0.432469 -5.984381
 0.590000 0.417714 -5.776126
 0.592500 0.403483 -5.566205
 0.595000 0.389777 -5.362242
 0.597500 0.376571 -5.169375
 0.600000 0.363826 -4.991454
 0.602500 0.351501 -4.833659
 0.605000 0.339552 -4.696980
 0.607500 0.327920 -4.575024
 0.610000 0.316579 -4.464145
 0.612500 0.305514 -4.356677
 0.615000 0.294723 -4.243337
 0.617500 0.284232 -4.117931
 0.620000 0.274076 -3.975637
 0.622500 0.264298 -3.815584
 0.625000 0.254947 -3.636205
 0.627500 0.246062 -3.443570
 0.630000 0.237668 -3.247094
 0.632500 0.229758 -3.059194
 0.635000 0.222294 -2.893735
 0.637500 0.215206 -2.762131
 0.640000 0.208400 -2.665698
 0.642500 0.201795 -2.602946
 0.645000 0.195314 -2.562975
 0.647500 0.188920 -2.535092
 0.650000 0.182592 -2.505808
 0.652500 0.176349 -2.468270
 0.655000 0.170218 -2.415618
 0.657500 0.164243 -2.345465
 0.660000 0.158465 -2.256822
 0.662500 0.152928 -2.156341
 0.665000 0.147648 -2.052631
 0.667500 0.142618 -1.958416
 0.670000 0.137802 -1.885293
 0.672500 0.133137 -1.838518
 0.675000 0.128554 -1.817224
 0.677500 0.124001 -1.813450
 0.680000 0.119450 -1.814454
 0.682500 0.114905 -1.805247
 0.685000 0.110408 -1.776369
 0.687500 0.106017 -1.721976
 0.690000 0.101793 -1.642942
 0.692500 0.097790 -1.547019
 0.695000 0.094036 -1.445039
 0.697500 0.090531 -1.349471
 0.700000 0.087251 -1.269525
 0.702500 0.084146 -1.207209
 0.705000 0.081174 -1.165205
 0.707500 0.078287 -1.138192
 0.710000 0.075454 -1.121429
 0.712500 0.072656 -1.106921
 0.715000 0.069899 -1.090600
 0.717500 0.067191 -1.066501
 0.720000 0.064553 -1.035352
 0.722500 0.061997 -1.001108
 0.725000 0.059526 -0.969916
 0.727500 0.057124 -0.946994
 0.730000 0.054766 -0.934856
 0.732500 0.052429 -0.930217
 0.735000 0.050099 -0.927437
 0.737500 0.047782 -0.919166
 0.740000 0.045496 -0.902787
 0.742500 0.043259 -0.879743
 0.745000 0.041085 -0.855008
 0.747500 0.038970 -0.833495
 0.750000 0.036901 -0.817126
 0.752500 0.034870 -0.803208
 0.755000 0.032877 -0.785359
 0.757500 0.030941 -0.756760
 0.760000 0.029095 -0.713503
 0.762500 0.027376 -0.656093
 0.765000 0.025813 -0.590254
 0.767500 0.024417 -0.523669
 0.770000 0.023179 -0.464117
 0.772500 0.022075 -0.416849
 0.775000 0.021074 -0.382810
 0.777500 0.020146 -0.358057
 0.780000 0.019274 -0.337796
 0.782500 0.018452 -0.317306
 0.785000 0.017682 -0.295179
 0.787500 0.016969 -0.273326
 0.790000 0.016307 -0.254462
 0.792500 0.015684 -0.243275
 0.795000 0.015078 -0.241200
 0.797500 0.014466 -0.246991
 0.800000 0.013834 -0.257276
 0.802500 0.013178 -0.265712
 0.805000 0.012508 -0.267330
 0.807500 0.011845 -0.259367
 0.810000 0.011215 -0.242085
 0.812500 0.010637 -0.218395
 0.815000 0.010121 -0.193125
 0.817500 0.009664 -0.171232
 0.820000 0.009255 -0.156758
 0.822500 0.008870 -0.151268
 0.825000 0.008489 -0.154445
 0.827500 0.008091 -0.163555
 0.830000 0.007667 -0.174711
 0.832500 0.007217 -0.184086
 0.835000 0.006749 -0.187987
 0.837500 0.006280 -0.184499
 0.840000 0.005831 -0.172794
 0.842500 0.005420 -0.153636
 0.845000 0.005065 -0.129448
 0.847500 0.004773 -0.102825
 0.850000 0.004547 -0.077695
 0.852500 0.004379 -0.057430
 0.855000 0.004253 -0.044596
 0.857500 0.004147 -0.040404
 0.860000 0.004042 -0.044566
 0.862500 0.003917 -0.055112
 0.865000 0.003762 -0.069384
 0.867500 0.003569 -0.083742
 0.870000 0.003343 -0.095877
 0.872500 0.003092 -0.103535
 0.875000 0.002829 -0.106269
 0.877500 0.002564 -0.104182
 0.880000 0.002310 -0.098033
 0.882500 0.002075 -0.089690
 0.885000 0.001862 -0.080557
 0.887500 0.001671 -0.071870
 0.890000 0.001501 -0.064331
 0.892500 0.001348 -0.058172
 0.895000 0.001209 -0.052900
 0.897500 0.001082 -0.047748
 0.900000 0.000969 -0.042242
 0.902500 0.000870 -0.036550
 0.905000 0.000786 -0.030822
 0.907500 0.000715 -0.025826
 0.910000 0.000655 -0.021937
 0.912500 0.000604 -0.019334
 0.915000 0.000557 -0.017678
 0.917500 0.000515 -0.016375
 0.920000 0.000475 -0.015116
 0.922500 0.000439 -0.013647
 0.925000 0.000407 -0.012136
 0.927500 0.000378 -0.010957
 0.930000 0.000351 -0.010510
 0.932500 0.000324 -0.010989
 0.935000 0.000295 -0.012199
 0.937500 0.000263 -0.013733
 0.940000 0.000227 -0.015019
 0.942500 0.000188 -0.015558
 0.945000 0.000150 -0.015080
 0.947500 0.000113 -0.013648
 0.950000 0.000082 -0.011536
 0.952500 0.000056 -0.009104
 0.955000 0.000036 -0.006681
 0.957500 0.000022 -0.004587
 0.960000 0.000013 -0.002955
 0.962500 0.000007 -0.001779
 0.965000 0.000004 -0.001003
 0.967500 0.000002 -0.000517
 0.970000 0.000001 -0.000257
 0.972500 0.000000 -0.000098
 0.975000 0.000000 -0.000043
 0.977500 0.000000 0.000000
 0.980000 0.000000 0.000000
 0.982500 0.000000 0.000000
 0.985000 0.000000 0.000000
 0.987500 0.000000 0.000000
 0.990000 0.000000 0.000000
 0.992500 0.000000 0.000000
 0.995000 0.000000 0.000000
 0.997500 0.000000 0.000000
 1.000000 0.000000 0.000000
 1.002500 0.000000 0.000000
 1.005000 0.000000 0.000000
 1.007500 0.000000 0.000000
 1.010000 0.000000 0.000000
 1.012500 0.000000 0.000000
 1.015000 0.000000 0.000000
 1.017500 0.000000 0.000000
 1.020000 0.000000 0.000000
 1.022500 0.000000 0.000000
 1.025000 0.000000 0.000000
 1.027500 0.000000 0.000000
 1.030000 0.000000 0.000000
 1.032500 0.000000 0.000000
 1.035000 0.000000 0.000000
 1.037500 0.000000 0.000000
 1.040000 0.000000 0.000000
 1.042500 0.000000 0.000000
 1.045000 0.000000 0.000000
 1.047500 0.000000 0.000000
 1.050000 0.000000 0.000000
 1.052500 0.000000 0.000000
 1.055000 0.000000 0.000000
 1.057500 0.000000 0.000000
 1.060000 0.000000 0.000000
 1.062500 0.000000 0.000000
 1.065000 0.000000 0.000000
 1.067500 0.000000 0.000000
 1.070000 0.000000 0.000000
 1.072500 0.000000 0.000000
 1.075000 0.000000 0.000000
 1.077500 0.000000 0.000000
 1.080000 0.000000 0.000000
 1.082500 0.000000 0.000000
 1.085000 0.000000 0.000000
 1.087500 0.000000 0.000000
 1.090000 0.000000 0.000000
 1.092500 0.000000 0.000000
 1.095000 0.000000 0.000000
 1.097500 0.000000 0.000000
 1.100000 0.000000 0.000000
 1.102500 0.000000 0.000000
 1.105000 0.000000 0.000000
 1.107500 0.000000 0.000000
 1.110000 0.000000 0.000000
 1.112500 0.000000 0.000000
 1.115000 0.000000 0.000000
 1.117500 0.000000 0.000000
 1.120000 0.000000 0.000000
 1.122500 0.000000 0.000000
 1.125000 0.000000 0.000000
 1.127500 0.000000 0.000000
 1.130000 0.000000 0.000000
 1.132500 0.000000 0.000000
 1.135000 0.000000 0.000000
 1.137500 0.000000 0.000000
 1.140000 0.000000 0.000000
 1.142500 0.000000 0.000000
 1.145000 0.000000 0.000000
 1.147500 0.000000 0.000000
 1.150000 0.000000 0.000000
 1.152500 0.000000 0.000000
 1.155000 0.000000 0.000000
 1.157500 0.000000 0.000000
 1.160000 0.000000 0.000000
 1.162500 0.000000 0.000000
 1.165000 0.000000 0.000000
 1.167500 0.000000 0.000000
 1.170000 0.000000 0.000000
 1.172500 0.000000 0.000000
 1.175000 0.000000 0.000000
 1.177500 0.000000 0.000000
 1.180000 0.000000 0.000000
 1.182500 0.000000 0.000000
 1.185000 0.000000 0.000000
 1.187500 0.000000 0.000000
 1.190000 0.000000 0.000000
 1.192500 0.000000 0.000000
 1.195000 0.000000 0.000000
 1.197500 0.000000 0.000000
 1.200000 0.000000 0.000000
 1.202500 0.000000 0.000000
 1.205000 0.000000 0.000000
 1.207500 0.000000 0.000000
 1.210000 0.000000 0.000000
 1.212500 0.000000 0.000000
 1.215000 0.000000 0.000000
 1.217500 0.000000 0.000000
 1.220000 0.000000 0.000000
 1.222500 0.000000 0.000000
 1.225000 0.000000 0.000000
 1.227500 0.000000 0.000000
 1.230000 0.000000 0.000000
 1.232500 0.000000 0.000000
 1.235000 0.000000 0.000000
 1.237500 0.000000 0.000000
 1.240000 0.000000 0.000000
 1.242500 0.000000 0.000000
 1.245000 0.000000 0.000000
 1.247500 0.000000 0.000000
 1.250000 0.000000 0.000000
 1.252500 0.000000 0.000000
 1.255000 0.000000 0.000000
 1.257500 0.000000 0.000000
 1.260000 0.000000 0.000000
 1.262500 0.000000 0.000000
 1.265000 0.000000 0.000000
 1.267500 0.000000 0.000000
 1.270000 0.000000 0.000000
 1.272500 0.000000 0.000000
 1.275000 0.000000 0.000000
 1.277500 0.000000 0.000000
 1.280000 0.000000 0.000000
 1.282500 0.000000 0.000000
 1.285000 0.000000 0.000000
 1.287500 0.000000 0.000000
 1.290000 0.000000 0.000000
 1.292500 0.000000 0.000000
 1.295000 0.000000 0.000000
 1.297500 0.000000 0.000000
 1.300000 0.000000 0.000000
 1.302500 0.000000 0.000000
 1.305000 0.000000 0.000000
 1.307500 0.000000 0.000000
 1.310000 0.000000 0.000000
 1.312500 0.000000 0.000000
 1.315000 0.000000 0.000000
 1.317500 0.000000 0.000000
 1.320000 0.000000 0.000000
 1.322500 0.000000 0.000000
 1.325000 0.000000 0.000000
 1.327500 0.000000 0.000000
 1.330000 0.000000 0.000000
 1.332500 0.000000 0.000000
 1.335000 0.000000 0.000000
 1.337500 0.000000 0.000000
 1.340000 0.000000 0.000000
 1.342500 0.000000 0.000000
 1.345000 0.000000 0.000000
 1.347500 0.000000 0.000000
 1.350000 0.000000 0.000000
 1.352500 0.000000 0.000000
 1.355000 0.000000 0.000000
 1.357500 0.000000 0.000000
 1.360000 0.000000 0.000000
 1.362500 0.000000 0.000000
 1.365000 0.000000 0.000000
 1.367500 0.000000 0.000000
 1.370000 0.000000 0.000000
 1.372500 0.000000 0.000000
 1.375000 0.000000 0.000000
 1.377500 0.000000 0.000000
 1.380000 0.000000 0.000000
 1.382500 0.000000 0.000000
 1.385000 0.000000 0.000000
 1.387500 0.000000 0.000000
 1.390000 0.000000 0.000000
 1.392500 0.000000 0.000000
 1.395000 0.000000 0.000000
 1.397500 0.000000 0.000000
 1.400000 0.000000 0.000000
 1.402500 0.000000 0.000000
 1.405000 0.000000 0.000000
 1.407500 0.000000 0.000000
 1.410000 0.000000 0.000000
 1.412500 0.000000 0.000000
 1.415000 0.000000 0.000000
 1.417500 0.000000 0.000000
 1.420000 0.000000 0.000000
 1.422500 0.000000 0.000000
 1.425000 0.000000 0.000000
 1.427500 0.000000 0.000000
 1.430000 0.000000 0.000000
 1.432500 0.000000 0.000000
 1.435000 0.000000 0.000000
 1.437500 0.000000 0.000000
 1.440000 0.000000 0.000000
 1.442500 0.000000 0.000000
 1.445000 0.000000 0.000000
 1.447500 0.000000 0.000000
 1.450000 0.000000 0.000000
 1.452500 0.000000 0.000000
 1.455000 0.000000 0.000000
 1.457500 0.000000 0.000000
 1.460000 0.000000 0.000000
 1.462500 0.000000 0.000000
 1.465000 0.000000 0.000000
 1.467500 0.000000 0.000000
 1.470000 0.000000 0.000000
 1.472500 0.000000 0.000000
 1.475000 0.000000 0.000000
 1.477500 0.000000 0.000000
 1.480000 0.000000 0.000000
 1.482500 0.000000 0.000000
 1.485000 0.000000 0.000000
 1.487500 0.000000 0.000000
 1.490000 0.000000 0.000000
 1.492500 0.000000 0.000000
 1.495000 0.000000 0.000000
 1.497500 0.000000 0.000000
 1.500000 0.000000 0.000000
 1.502500 0.000000 0.000000
 1.505000 0.000000 0.000000
 1.507500 0.000000 0.000000
 1.510000 0.000000 0.000000
 1.512500 0.000000 0.000000
 1.515000 0.000000 0.000000
 1.517500 0.000000 0.000000
 1.520000 0.000000 0.000000
 1.522500 0.000000 0.000000
 1.525000 0.000000 0.000000
 1.527500 0.000000 0.000000
 1.530000 0.000000 0.000000
 1.532500 0.000000 0.000000
 1.535000 0.000000 0.000000
 1.537500 0.000000 0.000000
 1.540000 0.000000 0.000000
 1.542500 0.000000 0.000000
 1.545000 0.000000 0.000000
 1.547500 0.000000 0.000000
 1.550000 0.000000 0.000000
 1.552500 0.000000 0.000000
 1.555000 0.000000 0.000000
 1.557500 0.000000 0.000000
 1.560000 0.000000 0.000000
 1.562500 0.000000 0.000000
 1.565000 0.000000 0.000000
 1.567500 0.000000 0.000000
 1.570000 0.000000 0.000000
 1.572500 0.000000 0.000000
 1.575000 0.000000 0.000000
 1.577500 0.000000 0.000000
 1.580000 0.000000 0.000000
 1.582500 0.000000 0.000000
 1.585000 0.000000 0.000000
 1.587500 0.000000 0.000000
 1.590000 0.000000 0.000000
 1.592500 0.000000 0.000000
 1.595000 0.000000 0.000000
 1.597500 0.000000 0.000000
 1.600000 0.000000 0.000000
 1.602500 0.000000 0.000000
 1.605000 0.000000 0.000000
 1.607500 0.000000 0.000000
 1.610000 0.000000 0.000000
 1.612500 0.000000 0.000000
 1.615000 0.000000 0.000000
 1.617500 0.000000 0.000000
 1.620000 0.000000 0.000000
 1.622500 0.000000 0.000000
 1.625000 0.000000 0.000000
 1.627500 0.000000 0.000000
 1.630000 0.000000 0.000000
 1.632500 0.000000 0.000000
 1.635000 0.000000 0.000000
 1.637500 0.000000 0.000000
 1.640000 0.000000 0.000000
 1.642500 0.000000 0.000000
 1.645000 0.000000 0.000000
 1.647500 0.000000 0.000000
 1.650000 0.000000 0.000000
 1.652500 0.000000 0.000000
 1.655000 0.000000 0.000000
 1.657500 0.000000 0.000000
 1.660000 0.000000 0.000000
 1.662500 0.000000 0.000000
 1.665000 0.000000 0.000000
 1.667500 0.000000 0.000000
 1.670000 0.000000 0.000000
 1.672500 0.000000 0.000000
 1.675000 0.000000 0.000000
 1.677500 0.000000 0.000000
 1.680000 0.000000 0.000000
 1.682500 0.000000 0.000000
 1.685000 0.000000 0.000000
 1.687500 0.000000 0.000000
 1.690000 0.000000 0.000000
 1.692500 0.000000 0.000000
 1.695000 0.000000 0.000000
 1.697500 0.000000 0.000000
 1.700000 0.000000 0.000000
 1.702500 0.000000 0.000000
 1.705000 0.000000 0.000000
 1.707500 0.000000 0.000000
 1.710000 0.000000 0.000000
 1.712500 0.000000 0.000000
 1.715000 0.000000 0.000000
 1.717500 0.000000 0.000000
 1.720000 0.000000 0.000000
 1.722500 0.000000 0.000000
 1.725000 0.000000 0.000000
 1.727500 0.000000 0.000000
 1.730000 0.000000 0.000000
 1.732500 0.000000 0.000000
 1.735000 0.000000 0.000000
 1.737500 0.000000 0.000000
 1.740000 0.000000 0.000000
 1.742500 0.000000 0.000000
 1.745000 0.000000 0.000000
 1.747500 0.000000 0.000000
 1.750000 0.000000 0.000000
 1.752500 0.000000 0.000000
 1.755000 0.000000 0.000000
 1.757500 0.000000 0.000000
 1.760000 0.000000 0.000000
 1.762500 0.000000 0.000000
 1.765000 0.000000 0.000000
 1.767500 0.000000 0.000000
 1.770000 0.000000 0.000000
 1.772500 0.000000 0.000000
 1.775000 0.000000 0.000000
 1.777500 0.000000 0.000000
 1.780000 0.000000 0.000000
 1.782500 0.000000 0.000000
 1.785000 0.000000 0.000000
 1.787500 0.000000 0.000000
 1.790000 0.000000 0.000000
 1.792500 0.000000 0.000000
 1.795000 0.000000 0.000000
 1.797500 0.000000 0.000000
 1.800000 0.000000 0.000000
 1.802500 0.000000 0.000000
 1.805000 0.000000 0.000000
 1.807500 0.000000 0.000000
 1.810000 0.000000 0.000000
 1.812500 0.000000 0.000000
 1.815000 0.000000 0.000000
 1.817500 0.000000 0.000000
 1.820000 0.000000 0.000000
 1.822500 0.000000 0.000000
 1.825000 0.000000 0.000000
 1.827500 0.000000 0.000000
 1.830000 0.000000 0.000000
 1.832500 0.000000 0.000000
 1.835000 0.000000 0.000000
 1.837500 0.000000 0.000000
 1.840000 0.000000 0.000000
 1.842500 0.000000 0.000000
 1.845000 0.000000 0.000000
 1.847500 0.000000 0.000000
 1.850000 0.000000 0.000000
 1.852500 0.000000 0.000000
 1.855000 0.000000 0.000000
 1.857500 0.000000 0.000000
 1.860000 0.000000 0.000000
 1.862500 0.000000 0.000000
 1.865000 0.000000 0.000000
 1.867500 0.000000 0.000000
 1.870000 0.000000 0.000000
 1.872500 0.000000 0.000000
 1.875000 0.000000 0.000000
 1.877500 0.000000 0.000000
 1.880000 0.000000 0.000000
 1.882500 0.000000 0.000000
 1.885000 0.000000 0.000000
 1.887500 0.000000 0.000000
 1.890000 0.000000 0.000000
 1.892500 0.000000 0.000000
 1.895000 0.000000 0.000000
 1.897500 0.000000 0.000000
 1.900000 0.000000 0.000000
 1.902500 0.000000 0.000000
 1.905000 0.000000 0.000000
 1.907500 0.000000 0.000000
 1.910000 0.000000 0.000000
 1.912500 0.000000 0.000000
 1.915000 0.000000 0.000000
 1.917500 0.000000 0.000000
 1.920000 0.000000 0.000000
 1.922500 0.000000 0.000000
 1.925000 0.000000 0.000000
 1.927500 0.000000 0.000000
 1.930000 0.000000 0.000000
 1.932500 0.000000 0.000000
 1.935000 0.000000 0.000000
 1.937500 0.000000 0.000000
 1.940000 0.000000 0.000000
 1.942500 0.000000 0.000000
 1.945000 0.000000 0.000000
 1.947500 0.000000 0.000000
 1.950000 0.000000 0.000000
 1.952500 0.000000 0.000000
 1.955000 0.000000 0.000000
 1.957500 0.000000 0.000000
 1.960000 0.000000 0.000000
 1.962500 0.000000 0.000000
 1.965000 0.000000 0.000000
 1.967500 0.000000 0.000000
 1.970000 0.000000 0.000000
 1.972500 0.000000 0.000000
 1.975000 0.000000 0.000000
 1.977500 0.000000 0.000000
 1.980000 0.000000 0.000000
 1.982500 0.000000 0.000000
 1.985000 0.000000 0.000000
 1.987500 0.000000 0.000000
 1.990000 0.000000 0.000000
 1.992500 0.000000 0.000000
 1.995000 0.000000 0.000000
 1.997500 0.000000 0.000000
 2.000000 0.000000 0.000000
