#! FIELDS es hh dhh_es
#! SET normalisation  2000.000000
#! SET min_es -0.5
#! SET max_es 2
#! SET nbins_es  1000
#! SET periodic_es false
 -0.500000 0.000000 0.000000
 -0.497500 0.000000 0.000000
 -0.495000 0.000000 0.000000
 -0.492500 0.000000 0.000000
 -0.490000 0.000000 0.000000
 -0.487500 0.000000 0.000000
 -0.485000 0.000000 0.000000
 -0.482500 0.000000 0.000000
 -0.480000 0.000000 0.000000
 -0.477500 0.000000 0.000000
 -0.475000 0.000000 0.000000
 -0.472500 0.000000 0.000000
 -0.470000 0.000000 0.000000
 -0.467500 0.000000 0.000000
 -0.465000 0.000000 0.000000
 -0.462500 0.000000 0.000000
 -0.460000 0.000000 0.000000
 -0.457500 0.000000 0.000000
 -0.455000 0.000000 0.000000
 -0.452500 0.000000 0.000000
 -0.450000 0.000000 0.000000
 -0.447500 0.000000 0.000000
 -0.445000 0.000000 0.000000
 -0.442500 0.000000 0.000000
 -0.440000 0.000000 0.000000
 -0.437500 0.000000 0.000000
 -0.435000 0.000000 0.000000
 -0.432500 0.000000 0.000000
 -0.430000 0.000000 0.000000
 -0.427500 0.000000 0.000000
 -0.425000 0.000000 0.000000
 -0.422500 0.000000 0.000000
 -0.420000 0.000000 0.000000
 -0.417500 0.000000 0.000000
 -0.415000 0.000000 0.000000
 -0.412500 0.000000 0.000000
 -0.410000 0.000000 0.000000
 -0.407500 0.000000 0.000000
 -0.405000 0.000000 0.000000
 -0.402500 0.000000 0.000000
 -0.400000 0.000000 0.000000
 -0.397500 0.000000 0.000000
 -0.395000 0.000000 0.000000
 -0.392500 0.000000 0.000000
 -0.390000 0.000000 0.000000
 -0.387500 0.000000 0.000000
 -0.385000 0.000000 0.000000
 -0.382500 0.000000 0.000000
 -0.380000 0.000000 0.000000
 -0.377500 0.000000 0.000000
 -0.375000 0.000000 0.000000
 -0.372500 0.000000 0.000000
 -0.370000 0.000000 0.000000
 -0.367500 0.000000 0.000000
 -0.365000 0.000000 0.000000
 -0.362500 0.000000 0.000000
 -0.360000 0.000000 0.000000
 -0.357500 0.000000 0.000000
 -0.355000 0.000000 0.000000
 -0.352500 0.000000 0.000000
 -0.350000 0.000000 0.000000
 -0.347500 0.000000 0.000000
 -0.345000 0.000000 0.000000
 -0.342500 0.000000 0.000000
 -0.340000 0.000000 0.000000
 -0.337500 0.000000 0.000000
 -0.335000 0.000000 0.000000
 -0.332500 0.000000 0.000000
 -0.330000 0.000000 0.000000
 -0.327500 0.000000 0.000000
 -0.325000 0.000000 0.000000
 -0.322500 0.000000 0.000000
 -0.320000 0.000000 0.000000
 -0.317500 0.000000 0.000000
 -0.315000 0.000000 0.000000
 -0.312500 0.000000 0.000000
 -0.310000 0.000000 0.000000
 -0.307500 0.000000 0.000000
 -0.305000 0.000000 0.000000
 -0.302500 0.000000 0.000000
 -0.300000 0.000000 0.000000
 -0.297500 0.000000 0.000000
 -0.295000 0.000000 0.000000
 -0.292500 0.000000 0.000000
 -0.290000 0.000000 0.000000
 -0.287500 0.000000 0.000000
 -0.285000 0.000000 0.000000
 -0.282500 0.000000 0.000000
 -0.280000 0.000000 0.000000
 -0.277500 0.000000 0.000000
 -0.275000 0.000000 0.000000
 -0.272500 0.000000 0.000000
 -0.270000 0.000000 0.000000
 -0.267500 0.000000 0.000000
 -0.265000 0.000000 0.000000
 -0.262500 0.000000 0.000000
 -0.260000 0.000000 0.000000
 -0.257500 0.000000 0.000000
 -0.255000 0.000000 0.000000
 -0.252500 0.000000 0.000000
 -0.250000 0.000000 0.000000
 -0.247500 0.000000 0.000000
 -0.245000 0.000000 0.000000
 -0.242500 0.000000 0.000000
 -0.240000 0.000000 0.000000
 -0.237500 0.000000 0.000000
 -0.235000 0.000000 0.000000
 -0.232500 0.000000 0.000000
 -0.230000 0.000000 0.000000
 -0.227500 0.000000 0.000000
 -0.225000 0.000000 0.000000
 -0.222500 0.000000 0.000000
 -0.220000 0.000000 0.000000
 -0.217500 0.000000 0.000000
 -0.215000 0.000000 0.000000
 -0.212500 0.000000 0.000000
 -0.210000 0.000000 0.000000
 -0.207500 0.000000 0.000000
 -0.205000 0.000000 0.000000
 -0.202500 0.000000 0.000000
 -0.200000 0.000000 0.000000
 -0.197500 0.000000 0.000000
 -0.195000 0.000000 0.000000
 -0.192500 0.000000 0.000000
 -0.190000 0.000000 0.000000
 -0.187500 0.000000 0.000000
 -0.185000 0.000000 0.000000
 -0.182500 0.000000 0.000000
 -0.180000 0.000000 0.000000
 -0.177500 0.000000 0.000000
 -0.175000 0.000000 0.000000
 -0.172500 0.000000 0.000000
 -0.170000 0.000000 0.000000
 -0.167500 0.000000 0.000000
 -0.165000 0.000000 0.000000
 -0.162500 0.000000 0.000000
 -0.160000 0.000000 0.000000
 -0.157500 0.000000 0.000000
 -0.155000 0.000000 0.000000
 -0.152500 0.000000 0.000000
 -0.150000 0.000000 0.000000
 -0.147500 0.000000 0.000000
 -0.145000 0.000000 0.000000
 -0.142500 0.000000 0.000000
 -0.140000 0.000000 0.000000
 -0.137500 0.000000 0.000000
 -0.135000 0.000000 0.000000
 -0.132500 0.000000 0.000000
 -0.130000 0.000000 0.000000
 -0.127500 0.000000 0.000000
 -0.125000 0.000000 0.000000
 -0.122500 0.000000 0.000000
 -0.120000 0.000000 0.000000
 -0.117500 0.000000 0.000000
 -0.115000 0.000000 0.000000
 -0.112500 0.000000 0.000000
 -0.110000 0.000000 0.000000
 -0.107500 0.000000 0.000000
 -0.105000 0.000000 0.000000
 -0.102500 0.000000 0.000000
 -0.100000 0.000000 0.000000
 -0.097500 0.000000 0.000000
 -0.095000 0.000000 0.000000
 -0.092500 0.000000 0.000000
 -0.090000 0.000000 0.000000
 -0.087500 0.000000 0.000000
 -0.085000 0.000000 0.000000
 -0.082500 0.000000 0.000000
 -0.080000 0.000000 0.000000
 -0.077500 0.000000 0.000000
 -0.075000 0.000000 0.000000
 -0.072500 0.000000 0.000000
 -0.070000 0.000000 0.000000
 -0.067500 0.000000 0.000000
 -0.065000 0.000000 0.000000
 -0.062500 0.000000 0.000000
 -0.060000 0.000000 0.000000
 -0.057500 0.000000 0.000000
 -0.055000 0.000000 0.000000
 -0.052500 0.000000 0.000000
 -0.050000 0.000000 0.000000
 -0.047500 0.000000 0.000000
 -0.045000 0.000000 0.000000
 -0.042500 0.000000 0.000000
 -0.040000 0.000000 0.000000
 -0.037500 0.000000 0.000000
 -0.035000 0.000000 0.000000
 -0.032500 0.000000 0.000000
 -0.030000 0.000002 0.000809
 -0.027500 0.000019 0.007293
 -0.025000 0.000082 0.030448
 -0.022500 0.000260 0.092292
 -0.020000 0.000697 0.235529
 -0.017500 0.001685 0.538261
 -0.015000 0.003766 1.129739
 -0.012500 0.007906 2.216537
 -0.010000 0.015684 4.087973
 -0.007500 0.029508 7.114459
 -0.005000 0.052782 11.711521
 -0.002500 0.089938 18.268210
 0.000000 0.146217 27.034522
 0.002500 0.227219 38.015167
 0.005000 0.338126 50.868390
 0.007500 0.482807 64.883269
 0.010000 0.662941 79.040393
 0.012500 0.877433 92.164489
 0.015000 1.122240 103.120426
 0.017500 1.390768 111.021726
 0.020000 1.674657 115.362807
 0.022500 1.964835 116.072352
 0.025000 2.252535 113.457991
 0.027500 2.530120 108.093217
 0.030000 2.791586 100.684726
 0.032500 3.032726 91.946382
 0.035000 3.251037 82.515508
 0.037500 3.445443 72.898292
 0.040000 3.615981 63.467502
 0.042500 3.763444 54.467553
 0.045000 3.889093 46.040423
 0.047500 3.994490 38.276794
 0.050000 4.081338 31.233519
 0.052500 4.151521 24.973325
 0.055000 4.207046 19.551456
 0.057500 4.250080 15.016880
 0.060000 4.282868 11.388257
 0.062500 4.307662 8.625750
 0.065000 4.326501 6.627202
 0.067500 4.341081 5.209637
 0.070000 4.352598 4.149657
 0.072500 4.361654 3.220398
 0.075000 4.368314 2.230940
 0.077500 4.372275 1.053624
 0.080000 4.373020 -0.325479
 0.082500 4.370101 -1.854645
 0.085000 4.363285 -3.418967
 0.087500 4.352644 -4.882617
 0.090000 4.338573 -6.127688
 0.092500 4.321758 -7.070771
 0.095000 4.303000 -7.675122
 0.097500 4.283138 -7.975482
 0.100000 4.262818 -8.051604
 0.102500 4.242445 -8.033724
 0.105000 4.222083 -8.071536
 0.107500 4.201438 -8.276360
 0.110000 4.180001 -8.707661
 0.112500 4.157206 -9.345275
 0.115000 4.132637 -10.113575
 0.117500 4.106105 -10.886600
 0.120000 4.077750 -11.545576
 0.122500 4.047996 -12.012926
 0.125000 4.017350 -12.254579
 0.127500 3.986356 -12.305220
 0.130000 3.955412 -12.214543
 0.132500 3.924795 -12.063977
 0.135000 3.894567 -11.905489
 0.137500 3.864731 -11.758356
 0.140000 3.835263 -11.607537
 0.142500 3.806196 -11.431332
 0.145000 3.777621 -11.220231
 0.147500 3.749604 -10.981310
 0.150000 3.722162 -10.761658
 0.152500 3.695171 -10.637571
 0.155000 3.668314 -10.679097
 0.157500 3.641092 -10.929965
 0.160000 3.612960 -11.410821
 0.162500 3.583364 -12.086813
 0.165000 3.551896 -12.898964
 0.167500 3.518332 -13.762180
 0.170000 3.482639 -14.577370
 0.172500 3.445062 -15.257592
 0.175000 3.406026 -15.732273
 0.177500 3.366119 -15.952289
 0.180000 3.325997 -15.901153
 0.182500 3.286338 -15.596259
 0.185000 3.247709 -15.090851
 0.187500 3.210506 -14.472455
 0.190000 3.174884 -13.839985
 0.192500 3.140744 -13.298381
 0.195000 3.107767 -12.931649
 0.197500 3.075436 -12.783023
 0.200000 3.043189 -12.857966
 0.202500 3.010500 -13.130294
 0.205000 2.976952 -13.542794
 0.207500 2.942273 -14.014452
 0.210000 2.906402 -14.486462
 0.212500 2.869397 -14.930317
 0.215000 2.831334 -15.334441
 0.217500 2.792274 -15.727137
 0.220000 2.752203 -16.154110
 0.222500 2.710977 -16.661448
 0.225000 2.668360 -17.274871
 0.227500 2.624065 -18.004249
 0.230000 2.577804 -18.846724
 0.232500 2.529310 -19.782806
 0.235000 2.478386 -20.787305
 0.237500 2.424906 -21.827518
 0.240000 2.368833 -22.851142
 0.242500 2.310277 -23.799128
 0.245000 2.249518 -24.599263
 0.247500 2.187032 -25.178016
 0.250000 2.123454 -25.459570
 0.252500 2.059590 -25.406753
 0.255000 1.996287 -25.019967
 0.257500 1.934319 -24.356567
 0.260000 1.874250 -23.513327
 0.262500 1.816384 -22.619050
 0.265000 1.760701 -21.785807
 0.267500 1.706952 -21.078964
 0.270000 1.654804 -20.509890
 0.272500 1.603956 -20.021925
 0.275000 1.554314 -19.542095
 0.277500 1.505943 -18.989543
 0.280000 1.459090 -18.329644
 0.282500 1.414023 -17.578059
 0.285000 1.370903 -16.786582
 0.287500 1.329729 -16.031136
 0.290000 1.290331 -15.381488
 0.292500 1.252399 -14.862711
 0.295000 1.215614 -14.463940
 0.297500 1.179732 -14.135913
 0.300000 1.144645 -13.826637
 0.302500 1.110365 -13.487285
 0.305000 1.076991 -13.096557
 0.307500 1.044657 -12.662432
 0.310000 1.013440 -12.211573
 0.312500 0.983347 -11.769971
 0.315000 0.954328 -11.362810
 0.317500 0.926279 -10.994623
 0.320000 0.899119 -10.656489
 0.322500 0.872792 -10.321696
 0.325000 0.847330 -9.964186
 0.327500 0.822819 -9.559255
 0.330000 0.799388 -9.102959
 0.332500 0.777146 -8.610873
 0.335000 0.756144 -8.123092
 0.337500 0.736308 -7.689069
 0.340000 0.717441 -7.356804
 0.342500 0.699248 -7.160016
 0.345000 0.681372 -7.100259
 0.347500 0.663500 -7.152067
 0.350000 0.645411 -7.264967
 0.352500 0.627030 -7.375269
 0.355000 0.608443 -7.425677
 0.357500 0.589851 -7.376103
 0.360000 0.571522 -7.217105
 0.362500 0.553715 -6.965435
 0.365000 0.536615 -6.658797
 0.367500 0.520306 -6.342201
 0.370000 0.504766 -6.050858
 0.372500 0.489906 -5.802662
 0.375000 0.475612 -5.592059
 0.377500 0.461814 -5.405400
 0.380000 0.448477 -5.219505
 0.382500 0.435625 -5.018771
 0.385000 0.423295 -4.799641
 0.387500 0.411524 -4.581269
 0.390000 0.400273 -4.383963
 0.392500 0.389462 -4.237158
 0.395000 0.378942 -4.155916
 0.397500 0.368542 -4.139680
 0.400000 0.358121 -4.170773
 0.402500 0.347596 -4.217344
 0.405000 0.336972 -4.244901
 0.407500 0.326331 -4.228640
 0.410000 0.315802 -4.155389
 0.412500 0.305523 -4.029850
 0.415000 0.295608 -3.869993
 0.417500 0.286115 -3.697989
 0.420000 0.277047 -3.530190
 0.422500 0.268382 -3.379973
 0.425000 0.260075 -3.244137
 0.427500 0.252094 -3.118872
 0.430000 0.244417 -3.000709
 0.432500 0.237025 -2.890334
 0.435000 0.229894 -2.793406
 0.437500 0.222983 -2.717320
 0.440000 0.216236 -2.662206
 0.442500 0.209600 -2.626851
 0.445000 0.203038 -2.604205
 0.447500 0.196526 -2.586550
 0.450000 0.190060 -2.569097
 0.452500 0.183637 -2.549711
 0.455000 0.177265 -2.530562
 0.457500 0.170941 -2.512263
 0.460000 0.164665 -2.490653
 0.462500 0.158453 -2.458736
 0.465000 0.152345 -2.407403
 0.467500 0.146403 -2.326926
 0.470000 0.140704 -2.212505
 0.472500 0.135330 -2.068062
 0.475000 0.130342 -1.907417
 0.477500 0.125758 -1.749182
 0.480000 0.121543 -1.614460
 0.482500 0.117616 -1.519487
 0.485000 0.113873 -1.470715
 0.487500 0.110202 -1.460270
 0.490000 0.106526 -1.472483
 0.492500 0.102814 -1.484576
 0.495000 0.099091 -1.478244
 0.497500 0.095421 -1.440451
 0.500000 0.091891 -1.369624
 0.502500 0.088575 -1.270167
 0.505000 0.085529 -1.155721
 0.507500 0.082773 -1.043124
 0.510000 0.080282 -0.944193
 0.512500 0.078012 -0.867714
 0.515000 0.075905 -0.815064
 0.517500 0.073903 -0.782951
 0.520000 0.071961 -0.766481
 0.522500 0.070045 -0.759927
 0.525000 0.068135 -0.761506
 0.527500 0.066213 -0.769337
 0.530000 0.064269 -0.781007
 0.532500 0.062293 -0.791816
 0.535000 0.060296 -0.800109
 0.537500 0.058285 -0.802713
 0.540000 0.056275 -0.798619
 0.542500 0.054282 -0.790682
 0.545000 0.052311 -0.780810
 0.547500 0.050366 -0.770474
 0.550000 0.048450 -0.757188
 0.552500 0.046573 -0.738370
 0.555000 0.044754 -0.709789
 0.557500 0.043021 -0.670018
 0.560000 0.041400 -0.622224
 0.562500 0.039903 -0.571237
 0.565000 0.038529 -0.525777
 0.567500 0.037255 -0.491996
 0.570000 0.036046 -0.473111
 0.572500 0.034866 -0.468488
 0.575000 0.033686 -0.472584
 0.577500 0.032493 -0.477999
 0.580000 0.031293 -0.477590
 0.582500 0.030105 -0.467832
 0.585000 0.028952 -0.449581
 0.587500 0.027851 -0.428122
 0.590000 0.026801 -0.410039
 0.592500 0.025786 -0.401296
 0.595000 0.024776 -0.405738
 0.597500 0.023741 -0.421965
 0.600000 0.022655 -0.444852
 0.602500 0.021511 -0.466928
 0.605000 0.020322 -0.480322
 0.607500 0.019117 -0.478990
 0.610000 0.017936 -0.460220
 0.612500 0.016824 -0.424244
 0.615000 0.015821 -0.373805
 0.617500 0.014959 -0.312792
 0.620000 0.014258 -0.246347
 0.622500 0.013723 -0.180124
 0.625000 0.013348 -0.119879
 0.627500 0.013110 -0.070561
 0.630000 0.012978 -0.036579
 0.632500 0.012909 -0.020047
 0.635000 0.012860 -0.020616
 0.637500 0.012788 -0.037508
 0.640000 0.012657 -0.067256
 0.642500 0.012441 -0.106070
 0.645000 0.012120 -0.148872
 0.647500 0.011694 -0.191152
 0.650000 0.011167 -0.227260
 0.652500 0.010564 -0.252538
 0.655000 0.009915 -0.263216
 0.657500 0.009259 -0.257810
 0.660000 0.008637 -0.237352
 0.662500 0.008079 -0.205956
 0.665000 0.007609 -0.170110
 0.667500 0.007226 -0.135875
 0.670000 0.006921 -0.108997
 0.672500 0.006670 -0.092320
 0.675000 0.006448 -0.085307
 0.677500 0.006235 -0.085560
 0.680000 0.006016 -0.089118
 0.682500 0.005787 -0.093291
 0.685000 0.005548 -0.096604
 0.687500 0.005302 -0.099335
 0.690000 0.005049 -0.102413
 0.692500 0.004788 -0.106285
 0.695000 0.004516 -0.110603
 0.697500 0.004234 -0.113462
 0.700000 0.003951 -0.112459
 0.702500 0.003676 -0.105613
 0.705000 0.003427 -0.092482
 0.707500 0.003217 -0.074348
 0.710000 0.003057 -0.053789
 0.712500 0.002947 -0.033672
 0.715000 0.002884 -0.016775
 0.717500 0.002858 -0.004141
 0.720000 0.002859 0.004210
 0.722500 0.002876 0.008995
 0.725000 0.002901 0.011192
 0.727500 0.002929 0.011207
 0.730000 0.002955 0.009216
 0.732500 0.002972 0.004731
 0.735000 0.002975 -0.002612
 0.737500 0.002955 -0.013230
 0.740000 0.002906 -0.026685
 0.742500 0.002820 -0.041873
 0.745000 0.002696 -0.057080
 0.747500 0.002536 -0.070101
 0.750000 0.002349 -0.078952
 0.752500 0.002146 -0.082059
 0.755000 0.001943 -0.079230
 0.757500 0.001754 -0.071191
 0.760000 0.001589 -0.060144
 0.762500 0.001453 -0.048325
 0.765000 0.001346 -0.037744
 0.767500 0.001262 -0.029641
 0.770000 0.001195 -0.024189
 0.772500 0.001138 -0.020960
 0.775000 0.001088 -0.019071
 0.777500 0.001042 -0.018014
 0.780000 0.000997 -0.017548
 0.782500 0.000953 -0.017881
 0.785000 0.000906 -0.019149
 0.787500 0.000856 -0.021368
 0.790000 0.000798 -0.024180
 0.792500 0.000735 -0.026825
 0.795000 0.000665 -0.028617
 0.797500 0.000592 -0.028912
 0.800000 0.000522 -0.027395
 0.802500 0.000457 -0.023875
 0.805000 0.000404 -0.018550
 0.807500 0.000365 -0.011947
 0.810000 0.000344 -0.004941
 0.812500 0.000339 0.001188
 0.815000 0.000348 0.005268
 0.817500 0.000363 0.006422
 0.820000 0.000377 0.004376
 0.822500 0.000383 -0.000265
 0.825000 0.000375 -0.006327
 0.827500 0.000351 -0.012137
 0.830000 0.000315 -0.016277
 0.832500 0.000272 -0.017679
 0.835000 0.000229 -0.016144
 0.837500 0.000193 -0.012213
 0.840000 0.000169 -0.006954
 0.842500 0.000158 -0.001543
 0.845000 0.000160 0.002847
 0.847500 0.000171 0.005492
 0.850000 0.000186 0.006126
 0.852500 0.000200 0.004983
 0.855000 0.000210 0.002657
 0.857500 0.000213 -0.000120
 0.860000 0.000209 -0.002663
 0.862500 0.000200 -0.004694
 0.865000 0.000186 -0.006096
 0.867500 0.000170 -0.007023
 0.870000 0.000151 -0.007618
 0.872500 0.000132 -0.008004
 0.875000 0.000112 -0.008180
 0.877500 0.000091 -0.008063
 0.880000 0.000072 -0.007577
 0.882500 0.000054 -0.006722
 0.885000 0.000038 -0.005593
 0.887500 0.000026 -0.004347
 0.890000 0.000016 -0.003152
 0.892500 0.000010 -0.002115
 0.895000 0.000006 -0.001314
 0.897500 0.000003 -0.000778
 0.900000 0.000001 -0.000429
 0.902500 0.000001 -0.000220
 0.905000 0.000000 -0.000106
 0.907500 0.000000 -0.000047
 0.910000 0.000000 0.000000
 0.912500 0.000000 0.000000
 0.915000 0.000000 0.000000
 0.917500 0.000000 0.000000
 0.920000 0.000000 0.000000
 0.922500 0.000000 0.000000
 0.925000 0.000000 0.000000
 0.927500 0.000000 0.000000
 0.930000 0.000000 0.000000
 0.932500 0.000000 0.000000
 0.935000 0.000000 0.000000
 0.937500 0.000000 0.000000
 0.940000 0.000000 0.000000
 0.942500 0.000000 0.000000
 0.945000 0.000000 0.000000
 0.947500 0.000000 0.000000
 0.950000 0.000000 0.000000
 0.952500 0.000000 0.000000
 0.955000 0.000000 0.000000
 0.957500 0.000000 0.000000
 0.960000 0.000000 0.000000
 0.962500 0.000000 0.000000
 0.965000 0.000000 0.000000
 0.967500 0.000000 0.000000
 0.970000 0.000000 0.000000
 0.972500 0.000000 0.000000
 0.975000 0.000000 0.000000
 0.977500 0.000000 0.000000
 0.980000 0.000000 0.000000
 0.982500 0.000000 0.000000
 0.985000 0.000000 0.000000
 0.987500 0.000000 0.000000
 0.990000 0.000000 0.000000
 0.992500 0.000000 0.000000
 0.995000 0.000000 0.000000
 0.997500 0.000000 0.000000
 1.000000 0.000000 0.000000
 1.002500 0.000000 0.000000
 1.005000 0.000000 0.000000
 1.007500 0.000000 0.000000
 1.010000 0.000000 0.000000
 1.012500 0.000000 0.000000
 1.015000 0.000000 0.000000
 1.017500 0.000000 0.000000
 1.020000 0.000000 0.000000
 1.022500 0.000000 0.000000
 1.025000 0.000000 0.000000
 1.027500 0.000000 0.000000
 1.030000 0.000000 0.000000
 1.032500 0.000000 0.000000
 1.035000 0.000000 0.000000
 1.037500 0.000000 0.000000
 1.040000 0.000000 0.000000
 1.042500 0.000000 0.000000
 1.045000 0.000000 0.000000
 1.047500 0.000000 0.000000
 1.050000 0.000000 0.000000
 1.052500 0.000000 0.000000
 1.055000 0.000000 0.000000
 1.057500 0.000000 0.000000
 1.060000 0.000000 0.000000
 1.062500 0.000000 0.000000
 1.065000 0.000000 0.000000
 1.067500 0.000000 0.000000
 1.070000 0.000000 0.000000
 1.072500 0.000000 0.000000
 1.075000 0.000000 0.000000
 1.077500 0.000000 0.000000
 1.080000 0.000000 0.000000
 1.082500 0.000000 0.000000
 1.085000 0.000000 0.000000
 1.087500 0.000000 0.000000
 1.090000 0.000000 0.000000
 1.092500 0.000000 0.000000
 1.095000 0.000000 0.000000
 1.097500 0.000000 0.000000
 1.100000 0.000000 0.000000
 1.102500 0.000000 0.000000
 1.105000 0.000000 0.000000
 1.107500 0.000000 0.000000
 1.110000 0.000000 0.000000
 1.112500 0.000000 0.000000
 1.115000 0.000000 0.000000
 1.117500 0.000000 0.000000
 1.120000 0.000000 0.000000
 1.122500 0.000000 0.000000
 1.125000 0.000000 0.000000
 1.127500 0.000000 0.000000
 1.130000 0.000000 0.000000
 1.132500 0.000000 0.000000
 1.135000 0.000000 0.000000
 1.137500 0.000000 0.000000
 1.140000 0.000000 0.000000
 1.142500 0.000000 0.000000
 1.145000 0.000000 0.000000
 1.147500 0.000000 0.000000
 1.150000 0.000000 0.000000
 1.152500 0.000000 0.000000
 1.155000 0.000000 0.000000
 1.157500 0.000000 0.000000
 1.160000 0.000000 0.000000
 1.162500 0.000000 0.000000
 1.165000 0.000000 0.000000
 1.167500 0.000000 0.000000
 1.170000 0.000000 0.000000
 1.172500 0.000000 0.000000
 1.175000 0.000000 0.000000
 1.177500 0.000000 0.000000
 1.180000 0.000000 0.000000
 1.182500 0.000000 0.000000
 1.185000 0.000000 0.000000
 1.187500 0.000000 0.000000
 1.190000 0.000000 0.000000
 1.192500 0.000000 0.000000
 1.195000 0.000000 0.000000
 1.197500 0.000000 0.000000
 1.200000 0.000000 0.000000
 1.202500 0.000000 0.000000
 1.205000 0.000000 0.000000
 1.207500 0.000000 0.000000
 1.210000 0.000000 0.000000
 1.212500 0.000000 0.000000
 1.215000 0.000000 0.000000
 1.217500 0.000000 0.000000
 1.220000 0.000000 0.000000
 1.222500 0.000000 0.000000
 1.225000 0.000000 0.000000
 1.227500 0.000000 0.000000
 1.230000 0.000000 0.000000
 1.232500 0.000000 0.000000
 1.235000 0.000000 0.000000
 1.237500 0.000000 0.000000
 1.240000 0.000000 0.000000
 1.242500 0.000000 0.000000
 1.245000 0.000000 0.000000
 1.247500 0.000000 0.000000
 1.250000 0.000000 0.000000
 1.252500 0.000000 0.000000
 1.255000 0.000000 0.000000
 1.257500 0.000000 0.000000
 1.260000 0.000000 0.000000
 1.262500 0.000000 0.000000
 1.265000 0.000000 0.000000
 1.267500 0.000000 0.000000
 1.270000 0.000000 0.000000
 1.272500 0.000000 0.000000
 1.275000 0.000000 0.000000
 1.277500 0.000000 0.000000
 1.280000 0.000000 0.000000
 1.282500 0.000000 0.000000
 1.285000 0.000000 0.000000
 1.287500 0.000000 0.000000
 1.290000 0.000000 0.000000
 1.292500 0.000000 0.000000
 1.295000 0.000000 0.000000
 1.297500 0.000000 0.000000
 1.300000 0.000000 0.000000
 1.302500 0.000000 0.000000
 1.305000 0.000000 0.000000
 1.307500 0.000000 0.000000
 1.310000 0.000000 0.000000
 1.312500 0.000000 0.000000
 1.315000 0.000000 0.000000
 1.317500 0.000000 0.000000
 1.320000 0.000000 0.000000
 1.322500 0.000000 0.000000
 1.325000 0.000000 0.000000
 1.327500 0.000000 0.000000
 1.330000 0.000000 0.000000
 1.332500 0.000000 0.000000
 1.335000 0.000000 0.000000
 1.337500 0.000000 0.000000
 1.340000 0.000000 0.000000
 1.342500 0.000000 0.000000
 1.345000 0.000000 0.000000
 1.347500 0.000000 0.000000
 1.350000 0.000000 0.000000
 1.352500 0.000000 0.000000
 1.355000 0.000000 0.000000
 1.357500 0.000000 0.000000
 1.360000 0.000000 0.000000
 1.362500 0.000000 0.000000
 1.365000 0.000000 0.000000
 1.367500 0.000000 0.000000
 1.370000 0.000000 0.000000
 1.372500 0.000000 0.000000
 1.375000 0.000000 0.000000
 1.377500 0.000000 0.000000
 1.380000 0.000000 0.000000
 1.382500 0.000000 0.000000
 1.385000 0.000000 0.000000
 1.387500 0.000000 0.000000
 1.390000 0.000000 0.000000
 1.392500 0.000000 0.000000
 1.395000 0.000000 0.000000
 1.397500 0.000000 0.000000
 1.400000 0.000000 0.000000
 1.402500 0.000000 0.000000
 1.405000 0.000000 0.000000
 1.407500 0.000000 0.000000
 1.410000 0.000000 0.000000
 1.412500 0.000000 0.000000
 1.415000 0.000000 0.000000
 1.417500 0.000000 0.000000
 1.420000 0.000000 0.000000
 1.422500 0.000000 0.000000
 1.425000 0.000000 0.000000
 1.427500 0.000000 0.000000
 1.430000 0.000000 0.000000
 1.432500 0.000000 0.000000
 1.435000 0.000000 0.000000
 1.437500 0.000000 0.000000
 1.440000 0.000000 0.000000
 1.442500 0.000000 0.000000
 1.445000 0.000000 0.000000
 1.447500 0.000000 0.000000
 1.450000 0.000000 0.000000
 1.452500 0.000000 0.000000
 1.455000 0.000000 0.000000
 1.457500 0.000000 0.000000
 1.460000 0.000000 0.000000
 1.462500 0.000000 0.000000
 1.465000 0.000000 0.000000
 1.467500 0.000000 0.000000
 1.470000 0.000000 0.000000
 1.472500 0.000000 0.000000
 1.475000 0.000000 0.000000
 1.477500 0.000000 0.000000
 1.480000 0.000000 0.000000
 1.482500 0.000000 0.000000
 1.485000 0.000000 0.000000
 1.487500 0.000000 0.000000
 1.490000 0.000000 0.000000
 1.492500 0.000000 0.000000
 1.495000 0.000000 0.000000
 1.497500 0.000000 0.000000
 1.500000 0.000000 0.000000
 1.502500 0.000000 0.000000
 1.505000 0.000000 0.000000
 1.507500 0.000000 0.000000
 1.510000 0.000000 0.000000
 1.512500 0.000000 0.000000
 1.515000 0.000000 0.000000
 1.517500 0.000000 0.000000
 1.520000 0.000000 0.000000
 1.522500 0.000000 0.000000
 1.525000 0.000000 0.000000
 1.527500 0.000000 0.000000
 1.530000 0.000000 0.000000
 1.532500 0.000000 0.000000
 1.535000 0.000000 0.000000
 1.537500 0.000000 0.000000
 1.540000 0.000000 0.000000
 1.542500 0.000000 0.000000
 1.545000 0.000000 0.000000
 1.547500 0.000000 0.000000
 1.550000 0.000000 0.000000
 1.552500 0.000000 0.000000
 1.555000 0.000000 0.000000
 1.557500 0.000000 0.000000
 1.560000 0.000000 0.000000
 1.562500 0.000000 0.000000
 1.565000 0.000000 0.000000
 1.567500 0.000000 0.000000
 1.570000 0.000000 0.000000
 1.572500 0.000000 0.000000
 1.575000 0.000000 0.000000
 1.577500 0.000000 0.000000
 1.580000 0.000000 0.000000
 1.582500 0.000000 0.000000
 1.585000 0.000000 0.000000
 1.587500 0.000000 0.000000
 1.590000 0.000000 0.000000
 1.592500 0.000000 0.000000
 1.595000 0.000000 0.000000
 1.597500 0.000000 0.000000
 1.600000 0.000000 0.000000
 1.602500 0.000000 0.000000
 1.605000 0.000000 0.000000
 1.607500 0.000000 0.000000
 1.610000 0.000000 0.000000
 1.612500 0.000000 0.000000
 1.615000 0.000000 0.000000
 1.617500 0.000000 0.000000
 1.620000 0.000000 0.000000
 1.622500 0.000000 0.000000
 1.625000 0.000000 0.000000
 1.627500 0.000000 0.000000
 1.630000 0.000000 0.000000
 1.632500 0.000000 0.000000
 1.635000 0.000000 0.000000
 1.637500 0.000000 0.000000
 1.640000 0.000000 0.000000
 1.642500 0.000000 0.000000
 1.645000 0.000000 0.000000
 1.647500 0.000000 0.000000
 1.650000 0.000000 0.000000
 1.652500 0.000000 0.000000
 1.655000 0.000000 0.000000
 1.657500 0.000000 0.000000
 1.660000 0.000000 0.000000
 1.662500 0.000000 0.000000
 1.665000 0.000000 0.000000
 1.667500 0.000000 0.000000
 1.670000 0.000000 0.000000
 1.672500 0.000000 0.000000
 1.675000 0.000000 0.000000
 1.677500 0.000000 0.000000
 1.680000 0.000000 0.000000
 1.682500 0.000000 0.000000
 1.685000 0.000000 0.000000
 1.687500 0.000000 0.000000
 1.690000 0.000000 0.000000
 1.692500 0.000000 0.000000
 1.695000 0.000000 0.000000
 1.697500 0.000000 0.000000
 1.700000 0.000000 0.000000
 1.702500 0.000000 0.000000
 1.705000 0.000000 0.000000
 1.707500 0.000000 0.000000
 1.710000 0.000000 0.000000
 1.712500 0.000000 0.000000
 1.715000 0.000000 0.000000
 1.717500 0.000000 0.000000
 1.720000 0.000000 0.000000
 1.722500 0.000000 0.000000
 1.725000 0.000000 0.000000
 1.727500 0.000000 0.000000
 1.730000 0.000000 0.000000
 1.732500 0.000000 0.000000
 1.735000 0.000000 0.000000
 1.737500 0.000000 0.000000
 1.740000 0.000000 0.000000
 1.742500 0.000000 0.000000
 1.745000 0.000000 0.000000
 1.747500 0.000000 0.000000
 1.750000 0.000000 0.000000
 1.752500 0.000000 0.000000
 1.755000 0.000000 0.000000
 1.757500 0.000000 0.000000
 1.760000 0.000000 0.000000
 1.762500 0.000000 0.000000
 1.765000 0.000000 0.000000
 1.767500 0.000000 0.000000
 1.770000 0.000000 0.000000
 1.772500 0.000000 0.000000
 1.775000 0.000000 0.000000
 1.777500 0.000000 0.000000
 1.780000 0.000000 0.000000
 1.782500 0.000000 0.000000
 1.785000 0.000000 0.000000
 1.787500 0.000000 0.000000
 1.790000 0.000000 0.000000
 1.792500 0.000000 0.000000
 1.795000 0.000000 0.000000
 1.797500 0.000000 0.000000
 1.800000 0.000000 0.000000
 1.802500 0.000000 0.000000
 1.805000 0.000000 0.000000
 1.807500 0.000000 0.000000
 1.810000 0.000000 0.000000
 1.812500 0.000000 0.000000
 1.815000 0.000000 0.000000
 1.817500 0.000000 0.000000
 1.820000 0.000000 0.000000
 1.822500 0.000000 0.000000
 1.825000 0.000000 0.000000
 1.827500 0.000000 0.000000
 1.830000 0.000000 0.000000
 1.832500 0.000000 0.000000
 1.835000 0.000000 0.000000
 1.837500 0.000000 0.000000
 1.840000 0.000000 0.000000
 1.842500 0.000000 0.000000
 1.845000 0.000000 0.000000
 1.847500 0.000000 0.000000
 1.850000 0.000000 0.000000
 1.852500 0.000000 0.000000
 1.855000 0.000000 0.000000
 1.857500 0.000000 0.000000
 1.860000 0.000000 0.000000
 1.862500 0.000000 0.000000
 1.865000 0.000000 0.000000
 1.867500 0.000000 0.000000
 1.870000 0.000000 0.000000
 1.872500 0.000000 0.000000
 1.875000 0.000000 0.000000
 1.877500 0.000000 0.000000
 1.880000 0.000000 0.000000
 1.882500 0.000000 0.000000
 1.885000 0.000000 0.000000
 1.887500 0.000000 0.000000
 1.890000 0.000000 0.000000
 1.892500 0.000000 0.000000
 1.895000 0.000000 0.000000
 1.897500 0.000000 0.000000
 1.900000 0.000000 0.000000
 1.902500 0.000000 0.000000
 1.905000 0.000000 0.000000
 1.907500 0.000000 0.000000
 1.910000 0.000000 0.000000
 1.912500 0.000000 0.000000
 1.915000 0.000000 0.000000
 1.917500 0.000000 0.000000
 1.920000 0.000000 0.000000
 1.922500 0.000000 0.000000
 1.925000 0.000000 0.000000
 1.927500 0.000000 0.000000
 1.930000 0.000000 0.000000
 1.932500 0.000000 0.000000
 1.935000 0.000000 0.000000
 1.937500 0.000000 0.000000
 1.940000 0.000000 0.000000
 1.942500 0.000000 0.000000
 1.945000 0.000000 0.000000
 1.947500 0.000000 0.000000
 1.950000 0.000000 0.000000
 1.952500 0.000000 0.000000
 1.955000 0.000000 0.000000
 1.957500 0.000000 0.000000
 1.960000 0.000000 0.000000
 1.962500 0.000000 0.000000
 1.965000 0.000000 0.000000
 1.967500 0.000000 0.000000
 1.970000 0.000000 0.000000
 1.972500 0.000000 0.000000
 1.975000 0.000000 0.000000
 1.977500 0.000000 0.000000
 1.980000 0.000000 0.000000
 1.982500 0.000000 0.000000
 1.985000 0.000000 0.000000
 1.987500 0.000000 0.000000
 1.990000 0.000000 0.000000
 1.992500 0.000000 0.000000
 1.995000 0.000000 0.000000
 1.997500 0.000000 0.000000
 2.000000 0.000000 0.000000
