#! FIELDS es hh dhh_es
#! SET normalisation  2000.000000
#! SET min_es -0.5
#! SET max_es 2
#! SET nbins_es  1000
#! SET periodic_es false
 -0.500000 0.000000 0.000000
 -0.497500 0.000000 0.000000
 -0.495000 0.000000 0.000000
 -0.492500 0.000000 0.000000
 -0.490000 0.000000 0.000000
 -0.487500 0.000000 0.000000
 -0.485000 0.000000 0.000000
 -0.482500 0.000000 0.000000
 -0.480000 0.000000 0.000000
 -0.477500 0.000000 0.000000
 -0.475000 0.000000 0.000000
 -0.472500 0.000000 0.000000
 -0.470000 0.000000 0.000000
 -0.467500 0.000000 0.000000
 -0.465000 0.000000 0.000000
 -0.462500 0.000000 0.000000
 -0.460000 0.000000 0.000000
 -0.457500 0.000000 0.000000
 -0.455000 0.000000 0.000000
 -0.452500 0.000000 0.000000
 -0.450000 0.000000 0.000000
 -0.447500 0.000000 0.000000
 -0.445000 0.000000 0.000000
 -0.442500 0.000000 0.000000
 -0.440000 0.000000 0.000000
 -0.437500 0.000000 0.000000
 -0.435000 0.000000 0.000000
 -0.432500 0.000000 0.000000
 -0.430000 0.000000 0.000000
 -0.427500 0.000000 0.000000
 -0.425000 0.000000 0.000000
 -0.422500 0.000000 0.000000
 -0.420000 0.000000 0.000000
 -0.417500 0.000000 0.000000
 -0.415000 0.000000 0.000000
 -0.412500 0.000000 0.000000
 -0.410000 0.000000 0.000000
 -0.407500 0.000000 0.000000
 -0.405000 0.000000 0.000000
 -0.402500 0.000000 0.000000
 -0.400000 0.000000 0.000000
 -0.397500 0.000000 0.000000
 -0.395000 0.000000 0.000000
 -0.392500 0.000000 0.000000
 -0.390000 0.000000 0.000000
 -0.387500 0.000000 0.000000
 -0.385000 0.000000 0.000000
 -0.382500 0.000000 0.000000
 -0.380000 0.000000 0.000000
 -0.377500 0.000000 0.000000
 -0.375000 0.000000 0.000000
 -0.372500 0.000000 0.000000
 -0.370000 0.000000 0.000000
 -0.367500 0.000000 0.000000
 -0.365000 0.000000 0.000000
 -0.362500 0.000000 0.000000
 -0.360000 0.000000 0.000000
 -0.357500 0.000000 0.000000
 -0.355000 0.000000 0.000000
 -0.352500 0.000000 0.000000
 -0.350000 0.000000 0.000000
 -0.347500 0.000000 0.000000
 -0.345000 0.000000 0.000000
 -0.342500 0.000000 0.000000
 -0.340000 0.000000 0.000000
 -0.337500 0.000000 0.000000
 -0.335000 0.000000 0.000000
 -0.332500 0.000000 0.000000
 -0.330000 0.000000 0.000000
 -0.327500 0.000000 0.000000
 -0.325000 0.000000 0.000000
 -0.322500 0.000000 0.000000
 -0.320000 0.000000 0.000000
 -0.317500 0.000000 0.000000
 -0.315000 0.000000 0.000000
 -0.312500 0.000000 0.000000
 -0.310000 0.000000 0.000000
 -0.307500 0.000000 0.000000
 -0.305000 0.000000 0.000000
 -0.302500 0.000000 0.000000
 -0.300000 0.000000 0.000000
 -0.297500 0.000000 0.000000
 -0.295000 0.000000 0.000000
 -0.292500 0.000000 0.000000
 -0.290000 0.000000 0.000000
 -0.287500 0.000000 0.000000
 -0.285000 0.000000 0.000000
 -0.282500 0.000000 0.000000
 -0.280000 0.000000 0.000000
 -0.277500 0.000000 0.000000
 -0.275000 0.000000 0.000000
 -0.272500 0.000000 0.000000
 -0.270000 0.000000 0.000000
 -0.267500 0.000000 0.000000
 -0.265000 0.000000 0.000000
 -0.262500 0.000000 0.000000
 -0.260000 0.000000 0.000000
 -0.257500 0.000000 0.000000
 -0.255000 0.000000 0.000000
 -0.252500 0.000000 0.000000
 -0.250000 0.000000 0.000000
 -0.247500 0.000000 0.000000
 -0.245000 0.000000 0.000000
 -0.242500 0.000000 0.000000
 -0.240000 0.000000 0.000000
 -0.237500 0.000000 0.000000
 -0.235000 0.000000 0.000000
 -0.232500 0.000000 0.000000
 -0.230000 0.000000 0.000000
 -0.227500 0.000000 0.000000
 -0.225000 0.000000 0.000000
 -0.222500 0.000000 0.000000
 -0.220000 0.000000 0.000000
 -0.217500 0.000000 0.000000
 -0.215000 0.000000 0.000000
 -0.212500 0.000000 0.000000
 -0.210000 0.000000 0.000000
 -0.207500 0.000000 0.000000
 -0.205000 0.000000 0.000000
 -0.202500 0.000000 0.000000
 -0.200000 0.000000 0.000000
 -0.197500 0.000000 0.000000
 -0.195000 0.000000 0.000000
 -0.192500 0.000000 0.000000
 -0.190000 0.000000 0.000000
 -0.187500 0.000000 0.000000
 -0.185000 0.000000 0.000000
 -0.182500 0.000000 0.000000
 -0.180000 0.000000 0.000000
 -0.177500 0.000000 0.000000
 -0.175000 0.000000 0.000000
 -0.172500 0.000000 0.000000
 -0.170000 0.000000 0.000000
 -0.167500 0.000000 0.000000
 -0.165000 0.000000 0.000000
 -0.162500 0.000000 0.000000
 -0.160000 0.000000 0.000000
 -0.157500 0.000000 0.000000
 -0.155000 0.000000 0.000000
 -0.152500 0.000000 0.000000
 -0.150000 0.000000 0.000000
 -0.147500 0.000000 0.000000
 -0.145000 0.000000 0.000000
 -0.142500 0.000000 0.000000
 -0.140000 0.000000 0.000000
 -0.137500 0.000000 0.000000
 -0.135000 0.000000 0.000000
 -0.132500 0.000000 0.000000
 -0.130000 0.000000 0.000000
 -0.127500 0.000000 0.000000
 -0.125000 0.000000 0.000000
 -0.122500 0.000000 0.000000
 -0.120000 0.000000 0.000000
 -0.117500 0.000000 0.000000
 -0.115000 0.000000 0.000000
 -0.112500 0.000000 0.000000
 -0.110000 0.000000 0.000000
 -0.107500 0.000000 0.000000
 -0.105000 0.000000 0.000000
 -0.102500 0.000000 0.000000
 -0.100000 0.000000 0.000000
 -0.097500 0.000000 0.000000
 -0.095000 0.000000 0.000000
 -0.092500 0.000000 0.000000
 -0.090000 0.000000 0.000000
 -0.087500 0.000000 0.000000
 -0.085000 0.000000 0.000000
 -0.082500 0.000000 0.000000
 -0.080000 0.000000 0.000000
 -0.077500 0.000000 0.000000
 -0.075000 0.000000 0.000000
 -0.072500 0.000000 0.000000
 -0.070000 0.000000 0.000000
 -0.067500 0.000000 0.000000
 -0.065000 0.000000 0.000000
 -0.062500 0.000000 0.000000
 -0.060000 0.000000 0.000000
 -0.057500 0.000000 0.000000
 -0.055000 0.000000 0.000000
 -0.052500 0.000000 0.000000
 -0.050000 0.000000 0.000000
 -0.047500 0.000000 0.000000
 -0.045000 0.000000 0.000000
 -0.042500 0.000000 0.000000
 -0.040000 0.000000 0.000000
 -0.037500 0.000000 0.000000
 -0.035000 0.000000 0.000000
 -0.032500 0.000000 0.000000
 -0.030000 0.000000 0.000000
 -0.027500 0.000000 0.000000
 -0.025000 0.000000 0.000000
 -0.022500 0.000000 0.000000
 -0.020000 0.000000 0.000000
 -0.017500 0.000000 0.000000
 -0.015000 0.000000 0.000000
 -0.012500 0.000000 0.000000
 -0.010000 0.000000 0.000000
 -0.007500 0.000000 0.000000
 -0.005000 0.000000 0.000000
 -0.002500 0.000000 0.000000
 0.000000 0.000000 0.000000
 0.002500 0.000000 0.000000
 0.005000 0.000000 0.000000
 0.007500 0.000000 0.000000
 0.010000 0.000000 0.000000
 0.012500 0.000000 0.000015
 0.015000 0.000000 0.000056
 0.017500 0.000000 0.000130
 0.020000 0.000001 0.000282
 0.022500 0.000002 0.000571
 0.025000 0.000004 0.001079
 0.027500 0.000008 0.001965
 0.030000 0.000014 0.003331
 0.032500 0.000025 0.005304
 0.035000 0.000042 0.007969
 0.037500 0.000066 0.011551
 0.040000 0.000101 0.016146
 0.042500 0.000149 0.022103
 0.045000 0.000214 0.030348
 0.047500 0.000304 0.042018
 0.050000 0.000430 0.059065
 0.052500 0.000608 0.083550
 0.055000 0.000858 0.117674
 0.057500 0.001208 0.163206
 0.060000 0.001687 0.221327
 0.062500 0.002329 0.292747
 0.065000 0.003166 0.377327
 0.067500 0.004232 0.475407
 0.070000 0.005562 0.587815
 0.072500 0.007193 0.716492
 0.075000 0.009170 0.864975
 0.077500 0.011548 1.037518
 0.080000 0.014393 1.239964
 0.082500 0.017794 1.480653
 0.085000 0.021849 1.766047
 0.087500 0.026684 2.103510
 0.090000 0.032434 2.498270
 0.092500 0.039247 2.952751
 0.095000 0.047270 3.464865
 0.097500 0.056641 4.030239
 0.100000 0.067488 4.641687
 0.102500 0.079915 5.291825
 0.105000 0.094010 5.973584
 0.107500 0.109843 6.681208
 0.110000 0.127479 7.413030
 0.112500 0.146972 8.167009
 0.115000 0.168386 8.946084
 0.117500 0.191779 9.750560
 0.120000 0.217224 10.587072
 0.122500 0.244810 11.464962
 0.125000 0.274661 12.397320
 0.127500 0.306924 13.397161
 0.130000 0.341780 14.471369
 0.132500 0.379416 15.617828
 0.135000 0.419997 16.819693
 0.137500 0.463617 18.043449
 0.140000 0.510284 19.249929
 0.142500 0.559909 20.400876
 0.145000 0.612302 21.461357
 0.147500 0.667218 22.412813
 0.150000 0.724366 23.245114
 0.152500 0.783440 23.955295
 0.155000 0.844143 24.547399
 0.157500 0.906190 25.031747
 0.160000 0.969327 25.430462
 0.162500 1.033389 25.772549
 0.165000 1.098279 26.099797
 0.167500 1.164013 26.453061
 0.170000 1.230691 26.860349
 0.172500 1.298461 27.327635
 0.175000 1.367465 27.841616
 0.177500 1.437774 28.365094
 0.180000 1.509357 28.853525
 0.182500 1.582063 29.263935
 0.185000 1.655673 29.573156
 0.187500 1.729916 29.780268
 0.190000 1.804571 29.905154
 0.192500 1.879466 29.981360
 0.195000 1.954514 30.029561
 0.197500 2.029652 30.061346
 0.200000 2.104830 30.068037
 0.202500 2.179971 30.027446
 0.205000 2.254921 29.906943
 0.207500 2.329429 29.674076
 0.210000 2.403191 29.309772
 0.212500 2.475851 28.797929
 0.215000 2.547040 28.135639
 0.217500 2.616403 27.343585
 0.220000 2.683647 26.457475
 0.222500 2.748600 25.514399
 0.225000 2.811178 24.571625
 0.227500 2.871425 23.663180
 0.230000 2.929462 22.812087
 0.232500 2.985458 22.037993
 0.235000 3.039612 21.342073
 0.237500 3.092128 20.726641
 0.240000 3.143198 20.190050
 0.242500 3.193004 19.720464
 0.245000 3.241683 19.290333
 0.247500 3.289283 18.856802
 0.250000 3.335749 18.363660
 0.252500 3.380851 17.770180
 0.255000 3.424300 17.045240
 0.257500 3.465767 16.200491
 0.260000 3.505006 15.270217
 0.262500 3.541877 14.326909
 0.265000 3.576441 13.427174
 0.267500 3.608860 12.621840
 0.270000 3.639380 11.922057
 0.272500 3.668248 11.297493
 0.275000 3.695605 10.701592
 0.277500 3.721453 10.082045
 0.280000 3.745665 9.398616
 0.282500 3.768047 8.617331
 0.285000 3.788339 7.724447
 0.287500 3.806265 6.733816
 0.290000 3.821591 5.650943
 0.292500 3.834100 4.488119
 0.295000 3.843611 3.258120
 0.297500 3.849971 1.971645
 0.300000 3.853066 0.651718
 0.302500 3.852843 -0.664614
 0.305000 3.849373 -1.942353
 0.307500 3.842798 -3.145023
 0.310000 3.833328 -4.245464
 0.312500 3.821228 -5.245901
 0.315000 3.806747 -6.156214
 0.317500 3.790083 -6.984983
 0.320000 3.771447 -7.735049
 0.322500 3.751038 -8.397049
 0.325000 3.729085 -8.960291
 0.327500 3.705844 -9.430119
 0.330000 3.681519 -9.838334
 0.332500 3.656200 -10.237450
 0.335000 3.629830 -10.681733
 0.337500 3.602240 -11.219759
 0.340000 3.573162 -11.860115
 0.342500 3.542383 -12.572312
 0.345000 3.509799 -13.297678
 0.347500 3.475473 -13.953150
 0.350000 3.439665 -14.474184
 0.352500 3.402761 -14.824823
 0.355000 3.365186 -15.011220
 0.357500 3.327317 -15.070810
 0.360000 3.289389 -15.065618
 0.362500 3.251481 -15.072980
 0.365000 3.213485 -15.144407
 0.367500 3.175177 -15.327555
 0.370000 3.136263 -15.637021
 0.372500 3.096415 -16.065464
 0.375000 3.055366 -16.595046
 0.377500 3.012903 -17.189276
 0.380000 2.968924 -17.804514
 0.382500 2.923436 -18.382417
 0.385000 2.876601 -18.867927
 0.387500 2.828735 -19.208794
 0.390000 2.780244 -19.368395
 0.392500 2.731588 -19.338350
 0.395000 2.683224 -19.148716
 0.397500 2.635469 -18.856178
 0.400000 2.588508 -18.538216
 0.402500 2.542305 -18.263493
 0.405000 2.496668 -18.087528
 0.407500 2.451307 -18.045351
 0.410000 2.405894 -18.133079
 0.412500 2.360139 -18.311099
 0.415000 2.313889 -18.517621
 0.417500 2.267165 -18.680261
 0.420000 2.220169 -18.721949
 0.422500 2.173278 -18.594835
 0.425000 2.126940 -18.285428
 0.427500 2.081582 -17.818860
 0.430000 2.037523 -17.261879
 0.432500 1.994891 -16.700235
 0.435000 1.953587 -16.209849
 0.437500 1.913355 -15.851008
 0.440000 1.873832 -15.650768
 0.442500 1.834619 -15.591942
 0.445000 1.795426 -15.638746
 0.447500 1.756050 -15.725076
 0.450000 1.716466 -15.798123
 0.452500 1.676772 -15.807589
 0.455000 1.637169 -15.726080
 0.457500 1.597892 -15.547001
 0.460000 1.559172 -15.288081
 0.462500 1.521180 -14.979269
 0.465000 1.483985 -14.655785
 0.467500 1.447583 -14.354877
 0.470000 1.411880 -14.104271
 0.472500 1.376724 -13.911163
 0.475000 1.341989 -13.775461
 0.477500 1.307546 -13.668493
 0.480000 1.273370 -13.561197
 0.482500 1.239501 -13.416697
 0.485000 1.206075 -13.208919
 0.487500 1.173267 -12.922436
 0.490000 1.141271 -12.564252
 0.492500 1.110242 -12.151528
 0.495000 1.080283 -11.720191
 0.497500 1.051402 -11.297948
 0.500000 1.023537 -10.910089
 0.502500 0.996585 -10.571432
 0.505000 0.970424 -10.277038
 0.507500 0.944958 -10.014704
 0.510000 0.920129 -9.769197
 0.512500 0.895906 -9.531461
 0.515000 0.872264 -9.302275
 0.517500 0.849172 -9.099177
 0.520000 0.826540 -8.942167
 0.522500 0.804236 -8.838162
 0.525000 0.782126 -8.786591
 0.527500 0.760101 -8.768334
 0.530000 0.738120 -8.747573
 0.532500 0.716233 -8.688821
 0.535000 0.694569 -8.566674
 0.537500 0.673304 -8.372644
 0.540000 0.652609 -8.114838
 0.542500 0.632616 -7.817519
 0.545000 0.613385 -7.509035
 0.547500 0.594909 -7.218569
 0.550000 0.577121 -6.965184
 0.552500 0.559909 -6.758492
 0.555000 0.543154 -6.603530
 0.557500 0.526731 -6.491302
 0.560000 0.510547 -6.413191
 0.562500 0.494532 -6.350666
 0.565000 0.478666 -6.290852
 0.567500 0.462968 -6.218736
 0.570000 0.447484 -6.119630
 0.572500 0.432291 -5.989396
 0.575000 0.417465 -5.823515
 0.577500 0.403091 -5.630615
 0.580000 0.389229 -5.416997
 0.582500 0.375921 -5.191713
 0.585000 0.363180 -4.964646
 0.587500 0.350997 -4.747676
 0.590000 0.339336 -4.550312
 0.592500 0.328136 -4.381271
 0.595000 0.317322 -4.242299
 0.597500 0.306819 -4.135681
 0.600000 0.296549 -4.050423
 0.602500 0.286474 -3.979012
 0.605000 0.276580 -3.907076
 0.607500 0.266887 -3.817655
 0.610000 0.257450 -3.698665
 0.612500 0.248356 -3.544673
 0.615000 0.239690 -3.358471
 0.617500 0.231517 -3.153998
 0.620000 0.223856 -2.953136
 0.622500 0.216670 -2.778841
 0.625000 0.209871 -2.647945
 0.627500 0.203339 -2.565390
 0.630000 0.196959 -2.523581
 0.632500 0.190649 -2.507695
 0.635000 0.184369 -2.496229
 0.637500 0.178131 -2.473553
 0.640000 0.171974 -2.428303
 0.642500 0.165964 -2.358949
 0.645000 0.160157 -2.266159
 0.647500 0.154607 -2.156166
 0.650000 0.149343 -2.038580
 0.652500 0.144372 -1.925015
 0.655000 0.139668 -1.829042
 0.657500 0.135172 -1.759802
 0.660000 0.130809 -1.721739
 0.662500 0.126505 -1.713723
 0.665000 0.122194 -1.724974
 0.667500 0.117842 -1.741758
 0.670000 0.113458 -1.751511
 0.672500 0.109072 -1.741118
 0.675000 0.104744 -1.705936
 0.677500 0.100538 -1.643910
 0.680000 0.096517 -1.559911
 0.682500 0.092726 -1.460844
 0.685000 0.089191 -1.357580
 0.687500 0.085910 -1.260364
 0.690000 0.082856 -1.176787
 0.692500 0.079987 -1.112316
 0.695000 0.077255 -1.068656
 0.697500 0.074609 -1.041847
 0.700000 0.072015 -1.026761
 0.702500 0.069453 -1.015033
 0.705000 0.066923 -1.000835
 0.707500 0.064435 -0.980033
 0.710000 0.062008 -0.954460
 0.712500 0.059647 -0.928447
 0.715000 0.057344 -0.908388
 0.717500 0.055080 -0.898332
 0.720000 0.052829 -0.897703
 0.722500 0.050575 -0.900769
 0.725000 0.048316 -0.898893
 0.727500 0.046076 -0.886139
 0.730000 0.043883 -0.861027
 0.732500 0.041764 -0.828804
 0.735000 0.039727 -0.797296
 0.737500 0.037759 -0.773408
 0.740000 0.035838 -0.760506
 0.742500 0.033940 -0.754373
 0.745000 0.032056 -0.747190
 0.747500 0.030202 -0.730311
 0.750000 0.028408 -0.697979
 0.752500 0.026717 -0.649527
 0.755000 0.025162 -0.589334
 0.757500 0.023764 -0.525015
 0.760000 0.022524 -0.464316
 0.762500 0.021425 -0.413038
 0.765000 0.020441 -0.372756
 0.767500 0.019547 -0.341847
 0.770000 0.018722 -0.316701
 0.772500 0.017956 -0.293755
 0.775000 0.017246 -0.271494
 0.777500 0.016591 -0.250811
 0.780000 0.015983 -0.233752
 0.782500 0.015410 -0.223898
 0.785000 0.014851 -0.222582
 0.787500 0.014285 -0.229339
 0.790000 0.013696 -0.240972
 0.792500 0.013077 -0.252412
 0.795000 0.012435 -0.258414
 0.797500 0.011788 -0.255978
 0.800000 0.011160 -0.243697
 0.802500 0.010572 -0.223689
 0.805000 0.010042 -0.199332
 0.807500 0.009573 -0.174822
 0.810000 0.009161 -0.154835
 0.812500 0.008790 -0.142317
 0.815000 0.008439 -0.138722
 0.817500 0.008087 -0.143430
 0.820000 0.007715 -0.153804
 0.822500 0.007314 -0.166550
 0.825000 0.006882 -0.177272
 0.827500 0.006429 -0.182968
 0.830000 0.005971 -0.180643
 0.832500 0.005530 -0.169567
 0.835000 0.005128 -0.150311
 0.837500 0.004782 -0.124980
 0.840000 0.004504 -0.096582
 0.842500 0.004297 -0.069189
 0.845000 0.004153 -0.046187
 0.847500 0.004058 -0.030839
 0.850000 0.003990 -0.024742
 0.852500 0.003925 -0.027990
 0.855000 0.003841 -0.039031
 0.857500 0.003724 -0.055132
 0.860000 0.003563 -0.072599
 0.862500 0.003361 -0.088158
 0.865000 0.003125 -0.099337
 0.867500 0.002868 -0.104635
 0.870000 0.002606 -0.104064
 0.872500 0.002351 -0.098645
 0.875000 0.002114 -0.090027
 0.877500 0.001901 -0.080298
 0.880000 0.001712 -0.070918
 0.882500 0.001545 -0.063225
 0.885000 0.001394 -0.057386
 0.887500 0.001256 -0.052988
 0.890000 0.001128 -0.049087
 0.892500 0.001010 -0.044775
 0.895000 0.000904 -0.039538
 0.897500 0.000812 -0.033608
 0.900000 0.000735 -0.027780
 0.902500 0.000672 -0.022726
 0.905000 0.000620 -0.019209
 0.907500 0.000574 -0.017125
 0.910000 0.000533 -0.016094
 0.912500 0.000493 -0.015385
 0.915000 0.000456 -0.014469
 0.917500 0.000421 -0.013019
 0.920000 0.000391 -0.011312
 0.922500 0.000364 -0.009753
 0.925000 0.000341 -0.008838
 0.927500 0.000319 -0.009002
 0.930000 0.000295 -0.010138
 0.932500 0.000267 -0.011855
 0.935000 0.000235 -0.013544
 0.937500 0.000200 -0.014657
 0.940000 0.000163 -0.014809
 0.942500 0.000127 -0.013929
 0.945000 0.000094 -0.012215
 0.947500 0.000066 -0.009990
 0.950000 0.000044 -0.007567
 0.952500 0.000028 -0.005402
 0.955000 0.000017 -0.003600
 0.957500 0.000009 -0.002243
 0.960000 0.000005 -0.001308
 0.962500 0.000002 -0.000697
 0.965000 0.000001 -0.000359
 0.967500 0.000000 -0.000144
 0.970000 0.000000 -0.000067
 0.972500 0.000000 0.000000
 0.975000 0.000000 0.000000
 0.977500 0.000000 0.000000
 0.980000 0.000000 0.000000
 0.982500 0.000000 0.000000
 0.985000 0.000000 0.000000
 0.987500 0.000000 0.000000
 0.990000 0.000000 0.000000
 0.992500 0.000000 0.000000
 0.995000 0.000000 0.000000
 0.997500 0.000000 0.000000
 1.000000 0.000000 0.000000
 1.002500 0.000000 0.000000
 1.005000 0.000000 0.000000
 1.007500 0.000000 0.000000
 1.010000 0.000000 0.000000
 1.012500 0.000000 0.000000
 1.015000 0.000000 0.000000
 1.017500 0.000000 0.000000
 1.020000 0.000000 0.000000
 1.022500 0.000000 0.000000
 1.025000 0.000000 0.000000
 1.027500 0.000000 0.000000
 1.030000 0.000000 0.000000
 1.032500 0.000000 0.000000
 1.035000 0.000000 0.000000
 1.037500 0.000000 0.000000
 1.040000 0.000000 0.000000
 1.042500 0.000000 0.000000
 1.045000 0.000000 0.000000
 1.047500 0.000000 0.000000
 1.050000 0.000000 0.000000
 1.052500 0.000000 0.000000
 1.055000 0.000000 0.000000
 1.057500 0.000000 0.000000
 1.060000 0.000000 0.000000
 1.062500 0.000000 0.000000
 1.065000 0.000000 0.000000
 1.067500 0.000000 0.000000
 1.070000 0.000000 0.000000
 1.072500 0.000000 0.000000
 1.075000 0.000000 0.000000
 1.077500 0.000000 0.000000
 1.080000 0.000000 0.000000
 1.082500 0.000000 0.000000
 1.085000 0.000000 0.000000
 1.087500 0.000000 0.000000
 1.090000 0.000000 0.000000
 1.092500 0.000000 0.000000
 1.095000 0.000000 0.000000
 1.097500 0.000000 0.000000
 1.100000 0.000000 0.000000
 1.102500 0.000000 0.000000
 1.105000 0.000000 0.000000
 1.107500 0.000000 0.000000
 1.110000 0.000000 0.000000
 1.112500 0.000000 0.000000
 1.115000 0.000000 0.000000
 1.117500 0.000000 0.000000
 1.120000 0.000000 0.000000
 1.122500 0.000000 0.000000
 1.125000 0.000000 0.000000
 1.127500 0.000000 0.000000
 1.130000 0.000000 0.000000
 1.132500 0.000000 0.000000
 1.135000 0.000000 0.000000
 1.137500 0.000000 0.000000
 1.140000 0.000000 0.000000
 1.142500 0.000000 0.000000
 1.145000 0.000000 0.000000
 1.147500 0.000000 0.000000
 1.150000 0.000000 0.000000
 1.152500 0.000000 0.000000
 1.155000 0.000000 0.000000
 1.157500 0.000000 0.000000
 1.160000 0.000000 0.000000
 1.162500 0.000000 0.000000
 1.165000 0.000000 0.000000
 1.167500 0.000000 0.000000
 1.170000 0.000000 0.000000
 1.172500 0.000000 0.000000
 1.175000 0.000000 0.000000
 1.177500 0.000000 0.000000
 1.180000 0.000000 0.000000
 1.182500 0.000000 0.000000
 1.185000 0.000000 0.000000
 1.187500 0.000000 0.000000
 1.190000 0.000000 0.000000
 1.192500 0.000000 0.000000
 1.195000 0.000000 0.000000
 1.197500 0.000000 0.000000
 1.200000 0.000000 0.000000
 1.202500 0.000000 0.000000
 1.205000 0.000000 0.000000
 1.207500 0.000000 0.000000
 1.210000 0.000000 0.000000
 1.212500 0.000000 0.000000
 1.215000 0.000000 0.000000
 1.217500 0.000000 0.000000
 1.220000 0.000000 0.000000
 1.222500 0.000000 0.000000
 1.225000 0.000000 0.000000
 1.227500 0.000000 0.000000
 1.230000 0.000000 0.000000
 1.232500 0.000000 0.000000
 1.235000 0.000000 0.000000
 1.237500 0.000000 0.000000
 1.240000 0.000000 0.000000
 1.242500 0.000000 0.000000
 1.245000 0.000000 0.000000
 1.247500 0.000000 0.000000
 1.250000 0.000000 0.000000
 1.252500 0.000000 0.000000
 1.255000 0.000000 0.000000
 1.257500 0.000000 0.000000
 1.260000 0.000000 0.000000
 1.262500 0.000000 0.000000
 1.265000 0.000000 0.000000
 1.267500 0.000000 0.000000
 1.270000 0.000000 0.000000
 1.272500 0.000000 0.000000
 1.275000 0.000000 0.000000
 1.277500 0.000000 0.000000
 1.280000 0.000000 0.000000
 1.282500 0.000000 0.000000
 1.285000 0.000000 0.000000
 1.287500 0.000000 0.000000
 1.290000 0.000000 0.000000
 1.292500 0.000000 0.000000
 1.295000 0.000000 0.000000
 1.297500 0.000000 0.000000
 1.300000 0.000000 0.000000
 1.302500 0.000000 0.000000
 1.305000 0.000000 0.000000
 1.307500 0.000000 0.000000
 1.310000 0.000000 0.000000
 1.312500 0.000000 0.000000
 1.315000 0.000000 0.000000
 1.317500 0.000000 0.000000
 1.320000 0.000000 0.000000
 1.322500 0.000000 0.000000
 1.325000 0.000000 0.000000
 1.327500 0.000000 0.000000
 1.330000 0.000000 0.000000
 1.332500 0.000000 0.000000
 1.335000 0.000000 0.000000
 1.337500 0.000000 0.000000
 1.340000 0.000000 0.000000
 1.342500 0.000000 0.000000
 1.345000 0.000000 0.000000
 1.347500 0.000000 0.000000
 1.350000 0.000000 0.000000
 1.352500 0.000000 0.000000
 1.355000 0.000000 0.000000
 1.357500 0.000000 0.000000
 1.360000 0.000000 0.000000
 1.362500 0.000000 0.000000
 1.365000 0.000000 0.000000
 1.367500 0.000000 0.000000
 1.370000 0.000000 0.000000
 1.372500 0.000000 0.000000
 1.375000 0.000000 0.000000
 1.377500 0.000000 0.000000
 1.380000 0.000000 0.000000
 1.382500 0.000000 0.000000
 1.385000 0.000000 0.000000
 1.387500 0.000000 0.000000
 1.390000 0.000000 0.000000
 1.392500 0.000000 0.000000
 1.395000 0.000000 0.000000
 1.397500 0.000000 0.000000
 1.400000 0.000000 0.000000
 1.402500 0.000000 0.000000
 1.405000 0.000000 0.000000
 1.407500 0.000000 0.000000
 1.410000 0.000000 0.000000
 1.412500 0.000000 0.000000
 1.415000 0.000000 0.000000
 1.417500 0.000000 0.000000
 1.420000 0.000000 0.000000
 1.422500 0.000000 0.000000
 1.425000 0.000000 0.000000
 1.427500 0.000000 0.000000
 1.430000 0.000000 0.000000
 1.432500 0.000000 0.000000
 1.435000 0.000000 0.000000
 1.437500 0.000000 0.000000
 1.440000 0.000000 0.000000
 1.442500 0.000000 0.000000
 1.445000 0.000000 0.000000
 1.447500 0.000000 0.000000
 1.450000 0.000000 0.000000
 1.452500 0.000000 0.000000
 1.455000 0.000000 0.000000
 1.457500 0.000000 0.000000
 1.460000 0.000000 0.000000
 1.462500 0.000000 0.000000
 1.465000 0.000000 0.000000
 1.467500 0.000000 0.000000
 1.470000 0.000000 0.000000
 1.472500 0.000000 0.000000
 1.475000 0.000000 0.000000
 1.477500 0.000000 0.000000
 1.480000 0.000000 0.000000
 1.482500 0.000000 0.000000
 1.485000 0.000000 0.000000
 1.487500 0.000000 0.000000
 1.490000 0.000000 0.000000
 1.492500 0.000000 0.000000
 1.495000 0.000000 0.000000
 1.497500 0.000000 0.000000
 1.500000 0.000000 0.000000
 1.502500 0.000000 0.000000
 1.505000 0.000000 0.000000
 1.507500 0.000000 0.000000
 1.510000 0.000000 0.000000
 1.512500 0.000000 0.000000
 1.515000 0.000000 0.000000
 1.517500 0.000000 0.000000
 1.520000 0.000000 0.000000
 1.522500 0.000000 0.000000
 1.525000 0.000000 0.000000
 1.527500 0.000000 0.000000
 1.530000 0.000000 0.000000
 1.532500 0.000000 0.000000
 1.535000 0.000000 0.000000
 1.537500 0.000000 0.000000
 1.540000 0.000000 0.000000
 1.542500 0.000000 0.000000
 1.545000 0.000000 0.000000
 1.547500 0.000000 0.000000
 1.550000 0.000000 0.000000
 1.552500 0.000000 0.000000
 1.555000 0.000000 0.000000
 1.557500 0.000000 0.000000
 1.560000 0.000000 0.000000
 1.562500 0.000000 0.000000
 1.565000 0.000000 0.000000
 1.567500 0.000000 0.000000
 1.570000 0.000000 0.000000
 1.572500 0.000000 0.000000
 1.575000 0.000000 0.000000
 1.577500 0.000000 0.000000
 1.580000 0.000000 0.000000
 1.582500 0.000000 0.000000
 1.585000 0.000000 0.000000
 1.587500 0.000000 0.000000
 1.590000 0.000000 0.000000
 1.592500 0.000000 0.000000
 1.595000 0.000000 0.000000
 1.597500 0.000000 0.000000
 1.600000 0.000000 0.000000
 1.602500 0.000000 0.000000
 1.605000 0.000000 0.000000
 1.607500 0.000000 0.000000
 1.610000 0.000000 0.000000
 1.612500 0.000000 0.000000
 1.615000 0.000000 0.000000
 1.617500 0.000000 0.000000
 1.620000 0.000000 0.000000
 1.622500 0.000000 0.000000
 1.625000 0.000000 0.000000
 1.627500 0.000000 0.000000
 1.630000 0.000000 0.000000
 1.632500 0.000000 0.000000
 1.635000 0.000000 0.000000
 1.637500 0.000000 0.000000
 1.640000 0.000000 0.000000
 1.642500 0.000000 0.000000
 1.645000 0.000000 0.000000
 1.647500 0.000000 0.000000
 1.650000 0.000000 0.000000
 1.652500 0.000000 0.000000
 1.655000 0.000000 0.000000
 1.657500 0.000000 0.000000
 1.660000 0.000000 0.000000
 1.662500 0.000000 0.000000
 1.665000 0.000000 0.000000
 1.667500 0.000000 0.000000
 1.670000 0.000000 0.000000
 1.672500 0.000000 0.000000
 1.675000 0.000000 0.000000
 1.677500 0.000000 0.000000
 1.680000 0.000000 0.000000
 1.682500 0.000000 0.000000
 1.685000 0.000000 0.000000
 1.687500 0.000000 0.000000
 1.690000 0.000000 0.000000
 1.692500 0.000000 0.000000
 1.695000 0.000000 0.000000
 1.697500 0.000000 0.000000
 1.700000 0.000000 0.000000
 1.702500 0.000000 0.000000
 1.705000 0.000000 0.000000
 1.707500 0.000000 0.000000
 1.710000 0.000000 0.000000
 1.712500 0.000000 0.000000
 1.715000 0.000000 0.000000
 1.717500 0.000000 0.000000
 1.720000 0.000000 0.000000
 1.722500 0.000000 0.000000
 1.725000 0.000000 0.000000
 1.727500 0.000000 0.000000
 1.730000 0.000000 0.000000
 1.732500 0.000000 0.000000
 1.735000 0.000000 0.000000
 1.737500 0.000000 0.000000
 1.740000 0.000000 0.000000
 1.742500 0.000000 0.000000
 1.745000 0.000000 0.000000
 1.747500 0.000000 0.000000
 1.750000 0.000000 0.000000
 1.752500 0.000000 0.000000
 1.755000 0.000000 0.000000
 1.757500 0.000000 0.000000
 1.760000 0.000000 0.000000
 1.762500 0.000000 0.000000
 1.765000 0.000000 0.000000
 1.767500 0.000000 0.000000
 1.770000 0.000000 0.000000
 1.772500 0.000000 0.000000
 1.775000 0.000000 0.000000
 1.777500 0.000000 0.000000
 1.780000 0.000000 0.000000
 1.782500 0.000000 0.000000
 1.785000 0.000000 0.000000
 1.787500 0.000000 0.000000
 1.790000 0.000000 0.000000
 1.792500 0.000000 0.000000
 1.795000 0.000000 0.000000
 1.797500 0.000000 0.000000
 1.800000 0.000000 0.000000
 1.802500 0.000000 0.000000
 1.805000 0.000000 0.000000
 1.807500 0.000000 0.000000
 1.810000 0.000000 0.000000
 1.812500 0.000000 0.000000
 1.815000 0.000000 0.000000
 1.817500 0.000000 0.000000
 1.820000 0.000000 0.000000
 1.822500 0.000000 0.000000
 1.825000 0.000000 0.000000
 1.827500 0.000000 0.000000
 1.830000 0.000000 0.000000
 1.832500 0.000000 0.000000
 1.835000 0.000000 0.000000
 1.837500 0.000000 0.000000
 1.840000 0.000000 0.000000
 1.842500 0.000000 0.000000
 1.845000 0.000000 0.000000
 1.847500 0.000000 0.000000
 1.850000 0.000000 0.000000
 1.852500 0.000000 0.000000
 1.855000 0.000000 0.000000
 1.857500 0.000000 0.000000
 1.860000 0.000000 0.000000
 1.862500 0.000000 0.000000
 1.865000 0.000000 0.000000
 1.867500 0.000000 0.000000
 1.870000 0.000000 0.000000
 1.872500 0.000000 0.000000
 1.875000 0.000000 0.000000
 1.877500 0.000000 0.000000
 1.880000 0.000000 0.000000
 1.882500 0.000000 0.000000
 1.885000 0.000000 0.000000
 1.887500 0.000000 0.000000
 1.890000 0.000000 0.000000
 1.892500 0.000000 0.000000
 1.895000 0.000000 0.000000
 1.897500 0.000000 0.000000
 1.900000 0.000000 0.000000
 1.902500 0.000000 0.000000
 1.905000 0.000000 0.000000
 1.907500 0.000000 0.000000
 1.910000 0.000000 0.000000
 1.912500 0.000000 0.000000
 1.915000 0.000000 0.000000
 1.917500 0.000000 0.000000
 1.920000 0.000000 0.000000
 1.922500 0.000000 0.000000
 1.925000 0.000000 0.000000
 1.927500 0.000000 0.000000
 1.930000 0.000000 0.000000
 1.932500 0.000000 0.000000
 1.935000 0.000000 0.000000
 1.937500 0.000000 0.000000
 1.940000 0.000000 0.000000
 1.942500 0.000000 0.000000
 1.945000 0.000000 0.000000
 1.947500 0.000000 0.000000
 1.950000 0.000000 0.000000
 1.952500 0.000000 0.000000
 1.955000 0.000000 0.000000
 1.957500 0.000000 0.000000
 1.960000 0.000000 0.000000
 1.962500 0.000000 0.000000
 1.965000 0.000000 0.000000
 1.967500 0.000000 0.000000
 1.970000 0.000000 0.000000
 1.972500 0.000000 0.000000
 1.975000 0.000000 0.000000
 1.977500 0.000000 0.000000
 1.980000 0.000000 0.000000
 1.982500 0.000000 0.000000
 1.985000 0.000000 0.000000
 1.987500 0.000000 0.000000
 1.990000 0.000000 0.000000
 1.992500 0.000000 0.000000
 1.995000 0.000000 0.000000
 1.997500 0.000000 0.000000
 2.000000 0.000000 0.000000
