#! FIELDS es hh dhh_es
#! SET normalisation  2000.000000
#! SET min_es -0.5
#! SET max_es 2
#! SET nbins_es  1000
#! SET periodic_es false
 -0.500000 0.000000 0.000000
 -0.497500 0.000000 0.000000
 -0.495000 0.000000 0.000000
 -0.492500 0.000000 0.000000
 -0.490000 0.000000 0.000000
 -0.487500 0.000000 0.000000
 -0.485000 0.000000 0.000000
 -0.482500 0.000000 0.000000
 -0.480000 0.000000 0.000000
 -0.477500 0.000000 0.000000
 -0.475000 0.000000 0.000000
 -0.472500 0.000000 0.000000
 -0.470000 0.000000 0.000000
 -0.467500 0.000000 0.000000
 -0.465000 0.000000 0.000000
 -0.462500 0.000000 0.000000
 -0.460000 0.000000 0.000000
 -0.457500 0.000000 0.000000
 -0.455000 0.000000 0.000000
 -0.452500 0.000000 0.000000
 -0.450000 0.000000 0.000000
 -0.447500 0.000000 0.000000
 -0.445000 0.000000 0.000000
 -0.442500 0.000000 0.000000
 -0.440000 0.000000 0.000000
 -0.437500 0.000000 0.000000
 -0.435000 0.000000 0.000000
 -0.432500 0.000000 0.000000
 -0.430000 0.000000 0.000000
 -0.427500 0.000000 0.000000
 -0.425000 0.000000 0.000000
 -0.422500 0.000000 0.000000
 -0.420000 0.000000 0.000000
 -0.417500 0.000000 0.000000
 -0.415000 0.000000 0.000000
 -0.412500 0.000000 0.000000
 -0.410000 0.000000 0.000000
 -0.407500 0.000000 0.000000
 -0.405000 0.000000 0.000000
 -0.402500 0.000000 0.000000
 -0.400000 0.000000 0.000000
 -0.397500 0.000000 0.000000
 -0.395000 0.000000 0.000000
 -0.392500 0.000000 0.000000
 -0.390000 0.000000 0.000000
 -0.387500 0.000000 0.000000
 -0.385000 0.000000 0.000000
 -0.382500 0.000000 0.000000
 -0.380000 0.000000 0.000000
 -0.377500 0.000000 0.000000
 -0.375000 0.000000 0.000000
 -0.372500 0.000000 0.000000
 -0.370000 0.000000 0.000000
 -0.367500 0.000000 0.000000
 -0.365000 0.000000 0.000000
 -0.362500 0.000000 0.000000
 -0.360000 0.000000 0.000000
 -0.357500 0.000000 0.000000
 -0.355000 0.000000 0.000000
 -0.352500 0.000000 0.000000
 -0.350000 0.000000 0.000000
 -0.347500 0.000000 0.000000
 -0.345000 0.000000 0.000000
 -0.342500 0.000000 0.000000
 -0.340000 0.000000 0.000000
 -0.337500 0.000000 0.000000
 -0.335000 0.000000 0.000000
 -0.332500 0.000000 0.000000
 -0.330000 0.000000 0.000000
 -0.327500 0.000000 0.000000
 -0.325000 0.000000 0.000000
 -0.322500 0.000000 0.000000
 -0.320000 0.000000 0.000000
 -0.317500 0.000000 0.000000
 -0.315000 0.000000 0.000000
 -0.312500 0.000000 0.000000
 -0.310000 0.000000 0.000000
 -0.307500 0.000000 0.000000
 -0.305000 0.000000 0.000000
 -0.302500 0.000000 0.000000
 -0.300000 0.000000 0.000000
 -0.297500 0.000000 0.000000
 -0.295000 0.000000 0.000000
 -0.292500 0.000000 0.000000
 -0.290000 0.000000 0.000000
 -0.287500 0.000000 0.000000
 -0.285000 0.000000 0.000000
 -0.282500 0.000000 0.000000
 -0.280000 0.000000 0.000000
 -0.277500 0.000000 0.000000
 -0.275000 0.000000 0.000000
 -0.272500 0.000000 0.000000
 -0.270000 0.000000 0.000000
 -0.267500 0.000000 0.000000
 -0.265000 0.000000 0.000000
 -0.262500 0.000000 0.000000
 -0.260000 0.000000 0.000000
 -0.257500 0.000000 0.000000
 -0.255000 0.000000 0.000000
 -0.252500 0.000000 0.000000
 -0.250000 0.000000 0.000000
 -0.247500 0.000000 0.000000
 -0.245000 0.000000 0.000000
 -0.242500 0.000000 0.000000
 -0.240000 0.000000 0.000000
 -0.237500 0.000000 0.000000
 -0.235000 0.000000 0.000000
 -0.232500 0.000000 0.000000
 -0.230000 0.000000 0.000000
 -0.227500 0.000000 0.000000
 -0.225000 0.000000 0.000000
 -0.222500 0.000000 0.000000
 -0.220000 0.000000 0.000000
 -0.217500 0.000000 0.000000
 -0.215000 0.000000 0.000000
 -0.212500 0.000000 0.000000
 -0.210000 0.000000 0.000000
 -0.207500 0.000000 0.000000
 -0.205000 0.000000 0.000000
 -0.202500 0.000000 0.000000
 -0.200000 0.000000 0.000000
 -0.197500 0.000000 0.000000
 -0.195000 0.000000 0.000000
 -0.192500 0.000000 0.000000
 -0.190000 0.000000 0.000000
 -0.187500 0.000000 0.000000
 -0.185000 0.000000 0.000000
 -0.182500 0.000000 0.000000
 -0.180000 0.000000 0.000000
 -0.177500 0.000000 0.000000
 -0.175000 0.000000 0.000000
 -0.172500 0.000000 0.000000
 -0.170000 0.000000 0.000000
 -0.167500 0.000000 0.000000
 -0.165000 0.000000 0.000000
 -0.162500 0.000000 0.000000
 -0.160000 0.000000 0.000000
 -0.157500 0.000000 0.000000
 -0.155000 0.000000 0.000000
 -0.152500 0.000000 0.000000
 -0.150000 0.000000 0.000000
 -0.147500 0.000000 0.000000
 -0.145000 0.000000 0.000000
 -0.142500 0.000000 0.000000
 -0.140000 0.000000 0.000000
 -0.137500 0.000000 0.000000
 -0.135000 0.000000 0.000000
 -0.132500 0.000000 0.000000
 -0.130000 0.000000 0.000000
 -0.127500 0.000000 0.000000
 -0.125000 0.000000 0.000000
 -0.122500 0.000000 0.000000
 -0.120000 0.000000 0.000000
 -0.117500 0.000000 0.000000
 -0.115000 0.000000 0.000000
 -0.112500 0.000000 0.000000
 -0.110000 0.000000 0.000000
 -0.107500 0.000000 0.000000
 -0.105000 0.000000 0.000000
 -0.102500 0.000000 0.000000
 -0.100000 0.000000 0.000000
 -0.097500 0.000000 0.000000
 -0.095000 0.000000 0.000000
 -0.092500 0.000000 0.000000
 -0.090000 0.000000 0.000000
 -0.087500 0.000000 0.000000
 -0.085000 0.000000 0.000000
 -0.082500 0.000000 0.000000
 -0.080000 0.000000 0.000000
 -0.077500 0.000000 0.000000
 -0.075000 0.000000 0.000000
 -0.072500 0.000000 0.000000
 -0.070000 0.000000 0.000000
 -0.067500 0.000000 0.000000
 -0.065000 0.000000 0.000000
 -0.062500 0.000000 0.000000
 -0.060000 0.000000 0.000000
 -0.057500 0.000000 0.000000
 -0.055000 0.000000 0.000000
 -0.052500 0.000000 0.000000
 -0.050000 0.000000 0.000000
 -0.047500 0.000000 0.000000
 -0.045000 0.000000 0.000000
 -0.042500 0.000000 0.000000
 -0.040000 0.000000 0.000000
 -0.037500 0.000000 0.000000
 -0.035000 0.000000 0.000000
 -0.032500 0.000000 0.000000
 -0.030000 0.000000 0.000000
 -0.027500 0.000000 0.000000
 -0.025000 0.000000 0.000000
 -0.022500 0.000000 0.000000
 -0.020000 0.000000 0.000000
 -0.017500 0.000000 0.000000
 -0.015000 0.000000 0.000000
 -0.012500 0.000000 0.000000
 -0.010000 0.000000 0.000000
 -0.007500 0.000000 0.000000
 -0.005000 0.000000 0.000000
 -0.002500 0.000000 0.000000
 0.000000 0.000000 0.000000
 0.002500 0.000000 0.000000
 0.005000 0.000000 0.000000
 0.007500 0.000000 0.000000
 0.010000 0.000000 0.000000
 0.012500 0.000000 0.000000
 0.015000 0.000000 0.000000
 0.017500 0.000000 0.000000
 0.020000 0.000000 0.000000
 0.022500 0.000000 0.000000
 0.025000 0.000000 0.000000
 0.027500 0.000000 0.000000
 0.030000 0.000000 0.000000
 0.032500 0.000000 0.000000
 0.035000 0.000000 0.000000
 0.037500 0.000000 0.000000
 0.040000 0.000000 0.000000
 0.042500 0.000000 0.000000
 0.045000 0.000000 0.000000
 0.047500 0.000000 0.000000
 0.050000 0.000000 0.000000
 0.052500 0.000000 0.000000
 0.055000 0.000000 0.000000
 0.057500 0.000000 0.000000
 0.060000 0.000000 0.000000
 0.062500 0.000000 0.000000
 0.065000 0.000000 0.000000
 0.067500 0.000000 0.000000
 0.070000 0.000000 0.000000
 0.072500 0.000000 0.000000
 0.075000 0.000000 0.000000
 0.077500 0.000000 0.000000
 0.080000 0.000000 0.000000
 0.082500 0.000000 0.000000
 0.085000 0.000000 0.000000
 0.087500 0.000000 0.000000
 0.090000 0.000000 0.000000
 0.092500 0.000000 0.000000
 0.095000 0.000000 0.000000
 0.097500 0.000000 0.000000
 0.100000 0.000000 0.000000
 0.102500 0.000000 0.000000
 0.105000 0.000000 0.000000
 0.107500 0.000000 0.000000
 0.110000 0.000000 0.000000
 0.112500 0.000000 0.000000
 0.115000 0.000000 0.000000
 0.117500 0.000000 0.000000
 0.120000 0.000000 0.000000
 0.122500 0.000000 0.000000
 0.125000 0.000000 0.000000
 0.127500 0.000000 0.000000
 0.130000 0.000000 0.000000
 0.132500 0.000000 0.000000
 0.135000 0.000000 0.000000
 0.137500 0.000000 0.000000
 0.140000 0.000000 0.000000
 0.142500 0.000000 0.000000
 0.145000 0.000000 0.000000
 0.147500 0.000000 0.000000
 0.150000 0.000000 0.000000
 0.152500 0.000000 0.000000
 0.155000 0.000000 0.000000
 0.157500 0.000000 0.000000
 0.160000 0.000000 0.000000
 0.162500 0.000000 0.000000
 0.165000 0.000000 0.000000
 0.167500 0.000000 0.000000
 0.170000 0.000000 0.000000
 0.172500 0.000000 0.000000
 0.175000 0.000000 0.000000
 0.177500 0.000000 0.000000
 0.180000 0.000000 0.000000
 0.182500 0.000000 0.000000
 0.185000 0.000000 0.000000
 0.187500 0.000000 0.000000
 0.190000 0.000000 0.000000
 0.192500 0.000000 0.000000
 0.195000 0.000000 0.000000
 0.197500 0.000000 0.000000
 0.200000 0.000000 0.000000
 0.202500 0.000000 0.000000
 0.205000 0.000000 0.000000
 0.207500 0.000000 0.000000
 0.210000 0.000000 0.000000
 0.212500 0.000000 0.000000
 0.215000 0.000000 0.000000
 0.217500 0.000000 0.000000
 0.220000 0.000000 0.000000
 0.222500 0.000000 0.000000
 0.225000 0.000000 0.000000
 0.227500 0.000000 0.000000
 0.230000 0.000000 0.000000
 0.232500 0.000000 0.000000
 0.235000 0.000000 0.000000
 0.237500 0.000000 0.000000
 0.240000 0.000000 0.000000
 0.242500 0.000000 0.000000
 0.245000 0.000000 0.000000
 0.247500 0.000000 0.000000
 0.250000 0.000000 0.000000
 0.252500 0.000000 0.000000
 0.255000 0.000000 0.000000
 0.257500 0.000000 0.000000
 0.260000 0.000000 0.000000
 0.262500 0.000000 0.000000
 0.265000 0.000000 0.000000
 0.267500 0.000000 0.000000
 0.270000 0.000000 0.000000
 0.272500 0.000000 0.000000
 0.275000 0.000000 0.000021
 0.277500 0.000000 0.000067
 0.280000 0.000000 0.000152
 0.282500 0.000001 0.000323
 0.285000 0.000002 0.000641
 0.287500 0.000004 0.001188
 0.290000 0.000008 0.002069
 0.292500 0.000015 0.003345
 0.295000 0.000026 0.005055
 0.297500 0.000041 0.007117
 0.300000 0.000061 0.009292
 0.302500 0.000087 0.011287
 0.305000 0.000117 0.012759
 0.307500 0.000150 0.013455
 0.310000 0.000184 0.013379
 0.312500 0.000217 0.012839
 0.315000 0.000248 0.012381
 0.317500 0.000279 0.012607
 0.320000 0.000313 0.014028
 0.322500 0.000351 0.016695
 0.325000 0.000397 0.020464
 0.327500 0.000454 0.024793
 0.330000 0.000521 0.029122
 0.332500 0.000599 0.033253
 0.335000 0.000688 0.037416
 0.337500 0.000787 0.042160
 0.340000 0.000900 0.048320
 0.342500 0.001032 0.056805
 0.345000 0.001187 0.068013
 0.347500 0.001375 0.081910
 0.350000 0.001600 0.097715
 0.352500 0.001865 0.114458
 0.355000 0.002173 0.131444
 0.357500 0.002524 0.149203
 0.360000 0.002922 0.169457
 0.362500 0.003377 0.194844
 0.365000 0.003905 0.228232
 0.367500 0.004528 0.271057
 0.370000 0.005270 0.322576
 0.372500 0.006148 0.379836
 0.375000 0.007173 0.439021
 0.377500 0.008345 0.496632
 0.380000 0.009659 0.551962
 0.382500 0.011109 0.606405
 0.385000 0.012698 0.664344
 0.387500 0.014444 0.731542
 0.390000 0.016374 0.813451
 0.392500 0.018532 0.913814
 0.395000 0.020967 1.035366
 0.397500 0.023735 1.179309
 0.400000 0.026890 1.345184
 0.402500 0.030487 1.531521
 0.405000 0.034572 1.734992
 0.407500 0.039184 1.950030
 0.410000 0.044339 2.169250
 0.412500 0.050040 2.385328
 0.415000 0.056272 2.593475
 0.417500 0.063016 2.794336
 0.420000 0.070261 2.995452
 0.422500 0.078022 3.209529
 0.425000 0.086351 3.452042
 0.427500 0.095336 3.734898
 0.430000 0.105087 4.063009
 0.432500 0.115707 4.429948
 0.435000 0.127286 4.825517
 0.437500 0.139876 5.235956
 0.440000 0.153501 5.652497
 0.442500 0.168175 6.075721
 0.445000 0.183925 6.512800
 0.447500 0.200795 6.974749
 0.450000 0.218862 7.469813
 0.452500 0.238216 8.003997
 0.455000 0.258956 8.576558
 0.457500 0.281169 9.182643
 0.460000 0.304933 9.814643
 0.462500 0.330301 10.463472
 0.465000 0.357305 11.119394
 0.467500 0.385949 11.771326
 0.470000 0.416207 12.408753
 0.472500 0.448043 13.031066
 0.475000 0.481413 13.641825
 0.477500 0.516319 14.258463
 0.480000 0.552794 14.903890
 0.482500 0.590953 15.608982
 0.485000 0.630985 16.405784
 0.487500 0.673146 17.313691
 0.490000 0.717729 18.342125
 0.492500 0.765021 19.476243
 0.495000 0.815242 20.675751
 0.497500 0.868480 21.878436
 0.500000 0.924655 23.012255
 0.502500 0.983513 24.016030
 0.505000 1.044683 24.857447
 0.507500 1.107739 25.533355
 0.510000 1.172318 26.077354
 0.512500 1.238140 26.537621
 0.515000 1.305054 26.960804
 0.517500 1.373018 27.379826
 0.520000 1.442045 27.813512
 0.522500 1.512184 28.268093
 0.525000 1.583473 28.736307
 0.527500 1.655948 29.213171
 0.530000 1.729621 29.696049
 0.532500 1.804506 30.183734
 0.535000 1.880606 30.670848
 0.537500 1.957928 31.159817
 0.540000 2.036471 31.649223
 0.542500 2.116227 32.133068
 0.545000 2.197159 32.595739
 0.547500 2.279192 33.006768
 0.550000 2.362165 33.340500
 0.552500 2.445826 33.551552
 0.555000 2.529825 33.615703
 0.557500 2.613779 33.515299
 0.560000 2.697275 33.259610
 0.562500 2.779977 32.894959
 0.565000 2.861690 32.481102
 0.567500 2.942382 32.093591
 0.570000 3.022207 31.796182
 0.572500 3.101424 31.617193
 0.575000 3.180319 31.532063
 0.577500 3.259037 31.464717
 0.580000 3.337487 31.301129
 0.582500 3.415271 30.924493
 0.585000 3.491764 30.247511
 0.587500 3.566144 29.253524
 0.590000 3.637671 27.981275
 0.592500 3.705767 26.534052
 0.595000 3.770149 25.036217
 0.597500 3.830826 23.591847
 0.600000 3.888033 22.279355
 0.602500 3.942138 21.107640
 0.605000 3.993476 20.066520
 0.607500 4.042319 19.111594
 0.610000 4.088822 18.196604
 0.612500 4.133042 17.266302
 0.615000 4.174858 16.281542
 0.617500 4.214089 15.197709
 0.620000 4.250445 13.983388
 0.622500 4.283584 12.636596
 0.625000 4.313212 11.184943
 0.627500 4.339127 9.690845
 0.630000 4.361308 8.212749
 0.632500 4.379874 6.807404
 0.635000 4.395025 5.487469
 0.637500 4.406949 4.212334
 0.640000 4.415677 2.928757
 0.642500 4.421109 1.571689
 0.645000 4.423009 0.107335
 0.647500 4.421120 -1.447667
 0.650000 4.415288 -3.031618
 0.652500 4.405536 -4.562675
 0.655000 4.392113 -5.957932
 0.657500 4.375412 -7.174964
 0.660000 4.355888 -8.222166
 0.662500 4.333893 -9.149135
 0.665000 4.309630 -10.046118
 0.667500 4.283080 -10.995934
 0.670000 4.254025 -12.054458
 0.672500 4.222165 -13.231136
 0.675000 4.187253 -14.491539
 0.677500 4.149158 -15.758045
 0.680000 4.107964 -16.950452
 0.682500 4.063948 -18.000227
 0.685000 4.017535 -18.870168
 0.687500 3.969182 -19.550700
 0.690000 3.919325 -20.073661
 0.692500 3.868306 -20.494231
 0.695000 3.816293 -20.874900
 0.697500 3.763315 -21.283774
 0.700000 3.709228 -21.771490
 0.702500 3.653778 -22.372194
 0.705000 3.596659 -23.105179
 0.707500 3.537559 -23.970307
 0.710000 3.476146 -24.933059
 0.712500 3.412245 -25.950327
 0.715000 3.345814 -26.950715
 0.717500 3.277018 -27.827711
 0.720000 3.206286 -28.475919
 0.722500 3.134323 -28.809332
 0.725000 3.061980 -28.778185
 0.727500 2.990157 -28.398575
 0.730000 2.919639 -27.759907
 0.732500 2.850920 -26.981643
 0.735000 2.784169 -26.211032
 0.737500 2.719206 -25.568995
 0.740000 2.655607 -25.132203
 0.742500 2.592826 -24.919373
 0.745000 2.530323 -24.896179
 0.747500 2.467700 -25.009230
 0.750000 2.404716 -25.183260
 0.752500 2.341288 -25.351224
 0.755000 2.277504 -25.460908
 0.757500 2.213550 -25.487602
 0.760000 2.149666 -25.414123
 0.762500 2.086092 -25.243213
 0.765000 2.023062 -24.989758
 0.767500 1.960753 -24.675208
 0.770000 1.899287 -24.319864
 0.772500 1.838745 -23.942607
 0.775000 1.779163 -23.549866
 0.777500 1.720599 -23.135157
 0.780000 1.663113 -22.688367
 0.782500 1.606800 -22.199968
 0.785000 1.551756 -21.670915
 0.787500 1.498072 -21.124496
 0.790000 1.445761 -20.580744
 0.792500 1.394787 -20.064504
 0.795000 1.345064 -19.579257
 0.797500 1.296527 -19.116226
 0.800000 1.249154 -18.650032
 0.802500 1.202985 -18.149698
 0.805000 1.158128 -17.603100
 0.807500 1.114697 -17.021292
 0.810000 1.072739 -16.428250
 0.812500 1.032240 -15.863799
 0.815000 0.993092 -15.354827
 0.817500 0.955144 -14.908585
 0.820000 0.918253 -14.508851
 0.822500 0.882332 -14.130228
 0.825000 0.847360 -13.752022
 0.827500 0.813341 -13.366162
 0.830000 0.780295 -12.984042
 0.832500 0.748192 -12.616188
 0.835000 0.716984 -12.273935
 0.837500 0.686602 -11.947763
 0.840000 0.657033 -11.628222
 0.842500 0.628280 -11.294932
 0.845000 0.600395 -10.940143
 0.847500 0.573426 -10.565921
 0.850000 0.547398 -10.190934
 0.852500 0.522290 -9.839018
 0.855000 0.498017 -9.517908
 0.857500 0.474506 -9.234132
 0.860000 0.451681 -8.969272
 0.862500 0.429520 -8.702260
 0.865000 0.408052 -8.416615
 0.867500 0.387332 -8.102388
 0.870000 0.367432 -7.766975
 0.872500 0.348388 -7.419708
 0.875000 0.330217 -7.072756
 0.877500 0.312903 -6.733903
 0.880000 0.296431 -6.402246
 0.882500 0.280786 -6.072198
 0.885000 0.265976 -5.737718
 0.887500 0.252014 -5.397062
 0.890000 0.238907 -5.056345
 0.892500 0.226634 -4.730685
 0.895000 0.215137 -4.442815
 0.897500 0.204297 -4.208963
 0.900000 0.193963 -4.041124
 0.902500 0.183967 -3.937868
 0.905000 0.174163 -3.887081
 0.907500 0.164446 -3.864443
 0.910000 0.154781 -3.841990
 0.912500 0.145204 -3.791982
 0.915000 0.135811 -3.691794
 0.917500 0.126743 -3.530923
 0.920000 0.118154 -3.311788
 0.922500 0.110175 -3.048760
 0.925000 0.102886 -2.763607
 0.927500 0.096309 -2.486264
 0.930000 0.090390 -2.242967
 0.932500 0.085015 -2.050394
 0.935000 0.080051 -1.917025
 0.937500 0.075354 -1.834648
 0.940000 0.070816 -1.786988
 0.942500 0.066376 -1.753288
 0.945000 0.062024 -1.713673
 0.947500 0.057793 -1.656436
 0.950000 0.053733 -1.578986
 0.952500 0.049887 -1.487017
 0.955000 0.046277 -1.393384
 0.957500 0.042891 -1.308774
 0.960000 0.039698 -1.241767
 0.962500 0.036652 -1.190992
 0.965000 0.033721 -1.147796
 0.967500 0.030902 -1.100634
 0.970000 0.028217 -1.037923
 0.972500 0.025714 -0.954717
 0.975000 0.023445 -0.852203
 0.977500 0.021448 -0.739657
 0.980000 0.019733 -0.628799
 0.982500 0.018282 -0.531178
 0.985000 0.017048 -0.455370
 0.987500 0.015973 -0.404932
 0.990000 0.014995 -0.377779
 0.992500 0.014062 -0.368827
 0.995000 0.013135 -0.371283
 0.997500 0.012194 -0.378553
 1.000000 0.011235 -0.385677
 1.002500 0.010262 -0.389151
 1.005000 0.009287 -0.387229
 1.007500 0.008325 -0.379823
 1.010000 0.007389 -0.366230
 1.012500 0.006495 -0.346476
 1.015000 0.005658 -0.320730
 1.017500 0.004892 -0.290173
 1.020000 0.004208 -0.256073
 1.022500 0.003610 -0.220760
 1.025000 0.003100 -0.186717
 1.027500 0.002671 -0.156383
 1.030000 0.002311 -0.131002
 1.032500 0.002009 -0.110953
 1.035000 0.001750 -0.095577
 1.037500 0.001525 -0.083996
 1.040000 0.001326 -0.075096
 1.042500 0.001147 -0.067708
 1.045000 0.000985 -0.061390
 1.047500 0.000838 -0.055497
 1.050000 0.000706 -0.049895
 1.052500 0.000588 -0.044353
 1.055000 0.000483 -0.038852
 1.057500 0.000393 -0.033239
 1.060000 0.000316 -0.028028
 1.062500 0.000252 -0.023305
 1.065000 0.000199 -0.019190
 1.067500 0.000155 -0.015888
 1.070000 0.000118 -0.013087
 1.072500 0.000089 -0.010783
 1.075000 0.000064 -0.008685
 1.077500 0.000045 -0.006810
 1.080000 0.000030 -0.005098
 1.082500 0.000019 -0.003615
 1.085000 0.000011 -0.002433
 1.087500 0.000006 -0.001493
 1.090000 0.000003 -0.000875
 1.092500 0.000002 -0.000490
 1.095000 0.000001 -0.000255
 1.097500 0.000000 -0.000124
 1.100000 0.000000 -0.000057
 1.102500 0.000000 0.000000
 1.105000 0.000000 0.000000
 1.107500 0.000000 0.000000
 1.110000 0.000000 0.000000
 1.112500 0.000000 0.000000
 1.115000 0.000000 0.000000
 1.117500 0.000000 0.000000
 1.120000 0.000000 0.000000
 1.122500 0.000000 0.000000
 1.125000 0.000000 0.000000
 1.127500 0.000000 0.000000
 1.130000 0.000000 0.000000
 1.132500 0.000000 0.000000
 1.135000 0.000000 0.000000
 1.137500 0.000000 0.000000
 1.140000 0.000000 0.000000
 1.142500 0.000000 0.000000
 1.145000 0.000000 0.000000
 1.147500 0.000000 0.000000
 1.150000 0.000000 0.000000
 1.152500 0.000000 0.000000
 1.155000 0.000000 0.000000
 1.157500 0.000000 0.000000
 1.160000 0.000000 0.000000
 1.162500 0.000000 0.000000
 1.165000 0.000000 0.000000
 1.167500 0.000000 0.000000
 1.170000 0.000000 0.000000
 1.172500 0.000000 0.000000
 1.175000 0.000000 0.000000
 1.177500 0.000000 0.000000
 1.180000 0.000000 0.000000
 1.182500 0.000000 0.000000
 1.185000 0.000000 0.000000
 1.187500 0.000000 0.000000
 1.190000 0.000000 0.000000
 1.192500 0.000000 0.000000
 1.195000 0.000000 0.000000
 1.197500 0.000000 0.000000
 1.200000 0.000000 0.000000
 1.202500 0.000000 0.000000
 1.205000 0.000000 0.000000
 1.207500 0.000000 0.000000
 1.210000 0.000000 0.000000
 1.212500 0.000000 0.000000
 1.215000 0.000000 0.000000
 1.217500 0.000000 0.000000
 1.220000 0.000000 0.000000
 1.222500 0.000000 0.000000
 1.225000 0.000000 0.000000
 1.227500 0.000000 0.000000
 1.230000 0.000000 0.000000
 1.232500 0.000000 0.000000
 1.235000 0.000000 0.000000
 1.237500 0.000000 0.000000
 1.240000 0.000000 0.000000
 1.242500 0.000000 0.000000
 1.245000 0.000000 0.000000
 1.247500 0.000000 0.000000
 1.250000 0.000000 0.000000
 1.252500 0.000000 0.000000
 1.255000 0.000000 0.000000
 1.257500 0.000000 0.000000
 1.260000 0.000000 0.000000
 1.262500 0.000000 0.000000
 1.265000 0.000000 0.000000
 1.267500 0.000000 0.000000
 1.270000 0.000000 0.000000
 1.272500 0.000000 0.000000
 1.275000 0.000000 0.000000
 1.277500 0.000000 0.000000
 1.280000 0.000000 0.000000
 1.282500 0.000000 0.000000
 1.285000 0.000000 0.000000
 1.287500 0.000000 0.000000
 1.290000 0.000000 0.000000
 1.292500 0.000000 0.000000
 1.295000 0.000000 0.000000
 1.297500 0.000000 0.000000
 1.300000 0.000000 0.000000
 1.302500 0.000000 0.000000
 1.305000 0.000000 0.000000
 1.307500 0.000000 0.000000
 1.310000 0.000000 0.000000
 1.312500 0.000000 0.000000
 1.315000 0.000000 0.000000
 1.317500 0.000000 0.000000
 1.320000 0.000000 0.000000
 1.322500 0.000000 0.000000
 1.325000 0.000000 0.000000
 1.327500 0.000000 0.000000
 1.330000 0.000000 0.000000
 1.332500 0.000000 0.000000
 1.335000 0.000000 0.000000
 1.337500 0.000000 0.000000
 1.340000 0.000000 0.000000
 1.342500 0.000000 0.000000
 1.345000 0.000000 0.000000
 1.347500 0.000000 0.000000
 1.350000 0.000000 0.000000
 1.352500 0.000000 0.000000
 1.355000 0.000000 0.000000
 1.357500 0.000000 0.000000
 1.360000 0.000000 0.000000
 1.362500 0.000000 0.000000
 1.365000 0.000000 0.000000
 1.367500 0.000000 0.000000
 1.370000 0.000000 0.000000
 1.372500 0.000000 0.000000
 1.375000 0.000000 0.000000
 1.377500 0.000000 0.000000
 1.380000 0.000000 0.000000
 1.382500 0.000000 0.000000
 1.385000 0.000000 0.000000
 1.387500 0.000000 0.000000
 1.390000 0.000000 0.000000
 1.392500 0.000000 0.000000
 1.395000 0.000000 0.000000
 1.397500 0.000000 0.000000
 1.400000 0.000000 0.000000
 1.402500 0.000000 0.000000
 1.405000 0.000000 0.000000
 1.407500 0.000000 0.000000
 1.410000 0.000000 0.000000
 1.412500 0.000000 0.000000
 1.415000 0.000000 0.000000
 1.417500 0.000000 0.000000
 1.420000 0.000000 0.000000
 1.422500 0.000000 0.000000
 1.425000 0.000000 0.000000
 1.427500 0.000000 0.000000
 1.430000 0.000000 0.000000
 1.432500 0.000000 0.000000
 1.435000 0.000000 0.000000
 1.437500 0.000000 0.000000
 1.440000 0.000000 0.000000
 1.442500 0.000000 0.000000
 1.445000 0.000000 0.000000
 1.447500 0.000000 0.000000
 1.450000 0.000000 0.000000
 1.452500 0.000000 0.000000
 1.455000 0.000000 0.000000
 1.457500 0.000000 0.000000
 1.460000 0.000000 0.000000
 1.462500 0.000000 0.000000
 1.465000 0.000000 0.000000
 1.467500 0.000000 0.000000
 1.470000 0.000000 0.000000
 1.472500 0.000000 0.000000
 1.475000 0.000000 0.000000
 1.477500 0.000000 0.000000
 1.480000 0.000000 0.000000
 1.482500 0.000000 0.000000
 1.485000 0.000000 0.000000
 1.487500 0.000000 0.000000
 1.490000 0.000000 0.000000
 1.492500 0.000000 0.000000
 1.495000 0.000000 0.000000
 1.497500 0.000000 0.000000
 1.500000 0.000000 0.000000
 1.502500 0.000000 0.000000
 1.505000 0.000000 0.000000
 1.507500 0.000000 0.000000
 1.510000 0.000000 0.000000
 1.512500 0.000000 0.000000
 1.515000 0.000000 0.000000
 1.517500 0.000000 0.000000
 1.520000 0.000000 0.000000
 1.522500 0.000000 0.000000
 1.525000 0.000000 0.000000
 1.527500 0.000000 0.000000
 1.530000 0.000000 0.000000
 1.532500 0.000000 0.000000
 1.535000 0.000000 0.000000
 1.537500 0.000000 0.000000
 1.540000 0.000000 0.000000
 1.542500 0.000000 0.000000
 1.545000 0.000000 0.000000
 1.547500 0.000000 0.000000
 1.550000 0.000000 0.000000
 1.552500 0.000000 0.000000
 1.555000 0.000000 0.000000
 1.557500 0.000000 0.000000
 1.560000 0.000000 0.000000
 1.562500 0.000000 0.000000
 1.565000 0.000000 0.000000
 1.567500 0.000000 0.000000
 1.570000 0.000000 0.000000
 1.572500 0.000000 0.000000
 1.575000 0.000000 0.000000
 1.577500 0.000000 0.000000
 1.580000 0.000000 0.000000
 1.582500 0.000000 0.000000
 1.585000 0.000000 0.000000
 1.587500 0.000000 0.000000
 1.590000 0.000000 0.000000
 1.592500 0.000000 0.000000
 1.595000 0.000000 0.000000
 1.597500 0.000000 0.000000
 1.600000 0.000000 0.000000
 1.602500 0.000000 0.000000
 1.605000 0.000000 0.000000
 1.607500 0.000000 0.000000
 1.610000 0.000000 0.000000
 1.612500 0.000000 0.000000
 1.615000 0.000000 0.000000
 1.617500 0.000000 0.000000
 1.620000 0.000000 0.000000
 1.622500 0.000000 0.000000
 1.625000 0.000000 0.000000
 1.627500 0.000000 0.000000
 1.630000 0.000000 0.000000
 1.632500 0.000000 0.000000
 1.635000 0.000000 0.000000
 1.637500 0.000000 0.000000
 1.640000 0.000000 0.000000
 1.642500 0.000000 0.000000
 1.645000 0.000000 0.000000
 1.647500 0.000000 0.000000
 1.650000 0.000000 0.000000
 1.652500 0.000000 0.000000
 1.655000 0.000000 0.000000
 1.657500 0.000000 0.000000
 1.660000 0.000000 0.000000
 1.662500 0.000000 0.000000
 1.665000 0.000000 0.000000
 1.667500 0.000000 0.000000
 1.670000 0.000000 0.000000
 1.672500 0.000000 0.000000
 1.675000 0.000000 0.000000
 1.677500 0.000000 0.000000
 1.680000 0.000000 0.000000
 1.682500 0.000000 0.000000
 1.685000 0.000000 0.000000
 1.687500 0.000000 0.000000
 1.690000 0.000000 0.000000
 1.692500 0.000000 0.000000
 1.695000 0.000000 0.000000
 1.697500 0.000000 0.000000
 1.700000 0.000000 0.000000
 1.702500 0.000000 0.000000
 1.705000 0.000000 0.000000
 1.707500 0.000000 0.000000
 1.710000 0.000000 0.000000
 1.712500 0.000000 0.000000
 1.715000 0.000000 0.000000
 1.717500 0.000000 0.000000
 1.720000 0.000000 0.000000
 1.722500 0.000000 0.000000
 1.725000 0.000000 0.000000
 1.727500 0.000000 0.000000
 1.730000 0.000000 0.000000
 1.732500 0.000000 0.000000
 1.735000 0.000000 0.000000
 1.737500 0.000000 0.000000
 1.740000 0.000000 0.000000
 1.742500 0.000000 0.000000
 1.745000 0.000000 0.000000
 1.747500 0.000000 0.000000
 1.750000 0.000000 0.000000
 1.752500 0.000000 0.000000
 1.755000 0.000000 0.000000
 1.757500 0.000000 0.000000
 1.760000 0.000000 0.000000
 1.762500 0.000000 0.000000
 1.765000 0.000000 0.000000
 1.767500 0.000000 0.000000
 1.770000 0.000000 0.000000
 1.772500 0.000000 0.000000
 1.775000 0.000000 0.000000
 1.777500 0.000000 0.000000
 1.780000 0.000000 0.000000
 1.782500 0.000000 0.000000
 1.785000 0.000000 0.000000
 1.787500 0.000000 0.000000
 1.790000 0.000000 0.000000
 1.792500 0.000000 0.000000
 1.795000 0.000000 0.000000
 1.797500 0.000000 0.000000
 1.800000 0.000000 0.000000
 1.802500 0.000000 0.000000
 1.805000 0.000000 0.000000
 1.807500 0.000000 0.000000
 1.810000 0.000000 0.000000
 1.812500 0.000000 0.000000
 1.815000 0.000000 0.000000
 1.817500 0.000000 0.000000
 1.820000 0.000000 0.000000
 1.822500 0.000000 0.000000
 1.825000 0.000000 0.000000
 1.827500 0.000000 0.000000
 1.830000 0.000000 0.000000
 1.832500 0.000000 0.000000
 1.835000 0.000000 0.000000
 1.837500 0.000000 0.000000
 1.840000 0.000000 0.000000
 1.842500 0.000000 0.000000
 1.845000 0.000000 0.000000
 1.847500 0.000000 0.000000
 1.850000 0.000000 0.000000
 1.852500 0.000000 0.000000
 1.855000 0.000000 0.000000
 1.857500 0.000000 0.000000
 1.860000 0.000000 0.000000
 1.862500 0.000000 0.000000
 1.865000 0.000000 0.000000
 1.867500 0.000000 0.000000
 1.870000 0.000000 0.000000
 1.872500 0.000000 0.000000
 1.875000 0.000000 0.000000
 1.877500 0.000000 0.000000
 1.880000 0.000000 0.000000
 1.882500 0.000000 0.000000
 1.885000 0.000000 0.000000
 1.887500 0.000000 0.000000
 1.890000 0.000000 0.000000
 1.892500 0.000000 0.000000
 1.895000 0.000000 0.000000
 1.897500 0.000000 0.000000
 1.900000 0.000000 0.000000
 1.902500 0.000000 0.000000
 1.905000 0.000000 0.000000
 1.907500 0.000000 0.000000
 1.910000 0.000000 0.000000
 1.912500 0.000000 0.000000
 1.915000 0.000000 0.000000
 1.917500 0.000000 0.000000
 1.920000 0.000000 0.000000
 1.922500 0.000000 0.000000
 1.925000 0.000000 0.000000
 1.927500 0.000000 0.000000
 1.930000 0.000000 0.000000
 1.932500 0.000000 0.000000
 1.935000 0.000000 0.000000
 1.937500 0.000000 0.000000
 1.940000 0.000000 0.000000
 1.942500 0.000000 0.000000
 1.945000 0.000000 0.000000
 1.947500 0.000000 0.000000
 1.950000 0.000000 0.000000
 1.952500 0.000000 0.000000
 1.955000 0.000000 0.000000
 1.957500 0.000000 0.000000
 1.960000 0.000000 0.000000
 1.962500 0.000000 0.000000
 1.965000 0.000000 0.000000
 1.967500 0.000000 0.000000
 1.970000 0.000000 0.000000
 1.972500 0.000000 0.000000
 1.975000 0.000000 0.000000
 1.977500 0.000000 0.000000
 1.980000 0.000000 0.000000
 1.982500 0.000000 0.000000
 1.985000 0.000000 0.000000
 1.987500 0.000000 0.000000
 1.990000 0.000000 0.000000
 1.992500 0.000000 0.000000
 1.995000 0.000000 0.000000
 1.997500 0.000000 0.000000
 2.000000 0.000000 0.000000
