#! FIELDS es hh dhh_es
#! SET normalisation  2000.000000
#! SET min_es -0.5
#! SET max_es 2
#! SET nbins_es  1000
#! SET periodic_es false
 -0.500000 0.000000 0.000000
 -0.497500 0.000000 0.000000
 -0.495000 0.000000 0.000000
 -0.492500 0.000000 0.000000
 -0.490000 0.000000 0.000000
 -0.487500 0.000000 0.000000
 -0.485000 0.000000 0.000000
 -0.482500 0.000000 0.000000
 -0.480000 0.000000 0.000000
 -0.477500 0.000000 0.000000
 -0.475000 0.000000 0.000000
 -0.472500 0.000000 0.000000
 -0.470000 0.000000 0.000000
 -0.467500 0.000000 0.000000
 -0.465000 0.000000 0.000000
 -0.462500 0.000000 0.000000
 -0.460000 0.000000 0.000000
 -0.457500 0.000000 0.000000
 -0.455000 0.000000 0.000000
 -0.452500 0.000000 0.000000
 -0.450000 0.000000 0.000000
 -0.447500 0.000000 0.000000
 -0.445000 0.000000 0.000000
 -0.442500 0.000000 0.000000
 -0.440000 0.000000 0.000000
 -0.437500 0.000000 0.000000
 -0.435000 0.000000 0.000000
 -0.432500 0.000000 0.000000
 -0.430000 0.000000 0.000000
 -0.427500 0.000000 0.000000
 -0.425000 0.000000 0.000000
 -0.422500 0.000000 0.000000
 -0.420000 0.000000 0.000000
 -0.417500 0.000000 0.000000
 -0.415000 0.000000 0.000000
 -0.412500 0.000000 0.000000
 -0.410000 0.000000 0.000000
 -0.407500 0.000000 0.000000
 -0.405000 0.000000 0.000000
 -0.402500 0.000000 0.000000
 -0.400000 0.000000 0.000000
 -0.397500 0.000000 0.000000
 -0.395000 0.000000 0.000000
 -0.392500 0.000000 0.000000
 -0.390000 0.000000 0.000000
 -0.387500 0.000000 0.000000
 -0.385000 0.000000 0.000000
 -0.382500 0.000000 0.000000
 -0.380000 0.000000 0.000000
 -0.377500 0.000000 0.000000
 -0.375000 0.000000 0.000000
 -0.372500 0.000000 0.000000
 -0.370000 0.000000 0.000000
 -0.367500 0.000000 0.000000
 -0.365000 0.000000 0.000000
 -0.362500 0.000000 0.000000
 -0.360000 0.000000 0.000000
 -0.357500 0.000000 0.000000
 -0.355000 0.000000 0.000000
 -0.352500 0.000000 0.000000
 -0.350000 0.000000 0.000000
 -0.347500 0.000000 0.000000
 -0.345000 0.000000 0.000000
 -0.342500 0.000000 0.000000
 -0.340000 0.000000 0.000000
 -0.337500 0.000000 0.000000
 -0.335000 0.000000 0.000000
 -0.332500 0.000000 0.000000
 -0.330000 0.000000 0.000000
 -0.327500 0.000000 0.000000
 -0.325000 0.000000 0.000000
 -0.322500 0.000000 0.000000
 -0.320000 0.000000 0.000000
 -0.317500 0.000000 0.000000
 -0.315000 0.000000 0.000000
 -0.312500 0.000000 0.000000
 -0.310000 0.000000 0.000000
 -0.307500 0.000000 0.000000
 -0.305000 0.000000 0.000000
 -0.302500 0.000000 0.000000
 -0.300000 0.000000 0.000000
 -0.297500 0.000000 0.000000
 -0.295000 0.000000 0.000000
 -0.292500 0.000000 0.000000
 -0.290000 0.000000 0.000000
 -0.287500 0.000000 0.000000
 -0.285000 0.000000 0.000000
 -0.282500 0.000000 0.000000
 -0.280000 0.000000 0.000000
 -0.277500 0.000000 0.000000
 -0.275000 0.000000 0.000000
 -0.272500 0.000000 0.000000
 -0.270000 0.000000 0.000000
 -0.267500 0.000000 0.000000
 -0.265000 0.000000 0.000000
 -0.262500 0.000000 0.000000
 -0.260000 0.000000 0.000000
 -0.257500 0.000000 0.000000
 -0.255000 0.000000 0.000000
 -0.252500 0.000000 0.000000
 -0.250000 0.000000 0.000000
 -0.247500 0.000000 0.000000
 -0.245000 0.000000 0.000000
 -0.242500 0.000000 0.000000
 -0.240000 0.000000 0.000000
 -0.237500 0.000000 0.000000
 -0.235000 0.000000 0.000000
 -0.232500 0.000000 0.000000
 -0.230000 0.000000 0.000000
 -0.227500 0.000000 0.000000
 -0.225000 0.000000 0.000000
 -0.222500 0.000000 0.000000
 -0.220000 0.000000 0.000000
 -0.217500 0.000000 0.000000
 -0.215000 0.000000 0.000000
 -0.212500 0.000000 0.000000
 -0.210000 0.000000 0.000000
 -0.207500 0.000000 0.000000
 -0.205000 0.000000 0.000000
 -0.202500 0.000000 0.000000
 -0.200000 0.000000 0.000000
 -0.197500 0.000000 0.000000
 -0.195000 0.000000 0.000000
 -0.192500 0.000000 0.000000
 -0.190000 0.000000 0.000000
 -0.187500 0.000000 0.000000
 -0.185000 0.000000 0.000000
 -0.182500 0.000000 0.000000
 -0.180000 0.000000 0.000000
 -0.177500 0.000000 0.000000
 -0.175000 0.000000 0.000000
 -0.172500 0.000000 0.000000
 -0.170000 0.000000 0.000000
 -0.167500 0.000000 0.000000
 -0.165000 0.000000 0.000000
 -0.162500 0.000000 0.000000
 -0.160000 0.000000 0.000000
 -0.157500 0.000000 0.000000
 -0.155000 0.000000 0.000000
 -0.152500 0.000000 0.000000
 -0.150000 0.000000 0.000000
 -0.147500 0.000000 0.000000
 -0.145000 0.000000 0.000000
 -0.142500 0.000000 0.000000
 -0.140000 0.000000 0.000000
 -0.137500 0.000000 0.000000
 -0.135000 0.000000 0.000000
 -0.132500 0.000000 0.000000
 -0.130000 0.000000 0.000000
 -0.127500 0.000000 0.000000
 -0.125000 0.000000 0.000000
 -0.122500 0.000000 0.000000
 -0.120000 0.000000 0.000000
 -0.117500 0.000000 0.000000
 -0.115000 0.000000 0.000000
 -0.112500 0.000000 0.000000
 -0.110000 0.000000 0.000000
 -0.107500 0.000000 0.000000
 -0.105000 0.000000 0.000000
 -0.102500 0.000000 0.000000
 -0.100000 0.000000 0.000000
 -0.097500 0.000000 0.000000
 -0.095000 0.000000 0.000000
 -0.092500 0.000000 0.000000
 -0.090000 0.000000 0.000000
 -0.087500 0.000000 0.000000
 -0.085000 0.000000 0.000000
 -0.082500 0.000000 0.000000
 -0.080000 0.000000 0.000000
 -0.077500 0.000000 0.000000
 -0.075000 0.000000 0.000000
 -0.072500 0.000000 0.000000
 -0.070000 0.000000 0.000000
 -0.067500 0.000000 0.000000
 -0.065000 0.000000 0.000000
 -0.062500 0.000000 0.000000
 -0.060000 0.000000 0.000000
 -0.057500 0.000000 0.000000
 -0.055000 0.000000 0.000000
 -0.052500 0.000000 0.000000
 -0.050000 0.000000 0.000000
 -0.047500 0.000000 0.000000
 -0.045000 0.000000 0.000000
 -0.042500 0.000000 0.000000
 -0.040000 0.000000 0.000000
 -0.037500 0.000000 0.000000
 -0.035000 0.000000 0.000000
 -0.032500 0.000000 0.000000
 -0.030000 0.000000 0.000000
 -0.027500 0.000000 0.000000
 -0.025000 0.000000 0.000000
 -0.022500 0.000000 0.000000
 -0.020000 0.000000 0.000000
 -0.017500 0.000000 0.000000
 -0.015000 0.000000 0.000000
 -0.012500 0.000000 0.000000
 -0.010000 0.000000 0.000000
 -0.007500 0.000000 0.000000
 -0.005000 0.000000 0.000000
 -0.002500 0.000000 0.000000
 0.000000 0.000000 0.000000
 0.002500 0.000000 0.000000
 0.005000 0.000000 0.000000
 0.007500 0.000000 0.000000
 0.010000 0.000000 0.000000
 0.012500 0.000000 0.000000
 0.015000 0.000000 0.000000
 0.017500 0.000000 0.000000
 0.020000 0.000000 0.000000
 0.022500 0.000000 0.000000
 0.025000 0.000000 0.000000
 0.027500 0.000000 0.000000
 0.030000 0.000000 0.000000
 0.032500 0.000000 0.000000
 0.035000 0.000000 0.000000
 0.037500 0.000000 0.000018
 0.040000 0.000000 0.000043
 0.042500 0.000000 0.000118
 0.045000 0.000001 0.000254
 0.047500 0.000002 0.000511
 0.050000 0.000004 0.000961
 0.052500 0.000007 0.001690
 0.055000 0.000012 0.002789
 0.057500 0.000021 0.004321
 0.060000 0.000034 0.006248
 0.062500 0.000053 0.008414
 0.065000 0.000077 0.010680
 0.067500 0.000106 0.012883
 0.070000 0.000141 0.014862
 0.072500 0.000181 0.016898
 0.075000 0.000227 0.019612
 0.077500 0.000281 0.024004
 0.080000 0.000350 0.031333
 0.082500 0.000442 0.042740
 0.085000 0.000569 0.059190
 0.087500 0.000743 0.081019
 0.090000 0.000980 0.108364
 0.092500 0.001291 0.140913
 0.095000 0.001690 0.178555
 0.097500 0.002190 0.221355
 0.100000 0.002805 0.269999
 0.102500 0.003549 0.325367
 0.105000 0.004442 0.388808
 0.107500 0.005506 0.462410
 0.110000 0.006770 0.548177
 0.112500 0.008264 0.647895
 0.115000 0.010030 0.764976
 0.117500 0.012115 0.902574
 0.120000 0.014571 1.063589
 0.122500 0.017464 1.251305
 0.125000 0.020865 1.468723
 0.127500 0.024847 1.717136
 0.130000 0.029491 1.997682
 0.132500 0.034880 2.310809
 0.135000 0.041090 2.654924
 0.137500 0.048198 3.028496
 0.140000 0.056273 3.428310
 0.142500 0.065385 3.854912
 0.145000 0.075595 4.306987
 0.147500 0.086971 4.786323
 0.150000 0.099583 5.295570
 0.152500 0.113508 5.836027
 0.155000 0.128825 6.406293
 0.157500 0.145601 7.002347
 0.160000 0.163894 7.618526
 0.162500 0.183752 8.252886
 0.165000 0.205225 8.909390
 0.167500 0.228377 9.598611
 0.170000 0.253309 10.334865
 0.172500 0.280161 11.133828
 0.175000 0.309095 11.999986
 0.177500 0.340274 12.925044
 0.180000 0.373813 13.882783
 0.182500 0.409754 14.838744
 0.185000 0.448044 15.756545
 0.187500 0.488558 16.613061
 0.190000 0.531129 17.400346
 0.192500 0.575597 18.134109
 0.195000 0.621851 18.836471
 0.197500 0.669859 19.535292
 0.200000 0.719626 20.247613
 0.202500 0.771200 20.980523
 0.205000 0.824626 21.725229
 0.207500 0.879916 22.470944
 0.210000 0.937059 23.205867
 0.212500 0.996013 23.919121
 0.215000 1.056721 24.607419
 0.217500 1.119120 25.267071
 0.220000 1.183117 25.891505
 0.222500 1.248623 26.468187
 0.225000 1.315494 26.983205
 0.227500 1.383563 27.424640
 0.230000 1.452628 27.783961
 0.232500 1.522486 28.062513
 0.235000 1.592948 28.268913
 0.237500 1.663865 28.427159
 0.240000 1.735134 28.561298
 0.242500 1.806735 28.701776
 0.245000 1.878716 28.871908
 0.247500 1.951182 29.086655
 0.250000 2.024228 29.340430
 0.252500 2.097918 29.594062
 0.255000 2.172180 29.797663
 0.257500 2.246815 29.879551
 0.260000 2.321447 29.788378
 0.262500 2.395596 29.489794
 0.265000 2.468722 28.985410
 0.267500 2.540345 28.297154
 0.270000 2.610077 27.481579
 0.272500 2.677669 26.594442
 0.275000 2.743001 25.696969
 0.277500 2.806115 24.827022
 0.280000 2.867138 24.030133
 0.282500 2.926276 23.326324
 0.285000 2.983778 22.729755
 0.287500 3.039927 22.248105
 0.290000 3.095010 21.874622
 0.292500 3.149265 21.588179
 0.295000 3.202861 21.347440
 0.297500 3.255853 21.095502
 0.300000 3.308132 20.777688
 0.302500 3.359474 20.341532
 0.305000 3.409532 19.753532
 0.307500 3.457925 19.012338
 0.310000 3.504275 18.128782
 0.312500 3.548257 17.123040
 0.315000 3.589585 16.021366
 0.317500 3.628048 14.835597
 0.320000 3.663470 13.595307
 0.322500 3.695760 12.335705
 0.325000 3.724901 11.101684
 0.327500 3.751039 9.939751
 0.330000 3.774397 8.882457
 0.332500 3.795252 7.938699
 0.335000 3.813853 7.073385
 0.337500 3.830336 6.241172
 0.340000 3.844708 5.380132
 0.342500 3.856828 4.441567
 0.345000 3.866484 3.412382
 0.347500 3.873460 2.314165
 0.350000 3.877647 1.191032
 0.352500 3.879058 0.102925
 0.355000 3.877854 -0.899810
 0.357500 3.874272 -1.781232
 0.360000 3.868609 -2.561747
 0.362500 3.861071 -3.293550
 0.365000 3.851692 -4.047913
 0.367500 3.840318 -4.896297
 0.370000 3.826645 -5.886814
 0.372500 3.810312 -7.019687
 0.375000 3.791020 -8.242316
 0.377500 3.768645 -9.469530
 0.380000 3.743280 -10.611244
 0.382500 3.715246 -11.603604
 0.385000 3.684951 -12.407075
 0.387500 3.652871 -13.035428
 0.390000 3.619419 -13.512884
 0.392500 3.584934 -13.864396
 0.395000 3.549700 -14.111930
 0.397500 3.513967 -14.258144
 0.400000 3.477994 -14.304406
 0.402500 3.442025 -14.265560
 0.405000 3.406237 -14.160224
 0.407500 3.370744 -14.039739
 0.410000 3.335502 -13.964528
 0.412500 3.300315 -14.010977
 0.415000 3.264802 -14.230197
 0.417500 3.228484 -14.654367
 0.420000 3.190862 -15.278669
 0.422500 3.151488 -16.044658
 0.425000 3.110109 -16.867970
 0.427500 3.066703 -17.641206
 0.430000 3.021524 -18.280376
 0.432500 2.974977 -18.728372
 0.435000 2.927569 -18.974463
 0.437500 2.879771 -19.052877
 0.440000 2.831934 -19.017439
 0.442500 2.784257 -18.931585
 0.445000 2.736805 -18.844154
 0.447500 2.689548 -18.787710
 0.450000 2.642380 -18.778417
 0.452500 2.595166 -18.821351
 0.455000 2.547785 -18.907281
 0.457500 2.500163 -19.012887
 0.460000 2.452294 -19.093028
 0.462500 2.404319 -19.093739
 0.465000 2.356482 -18.972541
 0.467500 2.309138 -18.708620
 0.470000 2.262623 -18.314455
 0.472500 2.217205 -17.848462
 0.475000 2.172977 -17.384459
 0.477500 2.129811 -17.001215
 0.480000 2.087437 -16.768257
 0.482500 2.045424 -16.711919
 0.485000 2.003339 -16.823346
 0.487500 1.960815 -17.053845
 0.490000 1.917652 -17.329383
 0.492500 1.873839 -17.564053
 0.495000 1.829569 -17.683861
 0.497500 1.785180 -17.654503
 0.500000 1.741055 -17.476239
 0.502500 1.697531 -17.194053
 0.505000 1.654791 -16.858507
 0.507500 1.612902 -16.525954
 0.510000 1.571813 -16.227500
 0.512500 1.531424 -15.960398
 0.515000 1.491684 -15.702691
 0.517500 1.452607 -15.425950
 0.520000 1.414276 -15.114971
 0.522500 1.376773 -14.767290
 0.525000 1.340161 -14.401769
 0.527500 1.304453 -14.046605
 0.530000 1.269617 -13.715591
 0.532500 1.235585 -13.398455
 0.535000 1.202354 -13.078000
 0.537500 1.169961 -12.729673
 0.540000 1.138485 -12.341862
 0.542500 1.108017 -11.933247
 0.545000 1.078577 -11.527965
 0.547500 1.050098 -11.170993
 0.550000 1.022419 -10.898019
 0.552500 0.995296 -10.721662
 0.555000 0.968501 -10.639695
 0.557500 0.941835 -10.613502
 0.560000 0.915220 -10.594506
 0.562500 0.888699 -10.533214
 0.565000 0.862423 -10.395519
 0.567500 0.836599 -10.170941
 0.570000 0.811434 -9.876059
 0.572500 0.787064 -9.538200
 0.575000 0.763563 -9.196070
 0.577500 0.740896 -8.872989
 0.580000 0.718994 -8.591299
 0.582500 0.697740 -8.354919
 0.585000 0.677016 -8.167609
 0.587500 0.656705 -8.025994
 0.590000 0.636697 -7.924551
 0.592500 0.616907 -7.849784
 0.595000 0.597293 -7.784125
 0.597500 0.577852 -7.705138
 0.600000 0.558652 -7.592685
 0.602500 0.539796 -7.427254
 0.605000 0.521432 -7.206937
 0.607500 0.503682 -6.937085
 0.610000 0.486648 -6.640216
 0.612500 0.470363 -6.344440
 0.615000 0.454783 -6.077248
 0.617500 0.439812 -5.861586
 0.620000 0.425312 -5.708459
 0.622500 0.411125 -5.607143
 0.625000 0.397140 -5.546060
 0.627500 0.383282 -5.500290
 0.630000 0.369546 -5.445097
 0.632500 0.355982 -5.361931
 0.635000 0.342681 -5.237673
 0.637500 0.329744 -5.070039
 0.640000 0.317274 -4.868288
 0.642500 0.305338 -4.647112
 0.645000 0.293963 -4.420869
 0.647500 0.283148 -4.202705
 0.650000 0.272867 -3.996488
 0.652500 0.263088 -3.799717
 0.655000 0.253794 -3.607328
 0.657500 0.244982 -3.417086
 0.660000 0.236642 -3.228256
 0.662500 0.228768 -3.049312
 0.665000 0.221319 -2.888591
 0.667500 0.214241 -2.757431
 0.670000 0.207447 -2.661619
 0.672500 0.200846 -2.601641
 0.675000 0.194357 -2.575058
 0.677500 0.187904 -2.570121
 0.680000 0.181449 -2.575899
 0.682500 0.174982 -2.578676
 0.685000 0.168524 -2.567720
 0.687500 0.162119 -2.534534
 0.690000 0.155829 -2.476238
 0.692500 0.149715 -2.395017
 0.695000 0.143829 -2.295945
 0.697500 0.138206 -2.188221
 0.700000 0.132854 -2.079392
 0.702500 0.127769 -1.976533
 0.705000 0.122932 -1.881811
 0.707500 0.118320 -1.794961
 0.710000 0.113917 -1.715326
 0.712500 0.109707 -1.640717
 0.715000 0.105679 -1.572015
 0.717500 0.101814 -1.510209
 0.720000 0.098092 -1.457329
 0.722500 0.094490 -1.414749
 0.725000 0.090984 -1.381107
 0.727500 0.087554 -1.352941
 0.730000 0.084191 -1.328462
 0.732500 0.080890 -1.304061
 0.735000 0.077649 -1.277838
 0.737500 0.074478 -1.251171
 0.740000 0.071374 -1.224095
 0.742500 0.068337 -1.197795
 0.745000 0.065363 -1.173043
 0.747500 0.062450 -1.151202
 0.750000 0.059589 -1.129286
 0.752500 0.056786 -1.105660
 0.755000 0.054049 -1.076650
 0.757500 0.051395 -1.039215
 0.760000 0.048845 -0.993625
 0.762500 0.046414 -0.944363
 0.765000 0.044105 -0.897888
 0.767500 0.041902 -0.860041
 0.770000 0.039782 -0.833961
 0.772500 0.037714 -0.816739
 0.775000 0.035681 -0.803682
 0.777500 0.033685 -0.787928
 0.780000 0.031738 -0.763013
 0.782500 0.029868 -0.727096
 0.785000 0.028101 -0.681454
 0.787500 0.026457 -0.629719
 0.790000 0.024944 -0.576099
 0.792500 0.023564 -0.524488
 0.795000 0.022309 -0.476438
 0.797500 0.021171 -0.431590
 0.800000 0.020142 -0.389484
 0.802500 0.019216 -0.349705
 0.805000 0.018384 -0.314250
 0.807500 0.017631 -0.286307
 0.810000 0.016937 -0.268740
 0.812500 0.016273 -0.262159
 0.815000 0.015612 -0.264825
 0.817500 0.014938 -0.272765
 0.820000 0.014244 -0.279954
 0.822500 0.013539 -0.281674
 0.825000 0.012839 -0.275104
 0.827500 0.012165 -0.261089
 0.830000 0.011534 -0.242251
 0.832500 0.010950 -0.223180
 0.835000 0.010411 -0.207750
 0.837500 0.009903 -0.197789
 0.840000 0.009414 -0.193947
 0.842500 0.008927 -0.194344
 0.845000 0.008437 -0.197128
 0.847500 0.007940 -0.199337
 0.850000 0.007440 -0.198837
 0.852500 0.006946 -0.194016
 0.855000 0.006471 -0.183675
 0.857500 0.006030 -0.167682
 0.860000 0.005634 -0.147034
 0.862500 0.005294 -0.123656
 0.865000 0.005014 -0.100637
 0.867500 0.004787 -0.081118
 0.870000 0.004601 -0.067996
 0.872500 0.004439 -0.062873
 0.875000 0.004279 -0.065402
 0.877500 0.004105 -0.074059
 0.880000 0.003904 -0.085836
 0.882500 0.003674 -0.097971
 0.885000 0.003415 -0.107972
 0.887500 0.003136 -0.113893
 0.890000 0.002848 -0.115377
 0.892500 0.002562 -0.112450
 0.895000 0.002288 -0.105782
 0.897500 0.002034 -0.096659
 0.900000 0.001805 -0.086234
 0.902500 0.001602 -0.075703
 0.905000 0.001425 -0.065830
 0.907500 0.001271 -0.057040
 0.910000 0.001138 -0.049732
 0.912500 0.001021 -0.043463
 0.915000 0.000919 -0.038247
 0.917500 0.000828 -0.033887
 0.920000 0.000748 -0.030338
 0.922500 0.000676 -0.027186
 0.925000 0.000611 -0.024345
 0.927500 0.000553 -0.021598
 0.930000 0.000503 -0.018548
 0.932500 0.000460 -0.015658
 0.935000 0.000424 -0.013096
 0.937500 0.000394 -0.011305
 0.940000 0.000366 -0.010691
 0.942500 0.000339 -0.011327
 0.945000 0.000309 -0.012881
 0.947500 0.000274 -0.014696
 0.950000 0.000235 -0.016249
 0.952500 0.000193 -0.016832
 0.955000 0.000152 -0.016207
 0.957500 0.000113 -0.014431
 0.960000 0.000080 -0.011968
 0.962500 0.000054 -0.009228
 0.965000 0.000034 -0.006589
 0.967500 0.000020 -0.004390
 0.970000 0.000011 -0.002738
 0.972500 0.000006 -0.001593
 0.975000 0.000003 -0.000865
 0.977500 0.000001 -0.000423
 0.980000 0.000001 -0.000202
 0.982500 0.000000 -0.000090
 0.985000 0.000000 0.000000
 0.987500 0.000000 0.000000
 0.990000 0.000000 0.000000
 0.992500 0.000000 0.000000
 0.995000 0.000000 0.000000
 0.997500 0.000000 0.000000
 1.000000 0.000000 0.000000
 1.002500 0.000000 0.000000
 1.005000 0.000000 0.000000
 1.007500 0.000000 0.000000
 1.010000 0.000000 0.000000
 1.012500 0.000000 0.000000
 1.015000 0.000000 0.000000
 1.017500 0.000000 0.000000
 1.020000 0.000000 0.000000
 1.022500 0.000000 0.000000
 1.025000 0.000000 0.000000
 1.027500 0.000000 0.000000
 1.030000 0.000000 0.000000
 1.032500 0.000000 0.000000
 1.035000 0.000000 0.000000
 1.037500 0.000000 0.000000
 1.040000 0.000000 0.000000
 1.042500 0.000000 0.000000
 1.045000 0.000000 0.000000
 1.047500 0.000000 0.000000
 1.050000 0.000000 0.000000
 1.052500 0.000000 0.000000
 1.055000 0.000000 0.000000
 1.057500 0.000000 0.000000
 1.060000 0.000000 0.000000
 1.062500 0.000000 0.000000
 1.065000 0.000000 0.000000
 1.067500 0.000000 0.000000
 1.070000 0.000000 0.000000
 1.072500 0.000000 0.000000
 1.075000 0.000000 0.000000
 1.077500 0.000000 0.000000
 1.080000 0.000000 0.000000
 1.082500 0.000000 0.000000
 1.085000 0.000000 0.000000
 1.087500 0.000000 0.000000
 1.090000 0.000000 0.000000
 1.092500 0.000000 0.000000
 1.095000 0.000000 0.000000
 1.097500 0.000000 0.000000
 1.100000 0.000000 0.000000
 1.102500 0.000000 0.000000
 1.105000 0.000000 0.000000
 1.107500 0.000000 0.000000
 1.110000 0.000000 0.000000
 1.112500 0.000000 0.000000
 1.115000 0.000000 0.000000
 1.117500 0.000000 0.000000
 1.120000 0.000000 0.000000
 1.122500 0.000000 0.000000
 1.125000 0.000000 0.000000
 1.127500 0.000000 0.000000
 1.130000 0.000000 0.000000
 1.132500 0.000000 0.000000
 1.135000 0.000000 0.000000
 1.137500 0.000000 0.000000
 1.140000 0.000000 0.000000
 1.142500 0.000000 0.000000
 1.145000 0.000000 0.000000
 1.147500 0.000000 0.000000
 1.150000 0.000000 0.000000
 1.152500 0.000000 0.000000
 1.155000 0.000000 0.000000
 1.157500 0.000000 0.000000
 1.160000 0.000000 0.000000
 1.162500 0.000000 0.000000
 1.165000 0.000000 0.000000
 1.167500 0.000000 0.000000
 1.170000 0.000000 0.000000
 1.172500 0.000000 0.000000
 1.175000 0.000000 0.000000
 1.177500 0.000000 0.000000
 1.180000 0.000000 0.000000
 1.182500 0.000000 0.000000
 1.185000 0.000000 0.000000
 1.187500 0.000000 0.000000
 1.190000 0.000000 0.000000
 1.192500 0.000000 0.000000
 1.195000 0.000000 0.000000
 1.197500 0.000000 0.000000
 1.200000 0.000000 0.000000
 1.202500 0.000000 0.000000
 1.205000 0.000000 0.000000
 1.207500 0.000000 0.000000
 1.210000 0.000000 0.000000
 1.212500 0.000000 0.000000
 1.215000 0.000000 0.000000
 1.217500 0.000000 0.000000
 1.220000 0.000000 0.000000
 1.222500 0.000000 0.000000
 1.225000 0.000000 0.000000
 1.227500 0.000000 0.000000
 1.230000 0.000000 0.000000
 1.232500 0.000000 0.000000
 1.235000 0.000000 0.000000
 1.237500 0.000000 0.000000
 1.240000 0.000000 0.000000
 1.242500 0.000000 0.000000
 1.245000 0.000000 0.000000
 1.247500 0.000000 0.000000
 1.250000 0.000000 0.000000
 1.252500 0.000000 0.000000
 1.255000 0.000000 0.000000
 1.257500 0.000000 0.000000
 1.260000 0.000000 0.000000
 1.262500 0.000000 0.000000
 1.265000 0.000000 0.000000
 1.267500 0.000000 0.000000
 1.270000 0.000000 0.000000
 1.272500 0.000000 0.000000
 1.275000 0.000000 0.000000
 1.277500 0.000000 0.000000
 1.280000 0.000000 0.000000
 1.282500 0.000000 0.000000
 1.285000 0.000000 0.000000
 1.287500 0.000000 0.000000
 1.290000 0.000000 0.000000
 1.292500 0.000000 0.000000
 1.295000 0.000000 0.000000
 1.297500 0.000000 0.000000
 1.300000 0.000000 0.000000
 1.302500 0.000000 0.000000
 1.305000 0.000000 0.000000
 1.307500 0.000000 0.000000
 1.310000 0.000000 0.000000
 1.312500 0.000000 0.000000
 1.315000 0.000000 0.000000
 1.317500 0.000000 0.000000
 1.320000 0.000000 0.000000
 1.322500 0.000000 0.000000
 1.325000 0.000000 0.000000
 1.327500 0.000000 0.000000
 1.330000 0.000000 0.000000
 1.332500 0.000000 0.000000
 1.335000 0.000000 0.000000
 1.337500 0.000000 0.000000
 1.340000 0.000000 0.000000
 1.342500 0.000000 0.000000
 1.345000 0.000000 0.000000
 1.347500 0.000000 0.000000
 1.350000 0.000000 0.000000
 1.352500 0.000000 0.000000
 1.355000 0.000000 0.000000
 1.357500 0.000000 0.000000
 1.360000 0.000000 0.000000
 1.362500 0.000000 0.000000
 1.365000 0.000000 0.000000
 1.367500 0.000000 0.000000
 1.370000 0.000000 0.000000
 1.372500 0.000000 0.000000
 1.375000 0.000000 0.000000
 1.377500 0.000000 0.000000
 1.380000 0.000000 0.000000
 1.382500 0.000000 0.000000
 1.385000 0.000000 0.000000
 1.387500 0.000000 0.000000
 1.390000 0.000000 0.000000
 1.392500 0.000000 0.000000
 1.395000 0.000000 0.000000
 1.397500 0.000000 0.000000
 1.400000 0.000000 0.000000
 1.402500 0.000000 0.000000
 1.405000 0.000000 0.000000
 1.407500 0.000000 0.000000
 1.410000 0.000000 0.000000
 1.412500 0.000000 0.000000
 1.415000 0.000000 0.000000
 1.417500 0.000000 0.000000
 1.420000 0.000000 0.000000
 1.422500 0.000000 0.000000
 1.425000 0.000000 0.000000
 1.427500 0.000000 0.000000
 1.430000 0.000000 0.000000
 1.432500 0.000000 0.000000
 1.435000 0.000000 0.000000
 1.437500 0.000000 0.000000
 1.440000 0.000000 0.000000
 1.442500 0.000000 0.000000
 1.445000 0.000000 0.000000
 1.447500 0.000000 0.000000
 1.450000 0.000000 0.000000
 1.452500 0.000000 0.000000
 1.455000 0.000000 0.000000
 1.457500 0.000000 0.000000
 1.460000 0.000000 0.000000
 1.462500 0.000000 0.000000
 1.465000 0.000000 0.000000
 1.467500 0.000000 0.000000
 1.470000 0.000000 0.000000
 1.472500 0.000000 0.000000
 1.475000 0.000000 0.000000
 1.477500 0.000000 0.000000
 1.480000 0.000000 0.000000
 1.482500 0.000000 0.000000
 1.485000 0.000000 0.000000
 1.487500 0.000000 0.000000
 1.490000 0.000000 0.000000
 1.492500 0.000000 0.000000
 1.495000 0.000000 0.000000
 1.497500 0.000000 0.000000
 1.500000 0.000000 0.000000
 1.502500 0.000000 0.000000
 1.505000 0.000000 0.000000
 1.507500 0.000000 0.000000
 1.510000 0.000000 0.000000
 1.512500 0.000000 0.000000
 1.515000 0.000000 0.000000
 1.517500 0.000000 0.000000
 1.520000 0.000000 0.000000
 1.522500 0.000000 0.000000
 1.525000 0.000000 0.000000
 1.527500 0.000000 0.000000
 1.530000 0.000000 0.000000
 1.532500 0.000000 0.000000
 1.535000 0.000000 0.000000
 1.537500 0.000000 0.000000
 1.540000 0.000000 0.000000
 1.542500 0.000000 0.000000
 1.545000 0.000000 0.000000
 1.547500 0.000000 0.000000
 1.550000 0.000000 0.000000
 1.552500 0.000000 0.000000
 1.555000 0.000000 0.000000
 1.557500 0.000000 0.000000
 1.560000 0.000000 0.000000
 1.562500 0.000000 0.000000
 1.565000 0.000000 0.000000
 1.567500 0.000000 0.000000
 1.570000 0.000000 0.000000
 1.572500 0.000000 0.000000
 1.575000 0.000000 0.000000
 1.577500 0.000000 0.000000
 1.580000 0.000000 0.000000
 1.582500 0.000000 0.000000
 1.585000 0.000000 0.000000
 1.587500 0.000000 0.000000
 1.590000 0.000000 0.000000
 1.592500 0.000000 0.000000
 1.595000 0.000000 0.000000
 1.597500 0.000000 0.000000
 1.600000 0.000000 0.000000
 1.602500 0.000000 0.000000
 1.605000 0.000000 0.000000
 1.607500 0.000000 0.000000
 1.610000 0.000000 0.000000
 1.612500 0.000000 0.000000
 1.615000 0.000000 0.000000
 1.617500 0.000000 0.000000
 1.620000 0.000000 0.000000
 1.622500 0.000000 0.000000
 1.625000 0.000000 0.000000
 1.627500 0.000000 0.000000
 1.630000 0.000000 0.000000
 1.632500 0.000000 0.000000
 1.635000 0.000000 0.000000
 1.637500 0.000000 0.000000
 1.640000 0.000000 0.000000
 1.642500 0.000000 0.000000
 1.645000 0.000000 0.000000
 1.647500 0.000000 0.000000
 1.650000 0.000000 0.000000
 1.652500 0.000000 0.000000
 1.655000 0.000000 0.000000
 1.657500 0.000000 0.000000
 1.660000 0.000000 0.000000
 1.662500 0.000000 0.000000
 1.665000 0.000000 0.000000
 1.667500 0.000000 0.000000
 1.670000 0.000000 0.000000
 1.672500 0.000000 0.000000
 1.675000 0.000000 0.000000
 1.677500 0.000000 0.000000
 1.680000 0.000000 0.000000
 1.682500 0.000000 0.000000
 1.685000 0.000000 0.000000
 1.687500 0.000000 0.000000
 1.690000 0.000000 0.000000
 1.692500 0.000000 0.000000
 1.695000 0.000000 0.000000
 1.697500 0.000000 0.000000
 1.700000 0.000000 0.000000
 1.702500 0.000000 0.000000
 1.705000 0.000000 0.000000
 1.707500 0.000000 0.000000
 1.710000 0.000000 0.000000
 1.712500 0.000000 0.000000
 1.715000 0.000000 0.000000
 1.717500 0.000000 0.000000
 1.720000 0.000000 0.000000
 1.722500 0.000000 0.000000
 1.725000 0.000000 0.000000
 1.727500 0.000000 0.000000
 1.730000 0.000000 0.000000
 1.732500 0.000000 0.000000
 1.735000 0.000000 0.000000
 1.737500 0.000000 0.000000
 1.740000 0.000000 0.000000
 1.742500 0.000000 0.000000
 1.745000 0.000000 0.000000
 1.747500 0.000000 0.000000
 1.750000 0.000000 0.000000
 1.752500 0.000000 0.000000
 1.755000 0.000000 0.000000
 1.757500 0.000000 0.000000
 1.760000 0.000000 0.000000
 1.762500 0.000000 0.000000
 1.765000 0.000000 0.000000
 1.767500 0.000000 0.000000
 1.770000 0.000000 0.000000
 1.772500 0.000000 0.000000
 1.775000 0.000000 0.000000
 1.777500 0.000000 0.000000
 1.780000 0.000000 0.000000
 1.782500 0.000000 0.000000
 1.785000 0.000000 0.000000
 1.787500 0.000000 0.000000
 1.790000 0.000000 0.000000
 1.792500 0.000000 0.000000
 1.795000 0.000000 0.000000
 1.797500 0.000000 0.000000
 1.800000 0.000000 0.000000
 1.802500 0.000000 0.000000
 1.805000 0.000000 0.000000
 1.807500 0.000000 0.000000
 1.810000 0.000000 0.000000
 1.812500 0.000000 0.000000
 1.815000 0.000000 0.000000
 1.817500 0.000000 0.000000
 1.820000 0.000000 0.000000
 1.822500 0.000000 0.000000
 1.825000 0.000000 0.000000
 1.827500 0.000000 0.000000
 1.830000 0.000000 0.000000
 1.832500 0.000000 0.000000
 1.835000 0.000000 0.000000
 1.837500 0.000000 0.000000
 1.840000 0.000000 0.000000
 1.842500 0.000000 0.000000
 1.845000 0.000000 0.000000
 1.847500 0.000000 0.000000
 1.850000 0.000000 0.000000
 1.852500 0.000000 0.000000
 1.855000 0.000000 0.000000
 1.857500 0.000000 0.000000
 1.860000 0.000000 0.000000
 1.862500 0.000000 0.000000
 1.865000 0.000000 0.000000
 1.867500 0.000000 0.000000
 1.870000 0.000000 0.000000
 1.872500 0.000000 0.000000
 1.875000 0.000000 0.000000
 1.877500 0.000000 0.000000
 1.880000 0.000000 0.000000
 1.882500 0.000000 0.000000
 1.885000 0.000000 0.000000
 1.887500 0.000000 0.000000
 1.890000 0.000000 0.000000
 1.892500 0.000000 0.000000
 1.895000 0.000000 0.000000
 1.897500 0.000000 0.000000
 1.900000 0.000000 0.000000
 1.902500 0.000000 0.000000
 1.905000 0.000000 0.000000
 1.907500 0.000000 0.000000
 1.910000 0.000000 0.000000
 1.912500 0.000000 0.000000
 1.915000 0.000000 0.000000
 1.917500 0.000000 0.000000
 1.920000 0.000000 0.000000
 1.922500 0.000000 0.000000
 1.925000 0.000000 0.000000
 1.927500 0.000000 0.000000
 1.930000 0.000000 0.000000
 1.932500 0.000000 0.000000
 1.935000 0.000000 0.000000
 1.937500 0.000000 0.000000
 1.940000 0.000000 0.000000
 1.942500 0.000000 0.000000
 1.945000 0.000000 0.000000
 1.947500 0.000000 0.000000
 1.950000 0.000000 0.000000
 1.952500 0.000000 0.000000
 1.955000 0.000000 0.000000
 1.957500 0.000000 0.000000
 1.960000 0.000000 0.000000
 1.962500 0.000000 0.000000
 1.965000 0.000000 0.000000
 1.967500 0.000000 0.000000
 1.970000 0.000000 0.000000
 1.972500 0.000000 0.000000
 1.975000 0.000000 0.000000
 1.977500 0.000000 0.000000
 1.980000 0.000000 0.000000
 1.982500 0.000000 0.000000
 1.985000 0.000000 0.000000
 1.987500 0.000000 0.000000
 1.990000 0.000000 0.000000
 1.992500 0.000000 0.000000
 1.995000 0.000000 0.000000
 1.997500 0.000000 0.000000
 2.000000 0.000000 0.000000
