#! FIELDS es hh dhh_es
#! SET normalisation  2000.000000
#! SET min_es -0.5
#! SET max_es 2
#! SET nbins_es  1000
#! SET periodic_es false
 -0.500000 0.000000 0.000000
 -0.497500 0.000000 0.000000
 -0.495000 0.000000 0.000000
 -0.492500 0.000000 0.000000
 -0.490000 0.000000 0.000000
 -0.487500 0.000000 0.000000
 -0.485000 0.000000 0.000000
 -0.482500 0.000000 0.000000
 -0.480000 0.000000 0.000000
 -0.477500 0.000000 0.000000
 -0.475000 0.000000 0.000000
 -0.472500 0.000000 0.000000
 -0.470000 0.000000 0.000000
 -0.467500 0.000000 0.000000
 -0.465000 0.000000 0.000000
 -0.462500 0.000000 0.000000
 -0.460000 0.000000 0.000000
 -0.457500 0.000000 0.000000
 -0.455000 0.000000 0.000000
 -0.452500 0.000000 0.000000
 -0.450000 0.000000 0.000000
 -0.447500 0.000000 0.000000
 -0.445000 0.000000 0.000000
 -0.442500 0.000000 0.000000
 -0.440000 0.000000 0.000000
 -0.437500 0.000000 0.000000
 -0.435000 0.000000 0.000000
 -0.432500 0.000000 0.000000
 -0.430000 0.000000 0.000000
 -0.427500 0.000000 0.000000
 -0.425000 0.000000 0.000000
 -0.422500 0.000000 0.000000
 -0.420000 0.000000 0.000000
 -0.417500 0.000000 0.000000
 -0.415000 0.000000 0.000000
 -0.412500 0.000000 0.000000
 -0.410000 0.000000 0.000000
 -0.407500 0.000000 0.000000
 -0.405000 0.000000 0.000000
 -0.402500 0.000000 0.000000
 -0.400000 0.000000 0.000000
 -0.397500 0.000000 0.000000
 -0.395000 0.000000 0.000000
 -0.392500 0.000000 0.000000
 -0.390000 0.000000 0.000000
 -0.387500 0.000000 0.000000
 -0.385000 0.000000 0.000000
 -0.382500 0.000000 0.000000
 -0.380000 0.000000 0.000000
 -0.377500 0.000000 0.000000
 -0.375000 0.000000 0.000000
 -0.372500 0.000000 0.000000
 -0.370000 0.000000 0.000000
 -0.367500 0.000000 0.000000
 -0.365000 0.000000 0.000000
 -0.362500 0.000000 0.000000
 -0.360000 0.000000 0.000000
 -0.357500 0.000000 0.000000
 -0.355000 0.000000 0.000000
 -0.352500 0.000000 0.000000
 -0.350000 0.000000 0.000000
 -0.347500 0.000000 0.000000
 -0.345000 0.000000 0.000000
 -0.342500 0.000000 0.000000
 -0.340000 0.000000 0.000000
 -0.337500 0.000000 0.000000
 -0.335000 0.000000 0.000000
 -0.332500 0.000000 0.000000
 -0.330000 0.000000 0.000000
 -0.327500 0.000000 0.000000
 -0.325000 0.000000 0.000000
 -0.322500 0.000000 0.000000
 -0.320000 0.000000 0.000000
 -0.317500 0.000000 0.000000
 -0.315000 0.000000 0.000000
 -0.312500 0.000000 0.000000
 -0.310000 0.000000 0.000000
 -0.307500 0.000000 0.000000
 -0.305000 0.000000 0.000000
 -0.302500 0.000000 0.000000
 -0.300000 0.000000 0.000000
 -0.297500 0.000000 0.000000
 -0.295000 0.000000 0.000000
 -0.292500 0.000000 0.000000
 -0.290000 0.000000 0.000000
 -0.287500 0.000000 0.000000
 -0.285000 0.000000 0.000000
 -0.282500 0.000000 0.000000
 -0.280000 0.000000 0.000000
 -0.277500 0.000000 0.000000
 -0.275000 0.000000 0.000000
 -0.272500 0.000000 0.000000
 -0.270000 0.000000 0.000000
 -0.267500 0.000000 0.000000
 -0.265000 0.000000 0.000000
 -0.262500 0.000000 0.000000
 -0.260000 0.000000 0.000000
 -0.257500 0.000000 0.000000
 -0.255000 0.000000 0.000000
 -0.252500 0.000000 0.000000
 -0.250000 0.000000 0.000000
 -0.247500 0.000000 0.000000
 -0.245000 0.000000 0.000000
 -0.242500 0.000000 0.000000
 -0.240000 0.000000 0.000000
 -0.237500 0.000000 0.000000
 -0.235000 0.000000 0.000000
 -0.232500 0.000000 0.000000
 -0.230000 0.000000 0.000000
 -0.227500 0.000000 0.000000
 -0.225000 0.000000 0.000000
 -0.222500 0.000000 0.000000
 -0.220000 0.000000 0.000000
 -0.217500 0.000000 0.000000
 -0.215000 0.000000 0.000000
 -0.212500 0.000000 0.000000
 -0.210000 0.000000 0.000000
 -0.207500 0.000000 0.000000
 -0.205000 0.000000 0.000000
 -0.202500 0.000000 0.000000
 -0.200000 0.000000 0.000000
 -0.197500 0.000000 0.000000
 -0.195000 0.000000 0.000000
 -0.192500 0.000000 0.000000
 -0.190000 0.000000 0.000000
 -0.187500 0.000000 0.000000
 -0.185000 0.000000 0.000000
 -0.182500 0.000000 0.000000
 -0.180000 0.000000 0.000000
 -0.177500 0.000000 0.000000
 -0.175000 0.000000 0.000000
 -0.172500 0.000000 0.000000
 -0.170000 0.000000 0.000000
 -0.167500 0.000000 0.000000
 -0.165000 0.000000 0.000000
 -0.162500 0.000000 0.000000
 -0.160000 0.000000 0.000000
 -0.157500 0.000000 0.000000
 -0.155000 0.000000 0.000000
 -0.152500 0.000000 0.000000
 -0.150000 0.000000 0.000000
 -0.147500 0.000000 0.000000
 -0.145000 0.000000 0.000000
 -0.142500 0.000000 0.000000
 -0.140000 0.000000 0.000000
 -0.137500 0.000000 0.000000
 -0.135000 0.000000 0.000000
 -0.132500 0.000000 0.000000
 -0.130000 0.000000 0.000000
 -0.127500 0.000000 0.000000
 -0.125000 0.000000 0.000000
 -0.122500 0.000000 0.000000
 -0.120000 0.000000 0.000000
 -0.117500 0.000000 0.000000
 -0.115000 0.000000 0.000000
 -0.112500 0.000000 0.000000
 -0.110000 0.000000 0.000000
 -0.107500 0.000000 0.000000
 -0.105000 0.000000 0.000000
 -0.102500 0.000000 0.000000
 -0.100000 0.000000 0.000000
 -0.097500 0.000000 0.000000
 -0.095000 0.000000 0.000000
 -0.092500 0.000000 0.000000
 -0.090000 0.000000 0.000000
 -0.087500 0.000000 0.000000
 -0.085000 0.000000 0.000000
 -0.082500 0.000000 0.000000
 -0.080000 0.000000 0.000000
 -0.077500 0.000000 0.000000
 -0.075000 0.000000 0.000000
 -0.072500 0.000000 0.000000
 -0.070000 0.000000 0.000000
 -0.067500 0.000000 0.000000
 -0.065000 0.000000 0.000000
 -0.062500 0.000000 0.000000
 -0.060000 0.000000 0.000000
 -0.057500 0.000000 0.000000
 -0.055000 0.000000 0.000000
 -0.052500 0.000000 0.000000
 -0.050000 0.000000 0.000000
 -0.047500 0.000000 0.000000
 -0.045000 0.000000 0.000000
 -0.042500 0.000000 0.000000
 -0.040000 0.000000 0.000000
 -0.037500 0.000000 0.000000
 -0.035000 0.000000 0.000000
 -0.032500 0.000000 0.000000
 -0.030000 0.000000 0.000000
 -0.027500 0.000000 0.000000
 -0.025000 0.000000 0.000000
 -0.022500 0.000000 0.000000
 -0.020000 0.000000 0.000000
 -0.017500 0.000000 0.000000
 -0.015000 0.000000 0.000000
 -0.012500 0.000000 0.000026
 -0.010000 0.000000 0.000133
 -0.007500 0.000001 0.000388
 -0.005000 0.000003 0.000920
 -0.002500 0.000007 0.002176
 0.000000 0.000016 0.004745
 0.002500 0.000034 0.009691
 0.005000 0.000069 0.018583
 0.007500 0.000135 0.034198
 0.010000 0.000253 0.060085
 0.012500 0.000452 0.100963
 0.015000 0.000782 0.163889
 0.017500 0.001304 0.256319
 0.020000 0.002106 0.387822
 0.022500 0.003296 0.568191
 0.025000 0.005012 0.808412
 0.027500 0.007418 1.120106
 0.030000 0.010703 1.513789
 0.032500 0.015091 2.002675
 0.035000 0.020834 2.599222
 0.037500 0.028221 3.317797
 0.040000 0.037572 4.170769
 0.042500 0.049238 5.167927
 0.045000 0.063581 6.310056
 0.047500 0.080955 7.589435
 0.050000 0.101686 8.988116
 0.052500 0.126041 10.480982
 0.055000 0.154220 12.039966
 0.057500 0.186354 13.641246
 0.060000 0.222532 15.272329
 0.062500 0.262831 16.934395
 0.065000 0.307335 18.635994
 0.067500 0.356154 20.388184
 0.070000 0.409426 22.195081
 0.072500 0.467277 24.044300
 0.075000 0.529775 25.901982
 0.077500 0.596870 27.712117
 0.080000 0.668369 29.411140
 0.082500 0.743911 30.935378
 0.085000 0.822996 32.237949
 0.087500 0.905033 33.294410
 0.090000 0.989407 34.106631
 0.092500 1.075528 34.698120
 0.095000 1.162880 35.099087
 0.097500 1.251042 35.350783
 0.100000 1.339679 35.484112
 0.102500 1.428527 35.525166
 0.105000 1.517383 35.493737
 0.107500 1.606076 35.396131
 0.110000 1.694448 35.241709
 0.112500 1.782367 35.035778
 0.115000 1.869709 34.787203
 0.117500 1.956391 34.510627
 0.120000 2.042346 34.216128
 0.122500 2.127538 33.905902
 0.125000 2.211929 33.575564
 0.127500 2.295443 33.204207
 0.130000 2.377934 32.754095
 0.132500 2.459146 32.174162
 0.135000 2.538679 31.408495
 0.137500 2.616011 30.415355
 0.140000 2.690537 29.175578
 0.142500 2.761671 27.712853
 0.145000 2.828941 26.101660
 0.147500 2.892110 24.457707
 0.150000 2.951255 22.911552
 0.152500 3.006761 21.568511
 0.155000 3.059233 20.487937
 0.157500 3.109305 19.656181
 0.160000 3.157540 18.997784
 0.162500 3.204219 18.404760
 0.165000 3.249382 17.773213
 0.167500 3.292859 17.053383
 0.170000 3.334405 16.242898
 0.172500 3.373853 15.386116
 0.175000 3.411153 14.542896
 0.177500 3.446396 13.744130
 0.180000 3.479687 12.981846
 0.182500 3.511072 12.227283
 0.185000 3.540538 11.444125
 0.187500 3.568018 10.643198
 0.190000 3.593506 9.868534
 0.192500 3.617170 9.194613
 0.195000 3.639343 8.696847
 0.197500 3.660507 8.380869
 0.200000 3.681082 8.214873
 0.202500 3.701317 8.098092
 0.205000 3.721196 7.923432
 0.207500 3.740470 7.600529
 0.210000 3.758695 7.090585
 0.212500 3.775409 6.389217
 0.215000 3.790161 5.531202
 0.217500 3.802595 4.537085
 0.220000 3.812394 3.431287
 0.222500 3.819303 2.233331
 0.225000 3.823121 0.969624
 0.227500 3.823758 -0.294740
 0.230000 3.821302 -1.486443
 0.232500 3.816051 -2.508241
 0.235000 3.808540 -3.304957
 0.237500 3.799344 -3.844551
 0.240000 3.789070 -4.177884
 0.242500 3.778137 -4.397797
 0.245000 3.766644 -4.625000
 0.247500 3.754439 -4.990278
 0.250000 3.741060 -5.577853
 0.252500 3.725888 -6.416559
 0.255000 3.708334 -7.476567
 0.257500 3.687929 -8.677028
 0.260000 3.664459 -9.908353
 0.262500 3.637986 -11.063319
 0.265000 3.608795 -12.057093
 0.267500 3.577375 -12.853030
 0.270000 3.544225 -13.447437
 0.272500 3.509798 -13.877253
 0.275000 3.474450 -14.199494
 0.277500 3.438357 -14.474890
 0.280000 3.401570 -14.768283
 0.282500 3.363994 -15.109852
 0.285000 3.325493 -15.504306
 0.287500 3.285950 -15.939418
 0.290000 3.245302 -16.382200
 0.292500 3.203569 -16.794160
 0.295000 3.160875 -17.155183
 0.297500 3.117349 -17.458558
 0.300000 3.073123 -17.715353
 0.302500 3.028303 -17.945125
 0.305000 2.982916 -18.156319
 0.307500 2.937023 -18.369997
 0.310000 2.890600 -18.576812
 0.312500 2.843658 -18.784054
 0.315000 2.796189 -19.002919
 0.317500 2.748155 -19.243497
 0.320000 2.699473 -19.517122
 0.322500 2.650074 -19.829005
 0.325000 2.599866 -20.154208
 0.327500 2.548862 -20.453951
 0.330000 2.497197 -20.679410
 0.332500 2.445132 -20.767141
 0.335000 2.393073 -20.674648
 0.337500 2.341496 -20.383070
 0.340000 2.290880 -19.904395
 0.342500 2.241652 -19.293490
 0.345000 2.194051 -18.608625
 0.347500 2.148176 -17.930780
 0.350000 2.103934 -17.326006
 0.352500 2.061059 -16.837109
 0.355000 2.019223 -16.499204
 0.357500 1.978031 -16.323262
 0.360000 1.937101 -16.294946
 0.362500 1.896084 -16.378578
 0.365000 1.854772 -16.526335
 0.367500 1.813095 -16.665643
 0.370000 1.771158 -16.721292
 0.372500 1.729257 -16.628129
 0.375000 1.687815 -16.359599
 0.377500 1.647269 -15.920668
 0.380000 1.607986 -15.363928
 0.382500 1.570163 -14.772737
 0.385000 1.533768 -14.229494
 0.387500 1.498603 -13.801660
 0.390000 1.464338 -13.510995
 0.392500 1.430648 -13.341082
 0.395000 1.397282 -13.244061
 0.397500 1.364125 -13.168470
 0.400000 1.331175 -13.070650
 0.402500 1.298527 -12.932431
 0.405000 1.266284 -12.747168
 0.407500 1.234549 -12.532576
 0.410000 1.203376 -12.303360
 0.412500 1.172776 -12.076122
 0.415000 1.142734 -11.863726
 0.417500 1.113209 -11.668536
 0.420000 1.084152 -11.488032
 0.422500 1.055541 -11.314951
 0.425000 1.027368 -11.131833
 0.427500 0.999681 -10.921907
 0.430000 0.972572 -10.671373
 0.432500 0.946155 -10.369830
 0.435000 0.920559 -10.021225
 0.437500 0.895878 -9.639991
 0.440000 0.872160 -9.256259
 0.442500 0.849384 -8.897355
 0.445000 0.827450 -8.581224
 0.447500 0.806244 -8.323753
 0.450000 0.785614 -8.118045
 0.452500 0.765447 -7.956941
 0.455000 0.745635 -7.828244
 0.457500 0.726112 -7.727776
 0.460000 0.706812 -7.652034
 0.462500 0.687678 -7.597017
 0.465000 0.668668 -7.553199
 0.467500 0.649769 -7.505422
 0.470000 0.631016 -7.431186
 0.472500 0.612508 -7.311416
 0.475000 0.594374 -7.132522
 0.477500 0.576764 -6.897675
 0.480000 0.559796 -6.623591
 0.482500 0.543530 -6.338391
 0.485000 0.527956 -6.076569
 0.487500 0.512984 -5.861996
 0.490000 0.498476 -5.710711
 0.492500 0.484266 -5.623205
 0.495000 0.470203 -5.591064
 0.497500 0.456170 -5.597474
 0.500000 0.442096 -5.619739
 0.502500 0.427979 -5.629483
 0.505000 0.413881 -5.598785
 0.507500 0.399936 -5.505818
 0.510000 0.386312 -5.342970
 0.512500 0.373180 -5.115838
 0.515000 0.360676 -4.848787
 0.517500 0.348860 -4.575231
 0.520000 0.337699 -4.327562
 0.522500 0.327095 -4.134891
 0.525000 0.316890 -4.008042
 0.527500 0.306928 -3.939196
 0.530000 0.297086 -3.907585
 0.532500 0.287307 -3.885703
 0.535000 0.277605 -3.843334
 0.537500 0.268055 -3.761141
 0.540000 0.258772 -3.629397
 0.542500 0.249875 -3.454070
 0.545000 0.241458 -3.251669
 0.547500 0.233561 -3.043609
 0.550000 0.226170 -2.850760
 0.552500 0.219224 -2.691319
 0.555000 0.212624 -2.575694
 0.557500 0.206256 -2.504598
 0.560000 0.200016 -2.472329
 0.562500 0.193825 -2.464668
 0.565000 0.187636 -2.466157
 0.567500 0.181450 -2.461818
 0.570000 0.175298 -2.439594
 0.572500 0.169232 -2.391816
 0.575000 0.163316 -2.318296
 0.577500 0.157613 -2.224753
 0.580000 0.152168 -2.114392
 0.582500 0.147016 -1.993209
 0.585000 0.142174 -1.864319
 0.587500 0.137657 -1.735759
 0.590000 0.133456 -1.614887
 0.592500 0.129537 -1.511060
 0.595000 0.125845 -1.435469
 0.597500 0.122298 -1.395004
 0.600000 0.118809 -1.388922
 0.602500 0.115303 -1.409035
 0.605000 0.111729 -1.437901
 0.607500 0.108090 -1.459562
 0.610000 0.104422 -1.460836
 0.612500 0.100783 -1.435811
 0.615000 0.097237 -1.389348
 0.617500 0.093824 -1.330409
 0.620000 0.090562 -1.269951
 0.622500 0.087444 -1.217085
 0.625000 0.084447 -1.174701
 0.627500 0.081544 -1.141649
 0.630000 0.078715 -1.113277
 0.632500 0.075957 -1.085781
 0.635000 0.073272 -1.053472
 0.637500 0.070677 -1.013746
 0.640000 0.068191 -0.964651
 0.642500 0.065839 -0.908858
 0.645000 0.063632 -0.850155
 0.647500 0.061568 -0.795182
 0.650000 0.059631 -0.750736
 0.652500 0.057785 -0.722521
 0.655000 0.055989 -0.712517
 0.657500 0.054198 -0.717139
 0.660000 0.052383 -0.729736
 0.662500 0.050534 -0.743025
 0.665000 0.048660 -0.750222
 0.667500 0.046779 -0.747637
 0.670000 0.044917 -0.736220
 0.672500 0.043091 -0.718285
 0.675000 0.041315 -0.698917
 0.677500 0.039586 -0.680115
 0.680000 0.037901 -0.663556
 0.682500 0.036255 -0.649449
 0.685000 0.034642 -0.636962
 0.687500 0.033060 -0.626096
 0.690000 0.031501 -0.617023
 0.692500 0.029963 -0.610765
 0.695000 0.028437 -0.606488
 0.697500 0.026921 -0.601836
 0.700000 0.025421 -0.594330
 0.702500 0.023948 -0.579159
 0.705000 0.022527 -0.553575
 0.707500 0.021183 -0.515845
 0.710000 0.019949 -0.467804
 0.712500 0.018844 -0.412294
 0.715000 0.017883 -0.353644
 0.717500 0.017069 -0.295930
 0.720000 0.016394 -0.242652
 0.722500 0.015843 -0.196058
 0.725000 0.015401 -0.157982
 0.727500 0.015042 -0.128845
 0.730000 0.014743 -0.110625
 0.732500 0.014473 -0.105456
 0.735000 0.014199 -0.114415
 0.737500 0.013885 -0.136990
 0.740000 0.013501 -0.170405
 0.742500 0.013026 -0.207930
 0.745000 0.012460 -0.242095
 0.747500 0.011822 -0.265921
 0.750000 0.011141 -0.274588
 0.752500 0.010458 -0.268162
 0.755000 0.009809 -0.249070
 0.757500 0.009217 -0.222251
 0.760000 0.008697 -0.192867
 0.762500 0.008249 -0.165188
 0.765000 0.007866 -0.141126
 0.767500 0.007537 -0.121757
 0.770000 0.007250 -0.107277
 0.772500 0.006995 -0.097224
 0.775000 0.006758 -0.092022
 0.777500 0.006528 -0.091634
 0.780000 0.006293 -0.096032
 0.782500 0.006041 -0.104629
 0.785000 0.005765 -0.115606
 0.787500 0.005462 -0.126547
 0.790000 0.005133 -0.134894
 0.792500 0.004790 -0.137971
 0.795000 0.004448 -0.134065
 0.797500 0.004125 -0.122474
 0.800000 0.003840 -0.104084
 0.802500 0.003608 -0.080487
 0.805000 0.003438 -0.054503
 0.807500 0.003333 -0.029662
 0.810000 0.003286 -0.008976
 0.812500 0.003281 0.004731
 0.815000 0.003301 0.009665
 0.817500 0.003320 0.005076
 0.820000 0.003318 -0.008078
 0.822500 0.003275 -0.026983
 0.825000 0.003180 -0.048269
 0.827500 0.003034 -0.067830
 0.830000 0.002844 -0.082481
 0.832500 0.002626 -0.090091
 0.835000 0.002399 -0.090744
 0.837500 0.002177 -0.085758
 0.840000 0.001972 -0.077269
 0.842500 0.001791 -0.067417
 0.845000 0.001635 -0.058018
 0.847500 0.001500 -0.050053
 0.850000 0.001382 -0.044277
 0.852500 0.001276 -0.040723
 0.855000 0.001176 -0.038985
 0.857500 0.001079 -0.038375
 0.860000 0.000984 -0.038029
 0.862500 0.000889 -0.036778
 0.865000 0.000800 -0.034224
 0.867500 0.000719 -0.030067
 0.870000 0.000650 -0.024713
 0.872500 0.000595 -0.019123
 0.875000 0.000553 -0.014419
 0.877500 0.000521 -0.011331
 0.880000 0.000494 -0.010422
 0.882500 0.000467 -0.011118
 0.885000 0.000438 -0.012494
 0.887500 0.000405 -0.013595
 0.890000 0.000371 -0.013494
 0.892500 0.000339 -0.011895
 0.895000 0.000312 -0.009179
 0.897500 0.000293 -0.006046
 0.900000 0.000281 -0.003465
 0.902500 0.000274 -0.002084
 0.905000 0.000269 -0.002169
 0.907500 0.000262 -0.003619
 0.910000 0.000250 -0.006009
 0.912500 0.000232 -0.008652
 0.915000 0.000207 -0.010938
 0.917500 0.000178 -0.012385
 0.920000 0.000146 -0.012814
 0.922500 0.000115 -0.012241
 0.925000 0.000086 -0.010811
 0.927500 0.000061 -0.008938
 0.930000 0.000041 -0.006897
 0.932500 0.000026 -0.004978
 0.935000 0.000016 -0.003364
 0.937500 0.000009 -0.002130
 0.940000 0.000005 -0.001237
 0.942500 0.000002 -0.000692
 0.945000 0.000001 -0.000362
 0.947500 0.000001 -0.000163
 0.950000 0.000000 -0.000076
 0.952500 0.000000 -0.000033
 0.955000 0.000000 0.000000
 0.957500 0.000000 0.000000
 0.960000 0.000000 0.000000
 0.962500 0.000000 0.000000
 0.965000 0.000000 0.000000
 0.967500 0.000000 0.000000
 0.970000 0.000000 0.000000
 0.972500 0.000000 0.000000
 0.975000 0.000000 0.000000
 0.977500 0.000000 0.000000
 0.980000 0.000000 0.000000
 0.982500 0.000000 0.000000
 0.985000 0.000000 0.000000
 0.987500 0.000000 0.000000
 0.990000 0.000000 0.000000
 0.992500 0.000000 0.000000
 0.995000 0.000000 0.000000
 0.997500 0.000000 0.000000
 1.000000 0.000000 0.000000
 1.002500 0.000000 0.000000
 1.005000 0.000000 0.000000
 1.007500 0.000000 0.000000
 1.010000 0.000000 0.000000
 1.012500 0.000000 0.000000
 1.015000 0.000000 0.000000
 1.017500 0.000000 0.000000
 1.020000 0.000000 0.000000
 1.022500 0.000000 0.000000
 1.025000 0.000000 0.000000
 1.027500 0.000000 0.000000
 1.030000 0.000000 0.000000
 1.032500 0.000000 0.000000
 1.035000 0.000000 0.000000
 1.037500 0.000000 0.000000
 1.040000 0.000000 0.000000
 1.042500 0.000000 0.000000
 1.045000 0.000000 0.000000
 1.047500 0.000000 0.000000
 1.050000 0.000000 0.000000
 1.052500 0.000000 0.000000
 1.055000 0.000000 0.000000
 1.057500 0.000000 0.000000
 1.060000 0.000000 0.000000
 1.062500 0.000000 0.000000
 1.065000 0.000000 0.000000
 1.067500 0.000000 0.000000
 1.070000 0.000000 0.000000
 1.072500 0.000000 0.000000
 1.075000 0.000000 0.000000
 1.077500 0.000000 0.000000
 1.080000 0.000000 0.000000
 1.082500 0.000000 0.000000
 1.085000 0.000000 0.000000
 1.087500 0.000000 0.000000
 1.090000 0.000000 0.000000
 1.092500 0.000000 0.000000
 1.095000 0.000000 0.000000
 1.097500 0.000000 0.000000
 1.100000 0.000000 0.000000
 1.102500 0.000000 0.000000
 1.105000 0.000000 0.000000
 1.107500 0.000000 0.000000
 1.110000 0.000000 0.000000
 1.112500 0.000000 0.000000
 1.115000 0.000000 0.000000
 1.117500 0.000000 0.000000
 1.120000 0.000000 0.000000
 1.122500 0.000000 0.000000
 1.125000 0.000000 0.000000
 1.127500 0.000000 0.000000
 1.130000 0.000000 0.000000
 1.132500 0.000000 0.000000
 1.135000 0.000000 0.000000
 1.137500 0.000000 0.000000
 1.140000 0.000000 0.000000
 1.142500 0.000000 0.000000
 1.145000 0.000000 0.000000
 1.147500 0.000000 0.000000
 1.150000 0.000000 0.000000
 1.152500 0.000000 0.000000
 1.155000 0.000000 0.000000
 1.157500 0.000000 0.000000
 1.160000 0.000000 0.000000
 1.162500 0.000000 0.000000
 1.165000 0.000000 0.000000
 1.167500 0.000000 0.000000
 1.170000 0.000000 0.000000
 1.172500 0.000000 0.000000
 1.175000 0.000000 0.000000
 1.177500 0.000000 0.000000
 1.180000 0.000000 0.000000
 1.182500 0.000000 0.000000
 1.185000 0.000000 0.000000
 1.187500 0.000000 0.000000
 1.190000 0.000000 0.000000
 1.192500 0.000000 0.000000
 1.195000 0.000000 0.000000
 1.197500 0.000000 0.000000
 1.200000 0.000000 0.000000
 1.202500 0.000000 0.000000
 1.205000 0.000000 0.000000
 1.207500 0.000000 0.000000
 1.210000 0.000000 0.000000
 1.212500 0.000000 0.000000
 1.215000 0.000000 0.000000
 1.217500 0.000000 0.000000
 1.220000 0.000000 0.000000
 1.222500 0.000000 0.000000
 1.225000 0.000000 0.000000
 1.227500 0.000000 0.000000
 1.230000 0.000000 0.000000
 1.232500 0.000000 0.000000
 1.235000 0.000000 0.000000
 1.237500 0.000000 0.000000
 1.240000 0.000000 0.000000
 1.242500 0.000000 0.000000
 1.245000 0.000000 0.000000
 1.247500 0.000000 0.000000
 1.250000 0.000000 0.000000
 1.252500 0.000000 0.000000
 1.255000 0.000000 0.000000
 1.257500 0.000000 0.000000
 1.260000 0.000000 0.000000
 1.262500 0.000000 0.000000
 1.265000 0.000000 0.000000
 1.267500 0.000000 0.000000
 1.270000 0.000000 0.000000
 1.272500 0.000000 0.000000
 1.275000 0.000000 0.000000
 1.277500 0.000000 0.000000
 1.280000 0.000000 0.000000
 1.282500 0.000000 0.000000
 1.285000 0.000000 0.000000
 1.287500 0.000000 0.000000
 1.290000 0.000000 0.000000
 1.292500 0.000000 0.000000
 1.295000 0.000000 0.000000
 1.297500 0.000000 0.000000
 1.300000 0.000000 0.000000
 1.302500 0.000000 0.000000
 1.305000 0.000000 0.000000
 1.307500 0.000000 0.000000
 1.310000 0.000000 0.000000
 1.312500 0.000000 0.000000
 1.315000 0.000000 0.000000
 1.317500 0.000000 0.000000
 1.320000 0.000000 0.000000
 1.322500 0.000000 0.000000
 1.325000 0.000000 0.000000
 1.327500 0.000000 0.000000
 1.330000 0.000000 0.000000
 1.332500 0.000000 0.000000
 1.335000 0.000000 0.000000
 1.337500 0.000000 0.000000
 1.340000 0.000000 0.000000
 1.342500 0.000000 0.000000
 1.345000 0.000000 0.000000
 1.347500 0.000000 0.000000
 1.350000 0.000000 0.000000
 1.352500 0.000000 0.000000
 1.355000 0.000000 0.000000
 1.357500 0.000000 0.000000
 1.360000 0.000000 0.000000
 1.362500 0.000000 0.000000
 1.365000 0.000000 0.000000
 1.367500 0.000000 0.000000
 1.370000 0.000000 0.000000
 1.372500 0.000000 0.000000
 1.375000 0.000000 0.000000
 1.377500 0.000000 0.000000
 1.380000 0.000000 0.000000
 1.382500 0.000000 0.000000
 1.385000 0.000000 0.000000
 1.387500 0.000000 0.000000
 1.390000 0.000000 0.000000
 1.392500 0.000000 0.000000
 1.395000 0.000000 0.000000
 1.397500 0.000000 0.000000
 1.400000 0.000000 0.000000
 1.402500 0.000000 0.000000
 1.405000 0.000000 0.000000
 1.407500 0.000000 0.000000
 1.410000 0.000000 0.000000
 1.412500 0.000000 0.000000
 1.415000 0.000000 0.000000
 1.417500 0.000000 0.000000
 1.420000 0.000000 0.000000
 1.422500 0.000000 0.000000
 1.425000 0.000000 0.000000
 1.427500 0.000000 0.000000
 1.430000 0.000000 0.000000
 1.432500 0.000000 0.000000
 1.435000 0.000000 0.000000
 1.437500 0.000000 0.000000
 1.440000 0.000000 0.000000
 1.442500 0.000000 0.000000
 1.445000 0.000000 0.000000
 1.447500 0.000000 0.000000
 1.450000 0.000000 0.000000
 1.452500 0.000000 0.000000
 1.455000 0.000000 0.000000
 1.457500 0.000000 0.000000
 1.460000 0.000000 0.000000
 1.462500 0.000000 0.000000
 1.465000 0.000000 0.000000
 1.467500 0.000000 0.000000
 1.470000 0.000000 0.000000
 1.472500 0.000000 0.000000
 1.475000 0.000000 0.000000
 1.477500 0.000000 0.000000
 1.480000 0.000000 0.000000
 1.482500 0.000000 0.000000
 1.485000 0.000000 0.000000
 1.487500 0.000000 0.000000
 1.490000 0.000000 0.000000
 1.492500 0.000000 0.000000
 1.495000 0.000000 0.000000
 1.497500 0.000000 0.000000
 1.500000 0.000000 0.000000
 1.502500 0.000000 0.000000
 1.505000 0.000000 0.000000
 1.507500 0.000000 0.000000
 1.510000 0.000000 0.000000
 1.512500 0.000000 0.000000
 1.515000 0.000000 0.000000
 1.517500 0.000000 0.000000
 1.520000 0.000000 0.000000
 1.522500 0.000000 0.000000
 1.525000 0.000000 0.000000
 1.527500 0.000000 0.000000
 1.530000 0.000000 0.000000
 1.532500 0.000000 0.000000
 1.535000 0.000000 0.000000
 1.537500 0.000000 0.000000
 1.540000 0.000000 0.000000
 1.542500 0.000000 0.000000
 1.545000 0.000000 0.000000
 1.547500 0.000000 0.000000
 1.550000 0.000000 0.000000
 1.552500 0.000000 0.000000
 1.555000 0.000000 0.000000
 1.557500 0.000000 0.000000
 1.560000 0.000000 0.000000
 1.562500 0.000000 0.000000
 1.565000 0.000000 0.000000
 1.567500 0.000000 0.000000
 1.570000 0.000000 0.000000
 1.572500 0.000000 0.000000
 1.575000 0.000000 0.000000
 1.577500 0.000000 0.000000
 1.580000 0.000000 0.000000
 1.582500 0.000000 0.000000
 1.585000 0.000000 0.000000
 1.587500 0.000000 0.000000
 1.590000 0.000000 0.000000
 1.592500 0.000000 0.000000
 1.595000 0.000000 0.000000
 1.597500 0.000000 0.000000
 1.600000 0.000000 0.000000
 1.602500 0.000000 0.000000
 1.605000 0.000000 0.000000
 1.607500 0.000000 0.000000
 1.610000 0.000000 0.000000
 1.612500 0.000000 0.000000
 1.615000 0.000000 0.000000
 1.617500 0.000000 0.000000
 1.620000 0.000000 0.000000
 1.622500 0.000000 0.000000
 1.625000 0.000000 0.000000
 1.627500 0.000000 0.000000
 1.630000 0.000000 0.000000
 1.632500 0.000000 0.000000
 1.635000 0.000000 0.000000
 1.637500 0.000000 0.000000
 1.640000 0.000000 0.000000
 1.642500 0.000000 0.000000
 1.645000 0.000000 0.000000
 1.647500 0.000000 0.000000
 1.650000 0.000000 0.000000
 1.652500 0.000000 0.000000
 1.655000 0.000000 0.000000
 1.657500 0.000000 0.000000
 1.660000 0.000000 0.000000
 1.662500 0.000000 0.000000
 1.665000 0.000000 0.000000
 1.667500 0.000000 0.000000
 1.670000 0.000000 0.000000
 1.672500 0.000000 0.000000
 1.675000 0.000000 0.000000
 1.677500 0.000000 0.000000
 1.680000 0.000000 0.000000
 1.682500 0.000000 0.000000
 1.685000 0.000000 0.000000
 1.687500 0.000000 0.000000
 1.690000 0.000000 0.000000
 1.692500 0.000000 0.000000
 1.695000 0.000000 0.000000
 1.697500 0.000000 0.000000
 1.700000 0.000000 0.000000
 1.702500 0.000000 0.000000
 1.705000 0.000000 0.000000
 1.707500 0.000000 0.000000
 1.710000 0.000000 0.000000
 1.712500 0.000000 0.000000
 1.715000 0.000000 0.000000
 1.717500 0.000000 0.000000
 1.720000 0.000000 0.000000
 1.722500 0.000000 0.000000
 1.725000 0.000000 0.000000
 1.727500 0.000000 0.000000
 1.730000 0.000000 0.000000
 1.732500 0.000000 0.000000
 1.735000 0.000000 0.000000
 1.737500 0.000000 0.000000
 1.740000 0.000000 0.000000
 1.742500 0.000000 0.000000
 1.745000 0.000000 0.000000
 1.747500 0.000000 0.000000
 1.750000 0.000000 0.000000
 1.752500 0.000000 0.000000
 1.755000 0.000000 0.000000
 1.757500 0.000000 0.000000
 1.760000 0.000000 0.000000
 1.762500 0.000000 0.000000
 1.765000 0.000000 0.000000
 1.767500 0.000000 0.000000
 1.770000 0.000000 0.000000
 1.772500 0.000000 0.000000
 1.775000 0.000000 0.000000
 1.777500 0.000000 0.000000
 1.780000 0.000000 0.000000
 1.782500 0.000000 0.000000
 1.785000 0.000000 0.000000
 1.787500 0.000000 0.000000
 1.790000 0.000000 0.000000
 1.792500 0.000000 0.000000
 1.795000 0.000000 0.000000
 1.797500 0.000000 0.000000
 1.800000 0.000000 0.000000
 1.802500 0.000000 0.000000
 1.805000 0.000000 0.000000
 1.807500 0.000000 0.000000
 1.810000 0.000000 0.000000
 1.812500 0.000000 0.000000
 1.815000 0.000000 0.000000
 1.817500 0.000000 0.000000
 1.820000 0.000000 0.000000
 1.822500 0.000000 0.000000
 1.825000 0.000000 0.000000
 1.827500 0.000000 0.000000
 1.830000 0.000000 0.000000
 1.832500 0.000000 0.000000
 1.835000 0.000000 0.000000
 1.837500 0.000000 0.000000
 1.840000 0.000000 0.000000
 1.842500 0.000000 0.000000
 1.845000 0.000000 0.000000
 1.847500 0.000000 0.000000
 1.850000 0.000000 0.000000
 1.852500 0.000000 0.000000
 1.855000 0.000000 0.000000
 1.857500 0.000000 0.000000
 1.860000 0.000000 0.000000
 1.862500 0.000000 0.000000
 1.865000 0.000000 0.000000
 1.867500 0.000000 0.000000
 1.870000 0.000000 0.000000
 1.872500 0.000000 0.000000
 1.875000 0.000000 0.000000
 1.877500 0.000000 0.000000
 1.880000 0.000000 0.000000
 1.882500 0.000000 0.000000
 1.885000 0.000000 0.000000
 1.887500 0.000000 0.000000
 1.890000 0.000000 0.000000
 1.892500 0.000000 0.000000
 1.895000 0.000000 0.000000
 1.897500 0.000000 0.000000
 1.900000 0.000000 0.000000
 1.902500 0.000000 0.000000
 1.905000 0.000000 0.000000
 1.907500 0.000000 0.000000
 1.910000 0.000000 0.000000
 1.912500 0.000000 0.000000
 1.915000 0.000000 0.000000
 1.917500 0.000000 0.000000
 1.920000 0.000000 0.000000
 1.922500 0.000000 0.000000
 1.925000 0.000000 0.000000
 1.927500 0.000000 0.000000
 1.930000 0.000000 0.000000
 1.932500 0.000000 0.000000
 1.935000 0.000000 0.000000
 1.937500 0.000000 0.000000
 1.940000 0.000000 0.000000
 1.942500 0.000000 0.000000
 1.945000 0.000000 0.000000
 1.947500 0.000000 0.000000
 1.950000 0.000000 0.000000
 1.952500 0.000000 0.000000
 1.955000 0.000000 0.000000
 1.957500 0.000000 0.000000
 1.960000 0.000000 0.000000
 1.962500 0.000000 0.000000
 1.965000 0.000000 0.000000
 1.967500 0.000000 0.000000
 1.970000 0.000000 0.000000
 1.972500 0.000000 0.000000
 1.975000 0.000000 0.000000
 1.977500 0.000000 0.000000
 1.980000 0.000000 0.000000
 1.982500 0.000000 0.000000
 1.985000 0.000000 0.000000
 1.987500 0.000000 0.000000
 1.990000 0.000000 0.000000
 1.992500 0.000000 0.000000
 1.995000 0.000000 0.000000
 1.997500 0.000000 0.000000
 2.000000 0.000000 0.000000
