#! FIELDS es hh dhh_es
#! SET normalisation  2000.000000
#! SET min_es -0.5
#! SET max_es 2
#! SET nbins_es  1000
#! SET periodic_es false
 -0.500000 0.000000 0.000000
 -0.497500 0.000000 0.000000
 -0.495000 0.000000 0.000000
 -0.492500 0.000000 0.000000
 -0.490000 0.000000 0.000000
 -0.487500 0.000000 0.000000
 -0.485000 0.000000 0.000000
 -0.482500 0.000000 0.000000
 -0.480000 0.000000 0.000000
 -0.477500 0.000000 0.000000
 -0.475000 0.000000 0.000000
 -0.472500 0.000000 0.000000
 -0.470000 0.000000 0.000000
 -0.467500 0.000000 0.000000
 -0.465000 0.000000 0.000000
 -0.462500 0.000000 0.000000
 -0.460000 0.000000 0.000000
 -0.457500 0.000000 0.000000
 -0.455000 0.000000 0.000000
 -0.452500 0.000000 0.000000
 -0.450000 0.000000 0.000000
 -0.447500 0.000000 0.000000
 -0.445000 0.000000 0.000000
 -0.442500 0.000000 0.000000
 -0.440000 0.000000 0.000000
 -0.437500 0.000000 0.000000
 -0.435000 0.000000 0.000000
 -0.432500 0.000000 0.000000
 -0.430000 0.000000 0.000000
 -0.427500 0.000000 0.000000
 -0.425000 0.000000 0.000000
 -0.422500 0.000000 0.000000
 -0.420000 0.000000 0.000000
 -0.417500 0.000000 0.000000
 -0.415000 0.000000 0.000000
 -0.412500 0.000000 0.000000
 -0.410000 0.000000 0.000000
 -0.407500 0.000000 0.000000
 -0.405000 0.000000 0.000000
 -0.402500 0.000000 0.000000
 -0.400000 0.000000 0.000000
 -0.397500 0.000000 0.000000
 -0.395000 0.000000 0.000000
 -0.392500 0.000000 0.000000
 -0.390000 0.000000 0.000000
 -0.387500 0.000000 0.000000
 -0.385000 0.000000 0.000000
 -0.382500 0.000000 0.000000
 -0.380000 0.000000 0.000000
 -0.377500 0.000000 0.000000
 -0.375000 0.000000 0.000000
 -0.372500 0.000000 0.000000
 -0.370000 0.000000 0.000000
 -0.367500 0.000000 0.000000
 -0.365000 0.000000 0.000000
 -0.362500 0.000000 0.000000
 -0.360000 0.000000 0.000000
 -0.357500 0.000000 0.000000
 -0.355000 0.000000 0.000000
 -0.352500 0.000000 0.000000
 -0.350000 0.000000 0.000000
 -0.347500 0.000000 0.000000
 -0.345000 0.000000 0.000000
 -0.342500 0.000000 0.000000
 -0.340000 0.000000 0.000000
 -0.337500 0.000000 0.000000
 -0.335000 0.000000 0.000000
 -0.332500 0.000000 0.000000
 -0.330000 0.000000 0.000000
 -0.327500 0.000000 0.000000
 -0.325000 0.000000 0.000000
 -0.322500 0.000000 0.000000
 -0.320000 0.000000 0.000000
 -0.317500 0.000000 0.000000
 -0.315000 0.000000 0.000000
 -0.312500 0.000000 0.000000
 -0.310000 0.000000 0.000000
 -0.307500 0.000000 0.000000
 -0.305000 0.000000 0.000000
 -0.302500 0.000000 0.000000
 -0.300000 0.000000 0.000000
 -0.297500 0.000000 0.000000
 -0.295000 0.000000 0.000000
 -0.292500 0.000000 0.000000
 -0.290000 0.000000 0.000000
 -0.287500 0.000000 0.000000
 -0.285000 0.000000 0.000000
 -0.282500 0.000000 0.000000
 -0.280000 0.000000 0.000000
 -0.277500 0.000000 0.000000
 -0.275000 0.000000 0.000000
 -0.272500 0.000000 0.000000
 -0.270000 0.000000 0.000000
 -0.267500 0.000000 0.000000
 -0.265000 0.000000 0.000000
 -0.262500 0.000000 0.000000
 -0.260000 0.000000 0.000000
 -0.257500 0.000000 0.000000
 -0.255000 0.000000 0.000000
 -0.252500 0.000000 0.000000
 -0.250000 0.000000 0.000000
 -0.247500 0.000000 0.000000
 -0.245000 0.000000 0.000000
 -0.242500 0.000000 0.000000
 -0.240000 0.000000 0.000000
 -0.237500 0.000000 0.000000
 -0.235000 0.000000 0.000000
 -0.232500 0.000000 0.000000
 -0.230000 0.000000 0.000000
 -0.227500 0.000000 0.000000
 -0.225000 0.000000 0.000000
 -0.222500 0.000000 0.000000
 -0.220000 0.000000 0.000000
 -0.217500 0.000000 0.000000
 -0.215000 0.000000 0.000000
 -0.212500 0.000000 0.000000
 -0.210000 0.000000 0.000000
 -0.207500 0.000000 0.000000
 -0.205000 0.000000 0.000000
 -0.202500 0.000000 0.000000
 -0.200000 0.000000 0.000000
 -0.197500 0.000000 0.000000
 -0.195000 0.000000 0.000000
 -0.192500 0.000000 0.000000
 -0.190000 0.000000 0.000000
 -0.187500 0.000000 0.000000
 -0.185000 0.000000 0.000000
 -0.182500 0.000000 0.000000
 -0.180000 0.000000 0.000000
 -0.177500 0.000000 0.000000
 -0.175000 0.000000 0.000000
 -0.172500 0.000000 0.000000
 -0.170000 0.000000 0.000000
 -0.167500 0.000000 0.000000
 -0.165000 0.000000 0.000000
 -0.162500 0.000000 0.000000
 -0.160000 0.000000 0.000000
 -0.157500 0.000000 0.000000
 -0.155000 0.000000 0.000000
 -0.152500 0.000000 0.000000
 -0.150000 0.000000 0.000000
 -0.147500 0.000000 0.000000
 -0.145000 0.000000 0.000000
 -0.142500 0.000000 0.000000
 -0.140000 0.000000 0.000000
 -0.137500 0.000000 0.000000
 -0.135000 0.000000 0.000000
 -0.132500 0.000000 0.000000
 -0.130000 0.000000 0.000000
 -0.127500 0.000000 0.000000
 -0.125000 0.000000 0.000000
 -0.122500 0.000000 0.000000
 -0.120000 0.000000 0.000000
 -0.117500 0.000000 0.000000
 -0.115000 0.000000 0.000000
 -0.112500 0.000000 0.000000
 -0.110000 0.000000 0.000000
 -0.107500 0.000000 0.000000
 -0.105000 0.000000 0.000000
 -0.102500 0.000000 0.000000
 -0.100000 0.000000 0.000000
 -0.097500 0.000000 0.000000
 -0.095000 0.000000 0.000000
 -0.092500 0.000000 0.000000
 -0.090000 0.000000 0.000000
 -0.087500 0.000000 0.000000
 -0.085000 0.000000 0.000000
 -0.082500 0.000000 0.000000
 -0.080000 0.000000 0.000000
 -0.077500 0.000000 0.000000
 -0.075000 0.000000 0.000000
 -0.072500 0.000000 0.000000
 -0.070000 0.000000 0.000000
 -0.067500 0.000000 0.000000
 -0.065000 0.000000 0.000000
 -0.062500 0.000000 0.000000
 -0.060000 0.000000 0.000000
 -0.057500 0.000000 0.000000
 -0.055000 0.000000 0.000000
 -0.052500 0.000000 0.000000
 -0.050000 0.000000 0.000000
 -0.047500 0.000000 0.000000
 -0.045000 0.000000 0.000000
 -0.042500 0.000000 0.000000
 -0.040000 0.000000 0.000000
 -0.037500 0.000000 0.000000
 -0.035000 0.000000 0.000000
 -0.032500 0.000000 0.000000
 -0.030000 0.000000 0.000000
 -0.027500 0.000000 0.000000
 -0.025000 0.000000 0.000000
 -0.022500 0.000000 0.000018
 -0.020000 0.000000 0.000073
 -0.017500 0.000001 0.000234
 -0.015000 0.000002 0.000647
 -0.012500 0.000005 0.001717
 -0.010000 0.000013 0.004127
 -0.007500 0.000031 0.009370
 -0.005000 0.000067 0.019498
 -0.002500 0.000140 0.038603
 0.000000 0.000279 0.072872
 0.002500 0.000533 0.131344
 0.005000 0.000980 0.227171
 0.007500 0.001729 0.376572
 0.010000 0.002943 0.600510
 0.012500 0.004837 0.923118
 0.015000 0.007694 1.371481
 0.017500 0.011855 1.971043
 0.020000 0.017736 2.748475
 0.022500 0.025808 3.725725
 0.025000 0.036598 4.921561
 0.027500 0.050664 6.346197
 0.030000 0.068588 8.002897
 0.032500 0.090937 9.882055
 0.035000 0.118252 11.965597
 0.037500 0.150999 14.220622
 0.040000 0.189560 16.607944
 0.042500 0.234215 19.085139
 0.045000 0.285136 21.610550
 0.047500 0.342392 24.146181
 0.050000 0.405973 26.662923
 0.052500 0.475799 29.134062
 0.055000 0.551716 31.528343
 0.057500 0.633485 33.805061
 0.060000 0.720751 35.909595
 0.062500 0.812991 37.772585
 0.065000 0.909514 39.325804
 0.067500 1.009482 40.517656
 0.070000 1.111950 41.326159
 0.072500 1.215976 41.768852
 0.075000 1.320706 41.900483
 0.077500 1.425452 41.795755
 0.080000 1.529723 41.532726
 0.082500 1.633204 41.174282
 0.085000 1.735713 40.756958
 0.087500 1.837106 40.286167
 0.090000 1.937242 39.749599
 0.092500 2.035924 39.126473
 0.095000 2.132911 38.398392
 0.097500 2.227942 37.567572
 0.100000 2.320782 36.653656
 0.102500 2.411264 35.691900
 0.105000 2.499298 34.706671
 0.107500 2.584844 33.708942
 0.110000 2.667853 32.674090
 0.112500 2.748159 31.550090
 0.115000 2.825465 30.266617
 0.117500 2.899304 28.776566
 0.120000 2.969140 27.076284
 0.122500 3.034506 25.220077
 0.125000 3.095135 23.310600
 0.127500 3.151058 21.483599
 0.130000 3.202619 19.848579
 0.132500 3.250396 18.465001
 0.135000 3.295028 17.334126
 0.137500 3.337083 16.398642
 0.140000 3.376949 15.574601
 0.142500 3.414814 14.789994
 0.145000 3.450711 14.007298
 0.147500 3.484626 13.212226
 0.150000 3.516546 12.411230
 0.152500 3.546450 11.610401
 0.155000 3.574340 10.802027
 0.157500 3.600192 9.985873
 0.160000 3.623995 9.173056
 0.162500 3.645786 8.390520
 0.165000 3.665702 7.674336
 0.167500 3.683946 7.059737
 0.170000 3.700775 6.544844
 0.172500 3.716407 6.099959
 0.175000 3.730969 5.680176
 0.177500 3.744478 5.262096
 0.180000 3.756928 4.844384
 0.182500 3.768358 4.449896
 0.185000 3.778865 4.113411
 0.187500 3.788607 3.841821
 0.190000 3.797718 3.592133
 0.192500 3.806142 3.277257
 0.195000 3.813587 2.792899
 0.197500 3.819510 2.059545
 0.200000 3.823250 1.056036
 0.202500 3.824190 -0.158895
 0.205000 3.821971 -1.450125
 0.207500 3.816589 -2.666563
 0.210000 3.808408 -3.679402
 0.212500 3.798010 -4.426201
 0.215000 3.786035 -4.947949
 0.217500 3.772935 -5.351154
 0.220000 3.758832 -5.765845
 0.222500 3.743550 -6.304820
 0.225000 3.726719 -7.010713
 0.227500 3.707942 -7.838335
 0.230000 3.687047 -8.685857
 0.232500 3.664146 -9.423509
 0.235000 3.639656 -9.945069
 0.237500 3.614169 -10.212926
 0.240000 3.588282 -10.281487
 0.242500 3.562348 -10.271588
 0.245000 3.536371 -10.339285
 0.247500 3.509975 -10.627066
 0.250000 3.482495 -11.217753
 0.252500 3.453165 -12.105399
 0.255000 3.421316 -13.209544
 0.257500 3.386562 -14.397971
 0.260000 3.348887 -15.527315
 0.262500 3.308590 -16.478532
 0.265000 3.266212 -17.184048
 0.267500 3.222385 -17.635186
 0.270000 3.177707 -17.883809
 0.272500 3.132574 -18.008892
 0.275000 3.087196 -18.097311
 0.277500 3.041576 -18.220766
 0.280000 2.995551 -18.431070
 0.282500 2.948862 -18.742616
 0.285000 2.901259 -19.161173
 0.287500 2.852499 -19.665750
 0.290000 2.802411 -20.215277
 0.292500 2.750946 -20.759168
 0.295000 2.698194 -21.231643
 0.297500 2.644414 -21.576187
 0.300000 2.589990 -21.740149
 0.302500 2.535415 -21.699896
 0.305000 2.481200 -21.462167
 0.307500 2.427791 -21.058495
 0.310000 2.375543 -20.549962
 0.312500 2.324638 -19.995296
 0.315000 2.275115 -19.453814
 0.317500 2.226881 -18.975330
 0.320000 2.179733 -18.589136
 0.322500 2.133422 -18.309881
 0.325000 2.087683 -18.133302
 0.327500 2.042279 -18.041397
 0.330000 1.997026 -18.005730
 0.332500 1.951834 -17.994337
 0.335000 1.906675 -17.969965
 0.337500 1.861630 -17.899061
 0.340000 1.816862 -17.754302
 0.342500 1.772587 -17.511935
 0.345000 1.729052 -17.159549
 0.347500 1.686518 -16.705877
 0.350000 1.645234 -16.178150
 0.352500 1.605342 -15.599877
 0.355000 1.566913 -15.009588
 0.357500 1.529944 -14.450497
 0.360000 1.494298 -13.954043
 0.362500 1.459786 -13.546987
 0.365000 1.426170 -13.245079
 0.367500 1.393174 -13.047369
 0.370000 1.360565 -12.938417
 0.372500 1.328147 -12.887604
 0.375000 1.295828 -12.858726
 0.377500 1.263595 -12.813311
 0.380000 1.231532 -12.724610
 0.382500 1.199764 -12.573726
 0.385000 1.168458 -12.364046
 0.387500 1.137741 -12.109475
 0.390000 1.107700 -11.828727
 0.392500 1.078369 -11.542178
 0.395000 1.049749 -11.263425
 0.397500 1.021820 -10.989275
 0.400000 0.994591 -10.705707
 0.402500 0.968108 -10.393284
 0.405000 0.942453 -10.040848
 0.407500 0.917725 -9.655098
 0.410000 0.893982 -9.258756
 0.412500 0.871208 -8.893086
 0.415000 0.849275 -8.594922
 0.417500 0.827974 -8.389610
 0.420000 0.807065 -8.277945
 0.422500 0.786340 -8.239866
 0.425000 0.765669 -8.233374
 0.427500 0.745026 -8.210483
 0.430000 0.724504 -8.131095
 0.432500 0.704272 -7.980966
 0.435000 0.684499 -7.761764
 0.437500 0.665341 -7.502425
 0.440000 0.646855 -7.230754
 0.442500 0.629029 -6.975837
 0.445000 0.611801 -6.760155
 0.447500 0.595062 -6.583251
 0.450000 0.578727 -6.437976
 0.452500 0.562731 -6.307163
 0.455000 0.547060 -6.180751
 0.457500 0.531705 -6.053550
 0.460000 0.516667 -5.930227
 0.462500 0.501922 -5.818086
 0.465000 0.487438 -5.726285
 0.467500 0.473162 -5.654912
 0.470000 0.459044 -5.597735
 0.472500 0.445061 -5.548186
 0.475000 0.431208 -5.494744
 0.477500 0.417501 -5.426437
 0.480000 0.403993 -5.338151
 0.482500 0.390743 -5.220724
 0.485000 0.377827 -5.071093
 0.487500 0.365323 -4.889351
 0.490000 0.353305 -4.687713
 0.492500 0.341803 -4.480986
 0.495000 0.330808 -4.289233
 0.497500 0.320256 -4.126417
 0.500000 0.310067 -4.001271
 0.502500 0.300145 -3.908683
 0.505000 0.290432 -3.834717
 0.507500 0.280905 -3.756329
 0.510000 0.271595 -3.655579
 0.512500 0.262581 -3.525213
 0.515000 0.253931 -3.366291
 0.517500 0.245701 -3.193281
 0.520000 0.237899 -3.025677
 0.522500 0.230490 -2.882345
 0.525000 0.223399 -2.772334
 0.527500 0.216543 -2.696019
 0.530000 0.209849 -2.643444
 0.532500 0.203270 -2.599986
 0.535000 0.196798 -2.555823
 0.537500 0.190447 -2.503627
 0.540000 0.184240 -2.443531
 0.542500 0.178190 -2.377003
 0.545000 0.172309 -2.311595
 0.547500 0.166587 -2.250040
 0.550000 0.161012 -2.194451
 0.552500 0.155574 -2.141119
 0.555000 0.150272 -2.083402
 0.557500 0.145130 -2.015995
 0.560000 0.140172 -1.933308
 0.562500 0.135439 -1.836394
 0.565000 0.130963 -1.730610
 0.567500 0.126753 -1.624393
 0.570000 0.122801 -1.526983
 0.572500 0.119074 -1.445901
 0.575000 0.115526 -1.384687
 0.577500 0.112104 -1.342064
 0.580000 0.108771 -1.316069
 0.582500 0.105490 -1.299422
 0.585000 0.102244 -1.286783
 0.587500 0.099031 -1.274574
 0.590000 0.095850 -1.259673
 0.592500 0.092709 -1.242613
 0.595000 0.089615 -1.223384
 0.597500 0.086572 -1.201593
 0.600000 0.083589 -1.177414
 0.602500 0.080669 -1.149376
 0.605000 0.077826 -1.116477
 0.607500 0.075073 -1.077320
 0.610000 0.072427 -1.031110
 0.612500 0.069905 -0.978490
 0.615000 0.067523 -0.919241
 0.617500 0.065295 -0.855684
 0.620000 0.063230 -0.789623
 0.622500 0.061328 -0.725829
 0.625000 0.059578 -0.669112
 0.627500 0.057955 -0.626662
 0.630000 0.056414 -0.604747
 0.632500 0.054898 -0.607558
 0.635000 0.053341 -0.635616
 0.637500 0.051688 -0.683947
 0.640000 0.049903 -0.740209
 0.642500 0.047981 -0.789912
 0.645000 0.045957 -0.820177
 0.647500 0.043892 -0.821797
 0.650000 0.041861 -0.793456
 0.652500 0.039934 -0.740205
 0.655000 0.038161 -0.673167
 0.657500 0.036560 -0.604262
 0.660000 0.035121 -0.545669
 0.662500 0.033806 -0.506800
 0.665000 0.032557 -0.491517
 0.667500 0.031319 -0.499529
 0.670000 0.030038 -0.524277
 0.672500 0.028684 -0.556097
 0.675000 0.027252 -0.584260
 0.677500 0.025762 -0.600416
 0.680000 0.024254 -0.600640
 0.682500 0.022767 -0.582953
 0.685000 0.021344 -0.550217
 0.687500 0.020018 -0.506461
 0.690000 0.018811 -0.456559
 0.692500 0.017734 -0.402477
 0.695000 0.016794 -0.346749
 0.697500 0.015995 -0.289990
 0.700000 0.015339 -0.233017
 0.702500 0.014825 -0.176798
 0.705000 0.014447 -0.124399
 0.707500 0.014191 -0.079784
 0.710000 0.014031 -0.048384
 0.712500 0.013928 -0.035758
 0.715000 0.013829 -0.045182
 0.717500 0.013680 -0.075873
 0.720000 0.013432 -0.123344
 0.722500 0.013054 -0.178136
 0.725000 0.012540 -0.230136
 0.727500 0.011911 -0.269682
 0.730000 0.011205 -0.290531
 0.732500 0.010473 -0.291532
 0.735000 0.009760 -0.275101
 0.737500 0.009105 -0.247065
 0.740000 0.008528 -0.213181
 0.742500 0.008037 -0.178999
 0.745000 0.007627 -0.148339
 0.747500 0.007288 -0.123328
 0.750000 0.007004 -0.104702
 0.752500 0.006758 -0.092459
 0.755000 0.006534 -0.086186
 0.757500 0.006319 -0.085129
 0.760000 0.006101 -0.088396
 0.762500 0.005872 -0.094627
 0.765000 0.005625 -0.102110
 0.767500 0.005360 -0.109553
 0.770000 0.005078 -0.115466
 0.772500 0.004784 -0.118979
 0.775000 0.004485 -0.118887
 0.777500 0.004191 -0.114785
 0.780000 0.003913 -0.105935
 0.782500 0.003664 -0.092227
 0.785000 0.003454 -0.074222
 0.787500 0.003294 -0.053491
 0.790000 0.003187 -0.031860
 0.792500 0.003133 -0.011633
 0.795000 0.003124 0.004154
 0.797500 0.003147 0.013211
 0.800000 0.003182 0.014008
 0.802500 0.003209 0.006002
 0.805000 0.003205 -0.009388
 0.807500 0.003156 -0.029842
 0.810000 0.003054 -0.051549
 0.812500 0.002900 -0.070430
 0.815000 0.002706 -0.083344
 0.817500 0.002489 -0.088725
 0.820000 0.002268 -0.086981
 0.822500 0.002058 -0.080067
 0.825000 0.001869 -0.070337
 0.827500 0.001706 -0.060113
 0.830000 0.001567 -0.050950
 0.832500 0.001449 -0.043614
 0.835000 0.001347 -0.038287
 0.837500 0.001256 -0.035028
 0.840000 0.001170 -0.033426
 0.842500 0.001087 -0.033164
 0.845000 0.001003 -0.033845
 0.847500 0.000917 -0.034429
 0.850000 0.000831 -0.034282
 0.852500 0.000746 -0.032503
 0.855000 0.000669 -0.028890
 0.857500 0.000603 -0.023652
 0.860000 0.000551 -0.017624
 0.862500 0.000514 -0.012125
 0.865000 0.000489 -0.008257
 0.867500 0.000471 -0.006787
 0.870000 0.000453 -0.007541
 0.872500 0.000431 -0.009888
 0.875000 0.000403 -0.012506
 0.877500 0.000369 -0.014112
 0.880000 0.000334 -0.013937
 0.882500 0.000301 -0.011897
 0.885000 0.000275 -0.008502
 0.887500 0.000259 -0.004756
 0.890000 0.000251 -0.001668
 0.892500 0.000249 0.000087
 0.895000 0.000250 0.000195
 0.897500 0.000249 -0.001185
 0.900000 0.000243 -0.003524
 0.902500 0.000231 -0.006224
 0.905000 0.000212 -0.008725
 0.907500 0.000188 -0.010587
 0.910000 0.000160 -0.011608
 0.912500 0.000130 -0.011675
 0.915000 0.000102 -0.010979
 0.917500 0.000076 -0.009633
 0.920000 0.000054 -0.007911
 0.922500 0.000036 -0.006090
 0.925000 0.000023 -0.004396
 0.927500 0.000014 -0.002975
 0.930000 0.000008 -0.001887
 0.932500 0.000004 -0.001106
 0.935000 0.000002 -0.000619
 0.937500 0.000001 -0.000306
 0.940000 0.000000 -0.000152
 0.942500 0.000000 -0.000070
 0.945000 0.000000 0.000000
 0.947500 0.000000 0.000000
 0.950000 0.000000 0.000000
 0.952500 0.000000 0.000000
 0.955000 0.000000 0.000000
 0.957500 0.000000 0.000000
 0.960000 0.000000 0.000000
 0.962500 0.000000 0.000000
 0.965000 0.000000 0.000000
 0.967500 0.000000 0.000000
 0.970000 0.000000 0.000000
 0.972500 0.000000 0.000000
 0.975000 0.000000 0.000000
 0.977500 0.000000 0.000000
 0.980000 0.000000 0.000000
 0.982500 0.000000 0.000000
 0.985000 0.000000 0.000000
 0.987500 0.000000 0.000000
 0.990000 0.000000 0.000000
 0.992500 0.000000 0.000000
 0.995000 0.000000 0.000000
 0.997500 0.000000 0.000000
 1.000000 0.000000 0.000000
 1.002500 0.000000 0.000000
 1.005000 0.000000 0.000000
 1.007500 0.000000 0.000000
 1.010000 0.000000 0.000000
 1.012500 0.000000 0.000000
 1.015000 0.000000 0.000000
 1.017500 0.000000 0.000000
 1.020000 0.000000 0.000000
 1.022500 0.000000 0.000000
 1.025000 0.000000 0.000000
 1.027500 0.000000 0.000000
 1.030000 0.000000 0.000000
 1.032500 0.000000 0.000000
 1.035000 0.000000 0.000000
 1.037500 0.000000 0.000000
 1.040000 0.000000 0.000000
 1.042500 0.000000 0.000000
 1.045000 0.000000 0.000000
 1.047500 0.000000 0.000000
 1.050000 0.000000 0.000000
 1.052500 0.000000 0.000000
 1.055000 0.000000 0.000000
 1.057500 0.000000 0.000000
 1.060000 0.000000 0.000000
 1.062500 0.000000 0.000000
 1.065000 0.000000 0.000000
 1.067500 0.000000 0.000000
 1.070000 0.000000 0.000000
 1.072500 0.000000 0.000000
 1.075000 0.000000 0.000000
 1.077500 0.000000 0.000000
 1.080000 0.000000 0.000000
 1.082500 0.000000 0.000000
 1.085000 0.000000 0.000000
 1.087500 0.000000 0.000000
 1.090000 0.000000 0.000000
 1.092500 0.000000 0.000000
 1.095000 0.000000 0.000000
 1.097500 0.000000 0.000000
 1.100000 0.000000 0.000000
 1.102500 0.000000 0.000000
 1.105000 0.000000 0.000000
 1.107500 0.000000 0.000000
 1.110000 0.000000 0.000000
 1.112500 0.000000 0.000000
 1.115000 0.000000 0.000000
 1.117500 0.000000 0.000000
 1.120000 0.000000 0.000000
 1.122500 0.000000 0.000000
 1.125000 0.000000 0.000000
 1.127500 0.000000 0.000000
 1.130000 0.000000 0.000000
 1.132500 0.000000 0.000000
 1.135000 0.000000 0.000000
 1.137500 0.000000 0.000000
 1.140000 0.000000 0.000000
 1.142500 0.000000 0.000000
 1.145000 0.000000 0.000000
 1.147500 0.000000 0.000000
 1.150000 0.000000 0.000000
 1.152500 0.000000 0.000000
 1.155000 0.000000 0.000000
 1.157500 0.000000 0.000000
 1.160000 0.000000 0.000000
 1.162500 0.000000 0.000000
 1.165000 0.000000 0.000000
 1.167500 0.000000 0.000000
 1.170000 0.000000 0.000000
 1.172500 0.000000 0.000000
 1.175000 0.000000 0.000000
 1.177500 0.000000 0.000000
 1.180000 0.000000 0.000000
 1.182500 0.000000 0.000000
 1.185000 0.000000 0.000000
 1.187500 0.000000 0.000000
 1.190000 0.000000 0.000000
 1.192500 0.000000 0.000000
 1.195000 0.000000 0.000000
 1.197500 0.000000 0.000000
 1.200000 0.000000 0.000000
 1.202500 0.000000 0.000000
 1.205000 0.000000 0.000000
 1.207500 0.000000 0.000000
 1.210000 0.000000 0.000000
 1.212500 0.000000 0.000000
 1.215000 0.000000 0.000000
 1.217500 0.000000 0.000000
 1.220000 0.000000 0.000000
 1.222500 0.000000 0.000000
 1.225000 0.000000 0.000000
 1.227500 0.000000 0.000000
 1.230000 0.000000 0.000000
 1.232500 0.000000 0.000000
 1.235000 0.000000 0.000000
 1.237500 0.000000 0.000000
 1.240000 0.000000 0.000000
 1.242500 0.000000 0.000000
 1.245000 0.000000 0.000000
 1.247500 0.000000 0.000000
 1.250000 0.000000 0.000000
 1.252500 0.000000 0.000000
 1.255000 0.000000 0.000000
 1.257500 0.000000 0.000000
 1.260000 0.000000 0.000000
 1.262500 0.000000 0.000000
 1.265000 0.000000 0.000000
 1.267500 0.000000 0.000000
 1.270000 0.000000 0.000000
 1.272500 0.000000 0.000000
 1.275000 0.000000 0.000000
 1.277500 0.000000 0.000000
 1.280000 0.000000 0.000000
 1.282500 0.000000 0.000000
 1.285000 0.000000 0.000000
 1.287500 0.000000 0.000000
 1.290000 0.000000 0.000000
 1.292500 0.000000 0.000000
 1.295000 0.000000 0.000000
 1.297500 0.000000 0.000000
 1.300000 0.000000 0.000000
 1.302500 0.000000 0.000000
 1.305000 0.000000 0.000000
 1.307500 0.000000 0.000000
 1.310000 0.000000 0.000000
 1.312500 0.000000 0.000000
 1.315000 0.000000 0.000000
 1.317500 0.000000 0.000000
 1.320000 0.000000 0.000000
 1.322500 0.000000 0.000000
 1.325000 0.000000 0.000000
 1.327500 0.000000 0.000000
 1.330000 0.000000 0.000000
 1.332500 0.000000 0.000000
 1.335000 0.000000 0.000000
 1.337500 0.000000 0.000000
 1.340000 0.000000 0.000000
 1.342500 0.000000 0.000000
 1.345000 0.000000 0.000000
 1.347500 0.000000 0.000000
 1.350000 0.000000 0.000000
 1.352500 0.000000 0.000000
 1.355000 0.000000 0.000000
 1.357500 0.000000 0.000000
 1.360000 0.000000 0.000000
 1.362500 0.000000 0.000000
 1.365000 0.000000 0.000000
 1.367500 0.000000 0.000000
 1.370000 0.000000 0.000000
 1.372500 0.000000 0.000000
 1.375000 0.000000 0.000000
 1.377500 0.000000 0.000000
 1.380000 0.000000 0.000000
 1.382500 0.000000 0.000000
 1.385000 0.000000 0.000000
 1.387500 0.000000 0.000000
 1.390000 0.000000 0.000000
 1.392500 0.000000 0.000000
 1.395000 0.000000 0.000000
 1.397500 0.000000 0.000000
 1.400000 0.000000 0.000000
 1.402500 0.000000 0.000000
 1.405000 0.000000 0.000000
 1.407500 0.000000 0.000000
 1.410000 0.000000 0.000000
 1.412500 0.000000 0.000000
 1.415000 0.000000 0.000000
 1.417500 0.000000 0.000000
 1.420000 0.000000 0.000000
 1.422500 0.000000 0.000000
 1.425000 0.000000 0.000000
 1.427500 0.000000 0.000000
 1.430000 0.000000 0.000000
 1.432500 0.000000 0.000000
 1.435000 0.000000 0.000000
 1.437500 0.000000 0.000000
 1.440000 0.000000 0.000000
 1.442500 0.000000 0.000000
 1.445000 0.000000 0.000000
 1.447500 0.000000 0.000000
 1.450000 0.000000 0.000000
 1.452500 0.000000 0.000000
 1.455000 0.000000 0.000000
 1.457500 0.000000 0.000000
 1.460000 0.000000 0.000000
 1.462500 0.000000 0.000000
 1.465000 0.000000 0.000000
 1.467500 0.000000 0.000000
 1.470000 0.000000 0.000000
 1.472500 0.000000 0.000000
 1.475000 0.000000 0.000000
 1.477500 0.000000 0.000000
 1.480000 0.000000 0.000000
 1.482500 0.000000 0.000000
 1.485000 0.000000 0.000000
 1.487500 0.000000 0.000000
 1.490000 0.000000 0.000000
 1.492500 0.000000 0.000000
 1.495000 0.000000 0.000000
 1.497500 0.000000 0.000000
 1.500000 0.000000 0.000000
 1.502500 0.000000 0.000000
 1.505000 0.000000 0.000000
 1.507500 0.000000 0.000000
 1.510000 0.000000 0.000000
 1.512500 0.000000 0.000000
 1.515000 0.000000 0.000000
 1.517500 0.000000 0.000000
 1.520000 0.000000 0.000000
 1.522500 0.000000 0.000000
 1.525000 0.000000 0.000000
 1.527500 0.000000 0.000000
 1.530000 0.000000 0.000000
 1.532500 0.000000 0.000000
 1.535000 0.000000 0.000000
 1.537500 0.000000 0.000000
 1.540000 0.000000 0.000000
 1.542500 0.000000 0.000000
 1.545000 0.000000 0.000000
 1.547500 0.000000 0.000000
 1.550000 0.000000 0.000000
 1.552500 0.000000 0.000000
 1.555000 0.000000 0.000000
 1.557500 0.000000 0.000000
 1.560000 0.000000 0.000000
 1.562500 0.000000 0.000000
 1.565000 0.000000 0.000000
 1.567500 0.000000 0.000000
 1.570000 0.000000 0.000000
 1.572500 0.000000 0.000000
 1.575000 0.000000 0.000000
 1.577500 0.000000 0.000000
 1.580000 0.000000 0.000000
 1.582500 0.000000 0.000000
 1.585000 0.000000 0.000000
 1.587500 0.000000 0.000000
 1.590000 0.000000 0.000000
 1.592500 0.000000 0.000000
 1.595000 0.000000 0.000000
 1.597500 0.000000 0.000000
 1.600000 0.000000 0.000000
 1.602500 0.000000 0.000000
 1.605000 0.000000 0.000000
 1.607500 0.000000 0.000000
 1.610000 0.000000 0.000000
 1.612500 0.000000 0.000000
 1.615000 0.000000 0.000000
 1.617500 0.000000 0.000000
 1.620000 0.000000 0.000000
 1.622500 0.000000 0.000000
 1.625000 0.000000 0.000000
 1.627500 0.000000 0.000000
 1.630000 0.000000 0.000000
 1.632500 0.000000 0.000000
 1.635000 0.000000 0.000000
 1.637500 0.000000 0.000000
 1.640000 0.000000 0.000000
 1.642500 0.000000 0.000000
 1.645000 0.000000 0.000000
 1.647500 0.000000 0.000000
 1.650000 0.000000 0.000000
 1.652500 0.000000 0.000000
 1.655000 0.000000 0.000000
 1.657500 0.000000 0.000000
 1.660000 0.000000 0.000000
 1.662500 0.000000 0.000000
 1.665000 0.000000 0.000000
 1.667500 0.000000 0.000000
 1.670000 0.000000 0.000000
 1.672500 0.000000 0.000000
 1.675000 0.000000 0.000000
 1.677500 0.000000 0.000000
 1.680000 0.000000 0.000000
 1.682500 0.000000 0.000000
 1.685000 0.000000 0.000000
 1.687500 0.000000 0.000000
 1.690000 0.000000 0.000000
 1.692500 0.000000 0.000000
 1.695000 0.000000 0.000000
 1.697500 0.000000 0.000000
 1.700000 0.000000 0.000000
 1.702500 0.000000 0.000000
 1.705000 0.000000 0.000000
 1.707500 0.000000 0.000000
 1.710000 0.000000 0.000000
 1.712500 0.000000 0.000000
 1.715000 0.000000 0.000000
 1.717500 0.000000 0.000000
 1.720000 0.000000 0.000000
 1.722500 0.000000 0.000000
 1.725000 0.000000 0.000000
 1.727500 0.000000 0.000000
 1.730000 0.000000 0.000000
 1.732500 0.000000 0.000000
 1.735000 0.000000 0.000000
 1.737500 0.000000 0.000000
 1.740000 0.000000 0.000000
 1.742500 0.000000 0.000000
 1.745000 0.000000 0.000000
 1.747500 0.000000 0.000000
 1.750000 0.000000 0.000000
 1.752500 0.000000 0.000000
 1.755000 0.000000 0.000000
 1.757500 0.000000 0.000000
 1.760000 0.000000 0.000000
 1.762500 0.000000 0.000000
 1.765000 0.000000 0.000000
 1.767500 0.000000 0.000000
 1.770000 0.000000 0.000000
 1.772500 0.000000 0.000000
 1.775000 0.000000 0.000000
 1.777500 0.000000 0.000000
 1.780000 0.000000 0.000000
 1.782500 0.000000 0.000000
 1.785000 0.000000 0.000000
 1.787500 0.000000 0.000000
 1.790000 0.000000 0.000000
 1.792500 0.000000 0.000000
 1.795000 0.000000 0.000000
 1.797500 0.000000 0.000000
 1.800000 0.000000 0.000000
 1.802500 0.000000 0.000000
 1.805000 0.000000 0.000000
 1.807500 0.000000 0.000000
 1.810000 0.000000 0.000000
 1.812500 0.000000 0.000000
 1.815000 0.000000 0.000000
 1.817500 0.000000 0.000000
 1.820000 0.000000 0.000000
 1.822500 0.000000 0.000000
 1.825000 0.000000 0.000000
 1.827500 0.000000 0.000000
 1.830000 0.000000 0.000000
 1.832500 0.000000 0.000000
 1.835000 0.000000 0.000000
 1.837500 0.000000 0.000000
 1.840000 0.000000 0.000000
 1.842500 0.000000 0.000000
 1.845000 0.000000 0.000000
 1.847500 0.000000 0.000000
 1.850000 0.000000 0.000000
 1.852500 0.000000 0.000000
 1.855000 0.000000 0.000000
 1.857500 0.000000 0.000000
 1.860000 0.000000 0.000000
 1.862500 0.000000 0.000000
 1.865000 0.000000 0.000000
 1.867500 0.000000 0.000000
 1.870000 0.000000 0.000000
 1.872500 0.000000 0.000000
 1.875000 0.000000 0.000000
 1.877500 0.000000 0.000000
 1.880000 0.000000 0.000000
 1.882500 0.000000 0.000000
 1.885000 0.000000 0.000000
 1.887500 0.000000 0.000000
 1.890000 0.000000 0.000000
 1.892500 0.000000 0.000000
 1.895000 0.000000 0.000000
 1.897500 0.000000 0.000000
 1.900000 0.000000 0.000000
 1.902500 0.000000 0.000000
 1.905000 0.000000 0.000000
 1.907500 0.000000 0.000000
 1.910000 0.000000 0.000000
 1.912500 0.000000 0.000000
 1.915000 0.000000 0.000000
 1.917500 0.000000 0.000000
 1.920000 0.000000 0.000000
 1.922500 0.000000 0.000000
 1.925000 0.000000 0.000000
 1.927500 0.000000 0.000000
 1.930000 0.000000 0.000000
 1.932500 0.000000 0.000000
 1.935000 0.000000 0.000000
 1.937500 0.000000 0.000000
 1.940000 0.000000 0.000000
 1.942500 0.000000 0.000000
 1.945000 0.000000 0.000000
 1.947500 0.000000 0.000000
 1.950000 0.000000 0.000000
 1.952500 0.000000 0.000000
 1.955000 0.000000 0.000000
 1.957500 0.000000 0.000000
 1.960000 0.000000 0.000000
 1.962500 0.000000 0.000000
 1.965000 0.000000 0.000000
 1.967500 0.000000 0.000000
 1.970000 0.000000 0.000000
 1.972500 0.000000 0.000000
 1.975000 0.000000 0.000000
 1.977500 0.000000 0.000000
 1.980000 0.000000 0.000000
 1.982500 0.000000 0.000000
 1.985000 0.000000 0.000000
 1.987500 0.000000 0.000000
 1.990000 0.000000 0.000000
 1.992500 0.000000 0.000000
 1.995000 0.000000 0.000000
 1.997500 0.000000 0.000000
 2.000000 0.000000 0.000000
