#! FIELDS es hh dhh_es
#! SET normalisation  2000.000000
#! SET min_es -0.5
#! SET max_es 2
#! SET nbins_es  1000
#! SET periodic_es false
 -0.500000 0.000000 0.000000
 -0.497500 0.000000 0.000000
 -0.495000 0.000000 0.000000
 -0.492500 0.000000 0.000000
 -0.490000 0.000000 0.000000
 -0.487500 0.000000 0.000000
 -0.485000 0.000000 0.000000
 -0.482500 0.000000 0.000000
 -0.480000 0.000000 0.000000
 -0.477500 0.000000 0.000000
 -0.475000 0.000000 0.000000
 -0.472500 0.000000 0.000000
 -0.470000 0.000000 0.000000
 -0.467500 0.000000 0.000000
 -0.465000 0.000000 0.000000
 -0.462500 0.000000 0.000000
 -0.460000 0.000000 0.000000
 -0.457500 0.000000 0.000000
 -0.455000 0.000000 0.000000
 -0.452500 0.000000 0.000000
 -0.450000 0.000000 0.000000
 -0.447500 0.000000 0.000000
 -0.445000 0.000000 0.000000
 -0.442500 0.000000 0.000000
 -0.440000 0.000000 0.000000
 -0.437500 0.000000 0.000000
 -0.435000 0.000000 0.000000
 -0.432500 0.000000 0.000000
 -0.430000 0.000000 0.000000
 -0.427500 0.000000 0.000000
 -0.425000 0.000000 0.000000
 -0.422500 0.000000 0.000000
 -0.420000 0.000000 0.000000
 -0.417500 0.000000 0.000000
 -0.415000 0.000000 0.000000
 -0.412500 0.000000 0.000000
 -0.410000 0.000000 0.000000
 -0.407500 0.000000 0.000000
 -0.405000 0.000000 0.000000
 -0.402500 0.000000 0.000000
 -0.400000 0.000000 0.000000
 -0.397500 0.000000 0.000000
 -0.395000 0.000000 0.000000
 -0.392500 0.000000 0.000000
 -0.390000 0.000000 0.000000
 -0.387500 0.000000 0.000000
 -0.385000 0.000000 0.000000
 -0.382500 0.000000 0.000000
 -0.380000 0.000000 0.000000
 -0.377500 0.000000 0.000000
 -0.375000 0.000000 0.000000
 -0.372500 0.000000 0.000000
 -0.370000 0.000000 0.000000
 -0.367500 0.000000 0.000000
 -0.365000 0.000000 0.000000
 -0.362500 0.000000 0.000000
 -0.360000 0.000000 0.000000
 -0.357500 0.000000 0.000000
 -0.355000 0.000000 0.000000
 -0.352500 0.000000 0.000000
 -0.350000 0.000000 0.000000
 -0.347500 0.000000 0.000000
 -0.345000 0.000000 0.000000
 -0.342500 0.000000 0.000000
 -0.340000 0.000000 0.000000
 -0.337500 0.000000 0.000000
 -0.335000 0.000000 0.000000
 -0.332500 0.000000 0.000000
 -0.330000 0.000000 0.000000
 -0.327500 0.000000 0.000000
 -0.325000 0.000000 0.000000
 -0.322500 0.000000 0.000000
 -0.320000 0.000000 0.000000
 -0.317500 0.000000 0.000000
 -0.315000 0.000000 0.000000
 -0.312500 0.000000 0.000000
 -0.310000 0.000000 0.000000
 -0.307500 0.000000 0.000000
 -0.305000 0.000000 0.000000
 -0.302500 0.000000 0.000000
 -0.300000 0.000000 0.000000
 -0.297500 0.000000 0.000000
 -0.295000 0.000000 0.000000
 -0.292500 0.000000 0.000000
 -0.290000 0.000000 0.000000
 -0.287500 0.000000 0.000000
 -0.285000 0.000000 0.000000
 -0.282500 0.000000 0.000000
 -0.280000 0.000000 0.000000
 -0.277500 0.000000 0.000000
 -0.275000 0.000000 0.000000
 -0.272500 0.000000 0.000000
 -0.270000 0.000000 0.000000
 -0.267500 0.000000 0.000000
 -0.265000 0.000000 0.000000
 -0.262500 0.000000 0.000000
 -0.260000 0.000000 0.000000
 -0.257500 0.000000 0.000000
 -0.255000 0.000000 0.000000
 -0.252500 0.000000 0.000000
 -0.250000 0.000000 0.000000
 -0.247500 0.000000 0.000000
 -0.245000 0.000000 0.000000
 -0.242500 0.000000 0.000000
 -0.240000 0.000000 0.000000
 -0.237500 0.000000 0.000000
 -0.235000 0.000000 0.000000
 -0.232500 0.000000 0.000000
 -0.230000 0.000000 0.000000
 -0.227500 0.000000 0.000000
 -0.225000 0.000000 0.000000
 -0.222500 0.000000 0.000000
 -0.220000 0.000000 0.000000
 -0.217500 0.000000 0.000000
 -0.215000 0.000000 0.000000
 -0.212500 0.000000 0.000000
 -0.210000 0.000000 0.000000
 -0.207500 0.000000 0.000000
 -0.205000 0.000000 0.000000
 -0.202500 0.000000 0.000000
 -0.200000 0.000000 0.000000
 -0.197500 0.000000 0.000000
 -0.195000 0.000000 0.000000
 -0.192500 0.000000 0.000000
 -0.190000 0.000000 0.000000
 -0.187500 0.000000 0.000000
 -0.185000 0.000000 0.000000
 -0.182500 0.000000 0.000000
 -0.180000 0.000000 0.000000
 -0.177500 0.000000 0.000000
 -0.175000 0.000000 0.000000
 -0.172500 0.000000 0.000000
 -0.170000 0.000000 0.000000
 -0.167500 0.000000 0.000000
 -0.165000 0.000000 0.000000
 -0.162500 0.000000 0.000000
 -0.160000 0.000000 0.000000
 -0.157500 0.000000 0.000000
 -0.155000 0.000000 0.000000
 -0.152500 0.000000 0.000000
 -0.150000 0.000000 0.000000
 -0.147500 0.000000 0.000000
 -0.145000 0.000000 0.000000
 -0.142500 0.000000 0.000000
 -0.140000 0.000000 0.000000
 -0.137500 0.000000 0.000000
 -0.135000 0.000000 0.000000
 -0.132500 0.000000 0.000000
 -0.130000 0.000000 0.000000
 -0.127500 0.000000 0.000000
 -0.125000 0.000000 0.000000
 -0.122500 0.000000 0.000000
 -0.120000 0.000000 0.000000
 -0.117500 0.000000 0.000000
 -0.115000 0.000000 0.000000
 -0.112500 0.000000 0.000000
 -0.110000 0.000000 0.000000
 -0.107500 0.000000 0.000000
 -0.105000 0.000000 0.000000
 -0.102500 0.000000 0.000000
 -0.100000 0.000000 0.000000
 -0.097500 0.000000 0.000000
 -0.095000 0.000000 0.000000
 -0.092500 0.000000 0.000000
 -0.090000 0.000000 0.000000
 -0.087500 0.000000 0.000000
 -0.085000 0.000000 0.000000
 -0.082500 0.000000 0.000000
 -0.080000 0.000000 0.000000
 -0.077500 0.000000 0.000000
 -0.075000 0.000000 0.000000
 -0.072500 0.000000 0.000000
 -0.070000 0.000000 0.000000
 -0.067500 0.000000 0.000000
 -0.065000 0.000000 0.000000
 -0.062500 0.000000 0.000000
 -0.060000 0.000000 0.000000
 -0.057500 0.000000 0.000000
 -0.055000 0.000000 0.000000
 -0.052500 0.000000 0.000000
 -0.050000 0.000000 0.000000
 -0.047500 0.000000 0.000000
 -0.045000 0.000000 0.000000
 -0.042500 0.000000 0.000000
 -0.040000 0.000000 0.000000
 -0.037500 0.000000 0.000000
 -0.035000 0.000000 0.000000
 -0.032500 0.000002 0.000728
 -0.030000 0.000123 0.047780
 -0.027500 0.000584 0.218329
 -0.025000 0.001766 0.628534
 -0.022500 0.004528 1.522019
 -0.020000 0.010553 3.324767
 -0.017500 0.022904 6.720363
 -0.015000 0.046729 12.693284
 -0.012500 0.089992 22.492663
 -0.010000 0.163936 37.455075
 -0.007500 0.282923 58.663745
 -0.005000 0.463192 86.456998
 -0.002500 0.720396 119.937502
 0.000000 1.066016 156.647192
 0.002500 1.503462 192.644336
 0.005000 2.025001 223.091087
 0.007500 2.610699 243.257586
 0.010000 3.230156 249.679796
 0.012500 3.846862 241.056048
 0.015000 4.424208 218.594004
 0.017500 4.931416 185.645674
 0.020000 5.347900 146.825048
 0.022500 5.664992 106.890558
 0.025000 5.885121 69.813806
 0.027500 6.019008 38.214044
 0.030000 6.082096 13.259538
 0.032500 6.091158 -5.091715
 0.035000 6.061778 -17.675671
 0.037500 6.006902 -25.699253
 0.040000 5.936358 -30.406827
 0.042500 5.857035 -32.881700
 0.045000 5.773411 -33.960370
 0.047500 5.688039 -34.185892
 0.050000 5.602491 -33.984795
 0.052500 5.517578 -33.641431
 0.055000 5.433544 -33.261346
 0.057500 5.350430 -32.883739
 0.060000 5.268282 -32.483331
 0.062500 5.187205 -32.010826
 0.065000 5.107436 -31.426329
 0.067500 5.029276 -30.738144
 0.070000 4.952938 -29.984446
 0.072500 4.878499 -29.248318
 0.075000 4.805806 -28.601795
 0.077500 4.734555 -28.103389
 0.080000 4.664352 -27.763498
 0.082500 4.594853 -27.541211
 0.085000 4.525843 -27.368695
 0.087500 4.457292 -27.151183
 0.090000 4.389425 -26.821572
 0.092500 4.322603 -26.307136
 0.095000 4.257343 -25.579699
 0.097500 4.194168 -24.639562
 0.100000 4.133568 -23.541408
 0.102500 4.075835 -22.364748
 0.105000 4.021029 -21.234975
 0.107500 3.968870 -20.265015
 0.110000 3.918841 -19.550621
 0.112500 3.870219 -19.142323
 0.115000 3.822252 -19.022634
 0.117500 3.774293 -19.120376
 0.120000 3.725940 -19.323507
 0.122500 3.677075 -19.511960
 0.125000 3.627867 -19.590397
 0.127500 3.578670 -19.512752
 0.130000 3.529861 -19.285534
 0.132500 3.481754 -18.956976
 0.135000 3.434515 -18.613555
 0.137500 3.388103 -18.310210
 0.140000 3.342362 -18.084634
 0.142500 3.297094 -17.924940
 0.145000 3.252180 -17.798518
 0.147500 3.207604 -17.642868
 0.150000 3.163510 -17.408162
 0.152500 3.120142 -17.065072
 0.155000 3.077763 -16.621343
 0.157500 3.036581 -16.123005
 0.160000 2.996637 -15.636224
 0.162500 2.957808 -15.248135
 0.165000 2.919771 -15.022447
 0.167500 2.882070 -14.983148
 0.170000 2.844243 -15.119934
 0.172500 2.805901 -15.385335
 0.175000 2.766804 -15.711499
 0.177500 2.726888 -16.036039
 0.180000 2.686213 -16.309415
 0.182500 2.644938 -16.522999
 0.185000 2.603206 -16.680648
 0.187500 2.561127 -16.800806
 0.190000 2.518782 -16.903887
 0.192500 2.476193 -16.991832
 0.195000 2.433414 -17.062585
 0.197500 2.390481 -17.116375
 0.200000 2.347427 -17.161512
 0.202500 2.304258 -17.218634
 0.205000 2.260899 -17.310676
 0.207500 2.217245 -17.458435
 0.210000 2.173153 -17.658763
 0.212500 2.128522 -17.893689
 0.215000 2.083293 -18.126771
 0.217500 2.037509 -18.333318
 0.220000 1.991260 -18.503653
 0.222500 1.944635 -18.640422
 0.225000 1.897693 -18.763691
 0.227500 1.850418 -18.907356
 0.230000 1.802725 -19.108036
 0.232500 1.754429 -19.396291
 0.235000 1.705288 -19.786459
 0.237500 1.655060 -20.267069
 0.240000 1.603564 -20.798578
 0.242500 1.550738 -21.314367
 0.245000 1.496719 -21.739303
 0.247500 1.441835 -21.999642
 0.250000 1.386574 -22.036533
 0.252500 1.331533 -21.822513
 0.255000 1.277344 -21.362594
 0.257500 1.224590 -20.682951
 0.260000 1.173769 -19.826319
 0.262500 1.125264 -18.837526
 0.265000 1.079350 -17.770032
 0.267500 1.036160 -16.667397
 0.270000 0.995722 -15.583122
 0.272500 0.957921 -14.562220
 0.275000 0.922548 -13.652157
 0.277500 0.889289 -12.881840
 0.280000 0.857770 -12.256169
 0.282500 0.827648 -11.765541
 0.285000 0.798630 -11.366990
 0.287500 0.770553 -11.010882
 0.290000 0.743386 -10.635865
 0.292500 0.717229 -10.199175
 0.295000 0.692266 -9.680806
 0.297500 0.668695 -9.093326
 0.300000 0.646649 -8.472222
 0.302500 0.626150 -7.866222
 0.305000 0.607106 -7.325272
 0.307500 0.589293 -6.883279
 0.310000 0.572444 -6.557559
 0.312500 0.556268 -6.347467
 0.315000 0.540492 -6.233801
 0.317500 0.524905 -6.191112
 0.320000 0.509367 -6.190134
 0.322500 0.493820 -6.197636
 0.325000 0.478280 -6.181695
 0.327500 0.462838 -6.117049
 0.330000 0.447632 -5.993850
 0.332500 0.432809 -5.813798
 0.335000 0.418496 -5.593361
 0.337500 0.404766 -5.352513
 0.340000 0.391643 -5.109425
 0.342500 0.379124 -4.872501
 0.345000 0.367193 -4.634906
 0.347500 0.355868 -4.385608
 0.350000 0.345195 -4.113406
 0.352500 0.335236 -3.819511
 0.355000 0.326021 -3.522474
 0.357500 0.317518 -3.256721
 0.360000 0.309598 -3.064387
 0.362500 0.302033 -2.974166
 0.365000 0.294557 -2.999160
 0.367500 0.286890 -3.118811
 0.370000 0.278849 -3.292162
 0.372500 0.270367 -3.464988
 0.375000 0.261507 -3.586888
 0.377500 0.252445 -3.625336
 0.380000 0.243403 -3.571781
 0.382500 0.234595 -3.438666
 0.385000 0.226194 -3.256050
 0.387500 0.218283 -3.049532
 0.390000 0.210894 -2.842693
 0.392500 0.204009 -2.650185
 0.395000 0.197578 -2.478703
 0.397500 0.191545 -2.334982
 0.400000 0.185833 -2.222821
 0.402500 0.180355 -2.147732
 0.405000 0.175014 -2.111035
 0.407500 0.169721 -2.111330
 0.410000 0.164390 -2.137383
 0.412500 0.158980 -2.175604
 0.415000 0.153478 -2.208291
 0.417500 0.147918 -2.222164
 0.420000 0.142356 -2.208146
 0.422500 0.136867 -2.164884
 0.425000 0.131521 -2.095420
 0.427500 0.126375 -2.005219
 0.430000 0.121472 -1.901882
 0.432500 0.116838 -1.792376
 0.435000 0.112484 -1.679834
 0.437500 0.108411 -1.569173
 0.440000 0.104607 -1.463927
 0.442500 0.101055 -1.369089
 0.445000 0.097722 -1.290467
 0.447500 0.094562 -1.229314
 0.450000 0.091531 -1.186785
 0.452500 0.088591 -1.156773
 0.455000 0.085723 -1.127965
 0.457500 0.082938 -1.088048
 0.460000 0.080277 -1.028718
 0.462500 0.077789 -0.950250
 0.465000 0.075513 -0.863373
 0.467500 0.073447 -0.785232
 0.470000 0.071544 -0.736372
 0.472500 0.069712 -0.731139
 0.475000 0.067834 -0.770626
 0.477500 0.065811 -0.844509
 0.480000 0.063585 -0.931024
 0.482500 0.061152 -1.005813
 0.485000 0.058566 -1.049918
 0.487500 0.055921 -1.055050
 0.490000 0.053310 -1.022303
 0.492500 0.050817 -0.963919
 0.495000 0.048486 -0.894665
 0.497500 0.046327 -0.828570
 0.500000 0.044319 -0.775249
 0.502500 0.042428 -0.736640
 0.505000 0.040616 -0.710732
 0.507500 0.038859 -0.690730
 0.510000 0.037153 -0.669381
 0.512500 0.035508 -0.639231
 0.515000 0.033954 -0.597583
 0.517500 0.032519 -0.544055
 0.520000 0.031230 -0.481800
 0.522500 0.030102 -0.416535
 0.525000 0.029136 -0.354125
 0.527500 0.028315 -0.301452
 0.530000 0.027610 -0.262280
 0.532500 0.026981 -0.240598
 0.535000 0.026384 -0.237736
 0.537500 0.025771 -0.252961
 0.540000 0.025099 -0.283558
 0.542500 0.024338 -0.323546
 0.545000 0.023474 -0.365217
 0.547500 0.022512 -0.400180
 0.550000 0.021478 -0.422051
 0.552500 0.020410 -0.427464
 0.555000 0.019350 -0.416689
 0.557500 0.018333 -0.392677
 0.560000 0.017388 -0.360658
 0.562500 0.016529 -0.325237
 0.565000 0.015759 -0.288685
 0.567500 0.015080 -0.252871
 0.570000 0.014489 -0.218611
 0.572500 0.013982 -0.185720
 0.575000 0.013553 -0.156284
 0.577500 0.013192 -0.132971
 0.580000 0.012877 -0.118225
 0.582500 0.012586 -0.115259
 0.585000 0.012287 -0.123697
 0.587500 0.011957 -0.140620
 0.590000 0.011578 -0.161297
 0.592500 0.011149 -0.179760
 0.595000 0.010682 -0.191653
 0.597500 0.010196 -0.194565
 0.600000 0.009713 -0.188948
 0.602500 0.009253 -0.177123
 0.605000 0.008827 -0.162761
 0.607500 0.008437 -0.148277
 0.610000 0.008082 -0.135727
 0.612500 0.007754 -0.125631
 0.615000 0.007449 -0.118279
 0.617500 0.007159 -0.113495
 0.620000 0.006878 -0.111657
 0.622500 0.006597 -0.112795
 0.625000 0.006309 -0.116690
 0.627500 0.006010 -0.122541
 0.630000 0.005694 -0.128482
 0.632500 0.005366 -0.132651
 0.635000 0.005033 -0.132742
 0.637500 0.004706 -0.127456
 0.640000 0.004399 -0.116448
 0.642500 0.004126 -0.100961
 0.645000 0.003895 -0.083292
 0.647500 0.003708 -0.066193
 0.650000 0.003560 -0.052239
 0.652500 0.003442 -0.042371
 0.655000 0.003344 -0.036407
 0.657500 0.003257 -0.032763
 0.660000 0.003179 -0.029170
 0.662500 0.003112 -0.024068
 0.665000 0.003060 -0.016677
 0.667500 0.003028 -0.007945
 0.670000 0.003019 0.000637
 0.672500 0.003029 0.007124
 0.675000 0.003051 0.010088
 0.677500 0.003075 0.008821
 0.680000 0.003091 0.003941
 0.682500 0.003092 -0.003680
 0.685000 0.003071 -0.013111
 0.687500 0.003025 -0.023798
 0.690000 0.002951 -0.035633
 0.692500 0.002846 -0.048149
 0.695000 0.002709 -0.060803
 0.697500 0.002542 -0.072139
 0.700000 0.002350 -0.080455
 0.702500 0.002143 -0.084059
 0.705000 0.001934 -0.082286
 0.707500 0.001736 -0.075352
 0.710000 0.001560 -0.064690
 0.712500 0.001413 -0.052370
 0.715000 0.001297 -0.040557
 0.717500 0.001208 -0.030844
 0.720000 0.001140 -0.023789
 0.722500 0.001086 -0.019459
 0.725000 0.001041 -0.016792
 0.727500 0.001001 -0.014931
 0.730000 0.000966 -0.013351
 0.732500 0.000934 -0.012044
 0.735000 0.000904 -0.011286
 0.737500 0.000876 -0.011620
 0.740000 0.000845 -0.013235
 0.742500 0.000808 -0.016041
 0.745000 0.000764 -0.019405
 0.747500 0.000711 -0.022725
 0.750000 0.000651 -0.025487
 0.752500 0.000584 -0.027217
 0.755000 0.000515 -0.027797
 0.757500 0.000446 -0.026925
 0.760000 0.000382 -0.024481
 0.762500 0.000325 -0.020308
 0.765000 0.000281 -0.014436
 0.767500 0.000254 -0.007354
 0.770000 0.000245 0.000104
 0.772500 0.000254 0.006709
 0.775000 0.000277 0.011222
 0.777500 0.000307 0.012696
 0.780000 0.000337 0.010711
 0.782500 0.000358 0.005660
 0.785000 0.000364 -0.001298
 0.787500 0.000351 -0.008633
 0.790000 0.000321 -0.014769
 0.792500 0.000279 -0.018499
 0.795000 0.000231 -0.019414
 0.797500 0.000184 -0.017497
 0.800000 0.000145 -0.013438
 0.802500 0.000118 -0.008060
 0.805000 0.000105 -0.002354
 0.807500 0.000106 0.002793
 0.810000 0.000118 0.006648
 0.812500 0.000138 0.008715
 0.815000 0.000160 0.008812
 0.817500 0.000180 0.007130
 0.820000 0.000195 0.004216
 0.822500 0.000201 0.000882
 0.825000 0.000199 -0.002150
 0.827500 0.000191 -0.004272
 0.830000 0.000178 -0.005357
 0.832500 0.000165 -0.005578
 0.835000 0.000151 -0.005386
 0.837500 0.000138 -0.005228
 0.840000 0.000125 -0.005362
 0.842500 0.000111 -0.005779
 0.845000 0.000096 -0.006269
 0.847500 0.000079 -0.006559
 0.850000 0.000063 -0.006449
 0.852500 0.000048 -0.005890
 0.855000 0.000034 -0.004977
 0.857500 0.000023 -0.003891
 0.860000 0.000014 -0.002777
 0.862500 0.000009 -0.001878
 0.865000 0.000005 -0.001177
 0.867500 0.000003 -0.000686
 0.870000 0.000001 -0.000372
 0.872500 0.000001 -0.000188
 0.875000 0.000000 -0.000089
 0.877500 0.000000 -0.000039
 0.880000 0.000000 0.000000
 0.882500 0.000000 0.000000
 0.885000 0.000000 0.000000
 0.887500 0.000000 0.000000
 0.890000 0.000000 0.000000
 0.892500 0.000000 0.000000
 0.895000 0.000000 0.000000
 0.897500 0.000000 0.000000
 0.900000 0.000000 0.000000
 0.902500 0.000000 0.000000
 0.905000 0.000000 0.000000
 0.907500 0.000000 0.000000
 0.910000 0.000000 0.000000
 0.912500 0.000000 0.000000
 0.915000 0.000000 0.000000
 0.917500 0.000000 0.000000
 0.920000 0.000000 0.000000
 0.922500 0.000000 0.000000
 0.925000 0.000000 0.000000
 0.927500 0.000000 0.000000
 0.930000 0.000000 0.000000
 0.932500 0.000000 0.000000
 0.935000 0.000000 0.000000
 0.937500 0.000000 0.000000
 0.940000 0.000000 0.000000
 0.942500 0.000000 0.000000
 0.945000 0.000000 0.000000
 0.947500 0.000000 0.000000
 0.950000 0.000000 0.000000
 0.952500 0.000000 0.000000
 0.955000 0.000000 0.000000
 0.957500 0.000000 0.000000
 0.960000 0.000000 0.000000
 0.962500 0.000000 0.000000
 0.965000 0.000000 0.000000
 0.967500 0.000000 0.000000
 0.970000 0.000000 0.000000
 0.972500 0.000000 0.000000
 0.975000 0.000000 0.000000
 0.977500 0.000000 0.000000
 0.980000 0.000000 0.000000
 0.982500 0.000000 0.000000
 0.985000 0.000000 0.000000
 0.987500 0.000000 0.000000
 0.990000 0.000000 0.000000
 0.992500 0.000000 0.000000
 0.995000 0.000000 0.000000
 0.997500 0.000000 0.000000
 1.000000 0.000000 0.000000
 1.002500 0.000000 0.000000
 1.005000 0.000000 0.000000
 1.007500 0.000000 0.000000
 1.010000 0.000000 0.000000
 1.012500 0.000000 0.000000
 1.015000 0.000000 0.000000
 1.017500 0.000000 0.000000
 1.020000 0.000000 0.000000
 1.022500 0.000000 0.000000
 1.025000 0.000000 0.000000
 1.027500 0.000000 0.000000
 1.030000 0.000000 0.000000
 1.032500 0.000000 0.000000
 1.035000 0.000000 0.000000
 1.037500 0.000000 0.000000
 1.040000 0.000000 0.000000
 1.042500 0.000000 0.000000
 1.045000 0.000000 0.000000
 1.047500 0.000000 0.000000
 1.050000 0.000000 0.000000
 1.052500 0.000000 0.000000
 1.055000 0.000000 0.000000
 1.057500 0.000000 0.000000
 1.060000 0.000000 0.000000
 1.062500 0.000000 0.000000
 1.065000 0.000000 0.000000
 1.067500 0.000000 0.000000
 1.070000 0.000000 0.000000
 1.072500 0.000000 0.000000
 1.075000 0.000000 0.000000
 1.077500 0.000000 0.000000
 1.080000 0.000000 0.000000
 1.082500 0.000000 0.000000
 1.085000 0.000000 0.000000
 1.087500 0.000000 0.000000
 1.090000 0.000000 0.000000
 1.092500 0.000000 0.000000
 1.095000 0.000000 0.000000
 1.097500 0.000000 0.000000
 1.100000 0.000000 0.000000
 1.102500 0.000000 0.000000
 1.105000 0.000000 0.000000
 1.107500 0.000000 0.000000
 1.110000 0.000000 0.000000
 1.112500 0.000000 0.000000
 1.115000 0.000000 0.000000
 1.117500 0.000000 0.000000
 1.120000 0.000000 0.000000
 1.122500 0.000000 0.000000
 1.125000 0.000000 0.000000
 1.127500 0.000000 0.000000
 1.130000 0.000000 0.000000
 1.132500 0.000000 0.000000
 1.135000 0.000000 0.000000
 1.137500 0.000000 0.000000
 1.140000 0.000000 0.000000
 1.142500 0.000000 0.000000
 1.145000 0.000000 0.000000
 1.147500 0.000000 0.000000
 1.150000 0.000000 0.000000
 1.152500 0.000000 0.000000
 1.155000 0.000000 0.000000
 1.157500 0.000000 0.000000
 1.160000 0.000000 0.000000
 1.162500 0.000000 0.000000
 1.165000 0.000000 0.000000
 1.167500 0.000000 0.000000
 1.170000 0.000000 0.000000
 1.172500 0.000000 0.000000
 1.175000 0.000000 0.000000
 1.177500 0.000000 0.000000
 1.180000 0.000000 0.000000
 1.182500 0.000000 0.000000
 1.185000 0.000000 0.000000
 1.187500 0.000000 0.000000
 1.190000 0.000000 0.000000
 1.192500 0.000000 0.000000
 1.195000 0.000000 0.000000
 1.197500 0.000000 0.000000
 1.200000 0.000000 0.000000
 1.202500 0.000000 0.000000
 1.205000 0.000000 0.000000
 1.207500 0.000000 0.000000
 1.210000 0.000000 0.000000
 1.212500 0.000000 0.000000
 1.215000 0.000000 0.000000
 1.217500 0.000000 0.000000
 1.220000 0.000000 0.000000
 1.222500 0.000000 0.000000
 1.225000 0.000000 0.000000
 1.227500 0.000000 0.000000
 1.230000 0.000000 0.000000
 1.232500 0.000000 0.000000
 1.235000 0.000000 0.000000
 1.237500 0.000000 0.000000
 1.240000 0.000000 0.000000
 1.242500 0.000000 0.000000
 1.245000 0.000000 0.000000
 1.247500 0.000000 0.000000
 1.250000 0.000000 0.000000
 1.252500 0.000000 0.000000
 1.255000 0.000000 0.000000
 1.257500 0.000000 0.000000
 1.260000 0.000000 0.000000
 1.262500 0.000000 0.000000
 1.265000 0.000000 0.000000
 1.267500 0.000000 0.000000
 1.270000 0.000000 0.000000
 1.272500 0.000000 0.000000
 1.275000 0.000000 0.000000
 1.277500 0.000000 0.000000
 1.280000 0.000000 0.000000
 1.282500 0.000000 0.000000
 1.285000 0.000000 0.000000
 1.287500 0.000000 0.000000
 1.290000 0.000000 0.000000
 1.292500 0.000000 0.000000
 1.295000 0.000000 0.000000
 1.297500 0.000000 0.000000
 1.300000 0.000000 0.000000
 1.302500 0.000000 0.000000
 1.305000 0.000000 0.000000
 1.307500 0.000000 0.000000
 1.310000 0.000000 0.000000
 1.312500 0.000000 0.000000
 1.315000 0.000000 0.000000
 1.317500 0.000000 0.000000
 1.320000 0.000000 0.000000
 1.322500 0.000000 0.000000
 1.325000 0.000000 0.000000
 1.327500 0.000000 0.000000
 1.330000 0.000000 0.000000
 1.332500 0.000000 0.000000
 1.335000 0.000000 0.000000
 1.337500 0.000000 0.000000
 1.340000 0.000000 0.000000
 1.342500 0.000000 0.000000
 1.345000 0.000000 0.000000
 1.347500 0.000000 0.000000
 1.350000 0.000000 0.000000
 1.352500 0.000000 0.000000
 1.355000 0.000000 0.000000
 1.357500 0.000000 0.000000
 1.360000 0.000000 0.000000
 1.362500 0.000000 0.000000
 1.365000 0.000000 0.000000
 1.367500 0.000000 0.000000
 1.370000 0.000000 0.000000
 1.372500 0.000000 0.000000
 1.375000 0.000000 0.000000
 1.377500 0.000000 0.000000
 1.380000 0.000000 0.000000
 1.382500 0.000000 0.000000
 1.385000 0.000000 0.000000
 1.387500 0.000000 0.000000
 1.390000 0.000000 0.000000
 1.392500 0.000000 0.000000
 1.395000 0.000000 0.000000
 1.397500 0.000000 0.000000
 1.400000 0.000000 0.000000
 1.402500 0.000000 0.000000
 1.405000 0.000000 0.000000
 1.407500 0.000000 0.000000
 1.410000 0.000000 0.000000
 1.412500 0.000000 0.000000
 1.415000 0.000000 0.000000
 1.417500 0.000000 0.000000
 1.420000 0.000000 0.000000
 1.422500 0.000000 0.000000
 1.425000 0.000000 0.000000
 1.427500 0.000000 0.000000
 1.430000 0.000000 0.000000
 1.432500 0.000000 0.000000
 1.435000 0.000000 0.000000
 1.437500 0.000000 0.000000
 1.440000 0.000000 0.000000
 1.442500 0.000000 0.000000
 1.445000 0.000000 0.000000
 1.447500 0.000000 0.000000
 1.450000 0.000000 0.000000
 1.452500 0.000000 0.000000
 1.455000 0.000000 0.000000
 1.457500 0.000000 0.000000
 1.460000 0.000000 0.000000
 1.462500 0.000000 0.000000
 1.465000 0.000000 0.000000
 1.467500 0.000000 0.000000
 1.470000 0.000000 0.000000
 1.472500 0.000000 0.000000
 1.475000 0.000000 0.000000
 1.477500 0.000000 0.000000
 1.480000 0.000000 0.000000
 1.482500 0.000000 0.000000
 1.485000 0.000000 0.000000
 1.487500 0.000000 0.000000
 1.490000 0.000000 0.000000
 1.492500 0.000000 0.000000
 1.495000 0.000000 0.000000
 1.497500 0.000000 0.000000
 1.500000 0.000000 0.000000
 1.502500 0.000000 0.000000
 1.505000 0.000000 0.000000
 1.507500 0.000000 0.000000
 1.510000 0.000000 0.000000
 1.512500 0.000000 0.000000
 1.515000 0.000000 0.000000
 1.517500 0.000000 0.000000
 1.520000 0.000000 0.000000
 1.522500 0.000000 0.000000
 1.525000 0.000000 0.000000
 1.527500 0.000000 0.000000
 1.530000 0.000000 0.000000
 1.532500 0.000000 0.000000
 1.535000 0.000000 0.000000
 1.537500 0.000000 0.000000
 1.540000 0.000000 0.000000
 1.542500 0.000000 0.000000
 1.545000 0.000000 0.000000
 1.547500 0.000000 0.000000
 1.550000 0.000000 0.000000
 1.552500 0.000000 0.000000
 1.555000 0.000000 0.000000
 1.557500 0.000000 0.000000
 1.560000 0.000000 0.000000
 1.562500 0.000000 0.000000
 1.565000 0.000000 0.000000
 1.567500 0.000000 0.000000
 1.570000 0.000000 0.000000
 1.572500 0.000000 0.000000
 1.575000 0.000000 0.000000
 1.577500 0.000000 0.000000
 1.580000 0.000000 0.000000
 1.582500 0.000000 0.000000
 1.585000 0.000000 0.000000
 1.587500 0.000000 0.000000
 1.590000 0.000000 0.000000
 1.592500 0.000000 0.000000
 1.595000 0.000000 0.000000
 1.597500 0.000000 0.000000
 1.600000 0.000000 0.000000
 1.602500 0.000000 0.000000
 1.605000 0.000000 0.000000
 1.607500 0.000000 0.000000
 1.610000 0.000000 0.000000
 1.612500 0.000000 0.000000
 1.615000 0.000000 0.000000
 1.617500 0.000000 0.000000
 1.620000 0.000000 0.000000
 1.622500 0.000000 0.000000
 1.625000 0.000000 0.000000
 1.627500 0.000000 0.000000
 1.630000 0.000000 0.000000
 1.632500 0.000000 0.000000
 1.635000 0.000000 0.000000
 1.637500 0.000000 0.000000
 1.640000 0.000000 0.000000
 1.642500 0.000000 0.000000
 1.645000 0.000000 0.000000
 1.647500 0.000000 0.000000
 1.650000 0.000000 0.000000
 1.652500 0.000000 0.000000
 1.655000 0.000000 0.000000
 1.657500 0.000000 0.000000
 1.660000 0.000000 0.000000
 1.662500 0.000000 0.000000
 1.665000 0.000000 0.000000
 1.667500 0.000000 0.000000
 1.670000 0.000000 0.000000
 1.672500 0.000000 0.000000
 1.675000 0.000000 0.000000
 1.677500 0.000000 0.000000
 1.680000 0.000000 0.000000
 1.682500 0.000000 0.000000
 1.685000 0.000000 0.000000
 1.687500 0.000000 0.000000
 1.690000 0.000000 0.000000
 1.692500 0.000000 0.000000
 1.695000 0.000000 0.000000
 1.697500 0.000000 0.000000
 1.700000 0.000000 0.000000
 1.702500 0.000000 0.000000
 1.705000 0.000000 0.000000
 1.707500 0.000000 0.000000
 1.710000 0.000000 0.000000
 1.712500 0.000000 0.000000
 1.715000 0.000000 0.000000
 1.717500 0.000000 0.000000
 1.720000 0.000000 0.000000
 1.722500 0.000000 0.000000
 1.725000 0.000000 0.000000
 1.727500 0.000000 0.000000
 1.730000 0.000000 0.000000
 1.732500 0.000000 0.000000
 1.735000 0.000000 0.000000
 1.737500 0.000000 0.000000
 1.740000 0.000000 0.000000
 1.742500 0.000000 0.000000
 1.745000 0.000000 0.000000
 1.747500 0.000000 0.000000
 1.750000 0.000000 0.000000
 1.752500 0.000000 0.000000
 1.755000 0.000000 0.000000
 1.757500 0.000000 0.000000
 1.760000 0.000000 0.000000
 1.762500 0.000000 0.000000
 1.765000 0.000000 0.000000
 1.767500 0.000000 0.000000
 1.770000 0.000000 0.000000
 1.772500 0.000000 0.000000
 1.775000 0.000000 0.000000
 1.777500 0.000000 0.000000
 1.780000 0.000000 0.000000
 1.782500 0.000000 0.000000
 1.785000 0.000000 0.000000
 1.787500 0.000000 0.000000
 1.790000 0.000000 0.000000
 1.792500 0.000000 0.000000
 1.795000 0.000000 0.000000
 1.797500 0.000000 0.000000
 1.800000 0.000000 0.000000
 1.802500 0.000000 0.000000
 1.805000 0.000000 0.000000
 1.807500 0.000000 0.000000
 1.810000 0.000000 0.000000
 1.812500 0.000000 0.000000
 1.815000 0.000000 0.000000
 1.817500 0.000000 0.000000
 1.820000 0.000000 0.000000
 1.822500 0.000000 0.000000
 1.825000 0.000000 0.000000
 1.827500 0.000000 0.000000
 1.830000 0.000000 0.000000
 1.832500 0.000000 0.000000
 1.835000 0.000000 0.000000
 1.837500 0.000000 0.000000
 1.840000 0.000000 0.000000
 1.842500 0.000000 0.000000
 1.845000 0.000000 0.000000
 1.847500 0.000000 0.000000
 1.850000 0.000000 0.000000
 1.852500 0.000000 0.000000
 1.855000 0.000000 0.000000
 1.857500 0.000000 0.000000
 1.860000 0.000000 0.000000
 1.862500 0.000000 0.000000
 1.865000 0.000000 0.000000
 1.867500 0.000000 0.000000
 1.870000 0.000000 0.000000
 1.872500 0.000000 0.000000
 1.875000 0.000000 0.000000
 1.877500 0.000000 0.000000
 1.880000 0.000000 0.000000
 1.882500 0.000000 0.000000
 1.885000 0.000000 0.000000
 1.887500 0.000000 0.000000
 1.890000 0.000000 0.000000
 1.892500 0.000000 0.000000
 1.895000 0.000000 0.000000
 1.897500 0.000000 0.000000
 1.900000 0.000000 0.000000
 1.902500 0.000000 0.000000
 1.905000 0.000000 0.000000
 1.907500 0.000000 0.000000
 1.910000 0.000000 0.000000
 1.912500 0.000000 0.000000
 1.915000 0.000000 0.000000
 1.917500 0.000000 0.000000
 1.920000 0.000000 0.000000
 1.922500 0.000000 0.000000
 1.925000 0.000000 0.000000
 1.927500 0.000000 0.000000
 1.930000 0.000000 0.000000
 1.932500 0.000000 0.000000
 1.935000 0.000000 0.000000
 1.937500 0.000000 0.000000
 1.940000 0.000000 0.000000
 1.942500 0.000000 0.000000
 1.945000 0.000000 0.000000
 1.947500 0.000000 0.000000
 1.950000 0.000000 0.000000
 1.952500 0.000000 0.000000
 1.955000 0.000000 0.000000
 1.957500 0.000000 0.000000
 1.960000 0.000000 0.000000
 1.962500 0.000000 0.000000
 1.965000 0.000000 0.000000
 1.967500 0.000000 0.000000
 1.970000 0.000000 0.000000
 1.972500 0.000000 0.000000
 1.975000 0.000000 0.000000
 1.977500 0.000000 0.000000
 1.980000 0.000000 0.000000
 1.982500 0.000000 0.000000
 1.985000 0.000000 0.000000
 1.987500 0.000000 0.000000
 1.990000 0.000000 0.000000
 1.992500 0.000000 0.000000
 1.995000 0.000000 0.000000
 1.997500 0.000000 0.000000
 2.000000 0.000000 0.000000
