#! FIELDS es hh dhh_es
#! SET normalisation  2000.000000
#! SET min_es -0.5
#! SET max_es 2
#! SET nbins_es  1000
#! SET periodic_es false
 -0.500000 0.000000 0.000000
 -0.497500 0.000000 0.000000
 -0.495000 0.000000 0.000000
 -0.492500 0.000000 0.000000
 -0.490000 0.000000 0.000000
 -0.487500 0.000000 0.000000
 -0.485000 0.000000 0.000000
 -0.482500 0.000000 0.000000
 -0.480000 0.000000 0.000000
 -0.477500 0.000000 0.000000
 -0.475000 0.000000 0.000000
 -0.472500 0.000000 0.000000
 -0.470000 0.000000 0.000000
 -0.467500 0.000000 0.000000
 -0.465000 0.000000 0.000000
 -0.462500 0.000000 0.000000
 -0.460000 0.000000 0.000000
 -0.457500 0.000000 0.000000
 -0.455000 0.000000 0.000000
 -0.452500 0.000000 0.000000
 -0.450000 0.000000 0.000000
 -0.447500 0.000000 0.000000
 -0.445000 0.000000 0.000000
 -0.442500 0.000000 0.000000
 -0.440000 0.000000 0.000000
 -0.437500 0.000000 0.000000
 -0.435000 0.000000 0.000000
 -0.432500 0.000000 0.000000
 -0.430000 0.000000 0.000000
 -0.427500 0.000000 0.000000
 -0.425000 0.000000 0.000000
 -0.422500 0.000000 0.000000
 -0.420000 0.000000 0.000000
 -0.417500 0.000000 0.000000
 -0.415000 0.000000 0.000000
 -0.412500 0.000000 0.000000
 -0.410000 0.000000 0.000000
 -0.407500 0.000000 0.000000
 -0.405000 0.000000 0.000000
 -0.402500 0.000000 0.000000
 -0.400000 0.000000 0.000000
 -0.397500 0.000000 0.000000
 -0.395000 0.000000 0.000000
 -0.392500 0.000000 0.000000
 -0.390000 0.000000 0.000000
 -0.387500 0.000000 0.000000
 -0.385000 0.000000 0.000000
 -0.382500 0.000000 0.000000
 -0.380000 0.000000 0.000000
 -0.377500 0.000000 0.000000
 -0.375000 0.000000 0.000000
 -0.372500 0.000000 0.000000
 -0.370000 0.000000 0.000000
 -0.367500 0.000000 0.000000
 -0.365000 0.000000 0.000000
 -0.362500 0.000000 0.000000
 -0.360000 0.000000 0.000000
 -0.357500 0.000000 0.000000
 -0.355000 0.000000 0.000000
 -0.352500 0.000000 0.000000
 -0.350000 0.000000 0.000000
 -0.347500 0.000000 0.000000
 -0.345000 0.000000 0.000000
 -0.342500 0.000000 0.000000
 -0.340000 0.000000 0.000000
 -0.337500 0.000000 0.000000
 -0.335000 0.000000 0.000000
 -0.332500 0.000000 0.000000
 -0.330000 0.000000 0.000000
 -0.327500 0.000000 0.000000
 -0.325000 0.000000 0.000000
 -0.322500 0.000000 0.000000
 -0.320000 0.000000 0.000000
 -0.317500 0.000000 0.000000
 -0.315000 0.000000 0.000000
 -0.312500 0.000000 0.000000
 -0.310000 0.000000 0.000000
 -0.307500 0.000000 0.000000
 -0.305000 0.000000 0.000000
 -0.302500 0.000000 0.000000
 -0.300000 0.000000 0.000000
 -0.297500 0.000000 0.000000
 -0.295000 0.000000 0.000000
 -0.292500 0.000000 0.000000
 -0.290000 0.000000 0.000000
 -0.287500 0.000000 0.000000
 -0.285000 0.000000 0.000000
 -0.282500 0.000000 0.000000
 -0.280000 0.000000 0.000000
 -0.277500 0.000000 0.000000
 -0.275000 0.000000 0.000000
 -0.272500 0.000000 0.000000
 -0.270000 0.000000 0.000000
 -0.267500 0.000000 0.000000
 -0.265000 0.000000 0.000000
 -0.262500 0.000000 0.000000
 -0.260000 0.000000 0.000000
 -0.257500 0.000000 0.000000
 -0.255000 0.000000 0.000000
 -0.252500 0.000000 0.000000
 -0.250000 0.000000 0.000000
 -0.247500 0.000000 0.000000
 -0.245000 0.000000 0.000000
 -0.242500 0.000000 0.000000
 -0.240000 0.000000 0.000000
 -0.237500 0.000000 0.000000
 -0.235000 0.000000 0.000000
 -0.232500 0.000000 0.000000
 -0.230000 0.000000 0.000000
 -0.227500 0.000000 0.000000
 -0.225000 0.000000 0.000000
 -0.222500 0.000000 0.000000
 -0.220000 0.000000 0.000000
 -0.217500 0.000000 0.000000
 -0.215000 0.000000 0.000000
 -0.212500 0.000000 0.000000
 -0.210000 0.000000 0.000000
 -0.207500 0.000000 0.000000
 -0.205000 0.000000 0.000000
 -0.202500 0.000000 0.000000
 -0.200000 0.000000 0.000000
 -0.197500 0.000000 0.000000
 -0.195000 0.000000 0.000000
 -0.192500 0.000000 0.000000
 -0.190000 0.000000 0.000000
 -0.187500 0.000000 0.000000
 -0.185000 0.000000 0.000000
 -0.182500 0.000000 0.000000
 -0.180000 0.000000 0.000000
 -0.177500 0.000000 0.000000
 -0.175000 0.000000 0.000000
 -0.172500 0.000000 0.000000
 -0.170000 0.000000 0.000000
 -0.167500 0.000000 0.000000
 -0.165000 0.000000 0.000000
 -0.162500 0.000000 0.000000
 -0.160000 0.000000 0.000000
 -0.157500 0.000000 0.000000
 -0.155000 0.000000 0.000000
 -0.152500 0.000000 0.000000
 -0.150000 0.000000 0.000000
 -0.147500 0.000000 0.000000
 -0.145000 0.000000 0.000000
 -0.142500 0.000000 0.000000
 -0.140000 0.000000 0.000000
 -0.137500 0.000000 0.000000
 -0.135000 0.000000 0.000000
 -0.132500 0.000000 0.000000
 -0.130000 0.000000 0.000000
 -0.127500 0.000000 0.000000
 -0.125000 0.000000 0.000000
 -0.122500 0.000000 0.000000
 -0.120000 0.000000 0.000000
 -0.117500 0.000000 0.000000
 -0.115000 0.000000 0.000000
 -0.112500 0.000000 0.000000
 -0.110000 0.000000 0.000000
 -0.107500 0.000000 0.000000
 -0.105000 0.000000 0.000000
 -0.102500 0.000000 0.000000
 -0.100000 0.000000 0.000000
 -0.097500 0.000000 0.000000
 -0.095000 0.000000 0.000000
 -0.092500 0.000000 0.000000
 -0.090000 0.000000 0.000000
 -0.087500 0.000000 0.000000
 -0.085000 0.000000 0.000000
 -0.082500 0.000000 0.000000
 -0.080000 0.000000 0.000000
 -0.077500 0.000000 0.000000
 -0.075000 0.000000 0.000000
 -0.072500 0.000000 0.000000
 -0.070000 0.000000 0.000000
 -0.067500 0.000000 0.000000
 -0.065000 0.000000 0.000000
 -0.062500 0.000000 0.000000
 -0.060000 0.000000 0.000000
 -0.057500 0.000000 0.000000
 -0.055000 0.000000 0.000000
 -0.052500 0.000000 0.000000
 -0.050000 0.000000 0.000000
 -0.047500 0.000000 0.000000
 -0.045000 0.000000 0.000000
 -0.042500 0.000000 0.000000
 -0.040000 0.000000 0.000000
 -0.037500 0.000000 0.000000
 -0.035000 0.000000 0.000000
 -0.032500 0.000049 0.019606
 -0.030000 0.000885 0.339956
 -0.027500 0.003008 1.100635
 -0.025000 0.007967 2.749599
 -0.022500 0.018952 6.123867
 -0.020000 0.041821 12.566956
 -0.017500 0.086608 24.049933
 -0.015000 0.168947 43.068429
 -0.012500 0.311003 72.252079
 -0.010000 0.540914 113.577403
 -0.007500 0.889772 167.240872
 -0.005000 1.385741 230.530872
 -0.002500 2.045792 297.174688
 0.000000 2.867043 357.725982
 0.002500 3.820623 401.224232
 0.005000 4.851112 417.882722
 0.007500 5.883134 401.965002
 0.010000 6.834265 353.771231
 0.012500 7.630830 279.874852
 0.015000 8.221862 191.444660
 0.017500 8.587005 101.255811
 0.020000 8.736498 20.529321
 0.022500 8.704188 -43.330658
 0.025000 8.536694 -87.513590
 0.027500 8.282454 -113.178980
 0.030000 7.983526 -123.995269
 0.032500 7.671349 -124.534709
 0.035000 7.366166 -119.033727
 0.037500 7.078777 -110.740543
 0.040000 6.813293 -101.769080
 0.042500 6.569810 -93.268497
 0.045000 6.346312 -85.684978
 0.047500 6.139755 -78.916035
 0.050000 5.948678 -73.273833
 0.052500 5.770673 -68.520514
 0.055000 5.603756 -64.427644
 0.057500 5.446510 -60.852705
 0.060000 5.297750 -57.659702
 0.062500 5.156629 -54.755767
 0.065000 5.022539 -52.060578
 0.067500 4.895043 -49.486240
 0.070000 4.773925 -46.974014
 0.072500 4.659086 -44.482825
 0.075000 4.550464 -42.017509
 0.077500 4.447949 -39.626552
 0.080000 4.351251 -37.389141
 0.082500 4.259896 -35.379050
 0.085000 4.173231 -33.649777
 0.087500 4.090550 -32.200637
 0.090000 4.011207 -30.985409
 0.092500 3.934711 -29.910244
 0.095000 3.860826 -28.892748
 0.097500 3.789492 -27.869359
 0.100000 3.720769 -26.821416
 0.102500 3.654682 -25.770985
 0.105000 3.591180 -24.770746
 0.107500 3.530058 -23.881222
 0.110000 3.470993 -23.144123
 0.112500 3.413577 -22.567052
 0.115000 3.357417 -22.141984
 0.117500 3.302170 -21.841588
 0.120000 3.247536 -21.637099
 0.122500 3.193337 -21.505825
 0.125000 3.139422 -21.400960
 0.127500 3.085783 -21.280212
 0.130000 3.032527 -21.081927
 0.132500 2.979941 -20.754516
 0.135000 2.928378 -20.257460
 0.137500 2.878269 -19.602740
 0.140000 2.829940 -18.857923
 0.142500 2.783477 -18.121929
 0.145000 2.738725 -17.513655
 0.147500 2.695240 -17.125655
 0.150000 2.652402 -16.990676
 0.152500 2.609611 -17.089018
 0.155000 2.566363 -17.339384
 0.157500 2.522406 -17.651691
 0.160000 2.477692 -17.929296
 0.162500 2.432389 -18.124843
 0.165000 2.386726 -18.213801
 0.167500 2.340971 -18.206204
 0.170000 2.295342 -18.115441
 0.172500 2.250042 -17.945631
 0.175000 2.205268 -17.696539
 0.177500 2.161237 -17.354415
 0.180000 2.118183 -16.925694
 0.182500 2.076290 -16.428137
 0.185000 2.035673 -15.911182
 0.187500 1.996317 -15.437727
 0.190000 1.958018 -15.069220
 0.192500 1.920463 -14.857530
 0.195000 1.883213 -14.820248
 0.197500 1.845847 -14.958473
 0.200000 1.807968 -15.219950
 0.202500 1.769347 -15.542001
 0.205000 1.729925 -15.848847
 0.207500 1.689835 -16.071185
 0.210000 1.649337 -16.168351
 0.212500 1.608764 -16.140330
 0.215000 1.568382 -16.019833
 0.217500 1.528351 -15.876604
 0.220000 1.488632 -15.792075
 0.222500 1.448979 -15.830242
 0.225000 1.409027 -16.041245
 0.227500 1.368319 -16.434778
 0.230000 1.326426 -16.980008
 0.232500 1.283034 -17.623748
 0.235000 1.237995 -18.290800
 0.237500 1.191346 -18.899823
 0.240000 1.143318 -19.383322
 0.242500 1.094302 -19.683362
 0.245000 1.044809 -19.757243
 0.247500 0.995455 -19.578588
 0.250000 0.946882 -19.133468
 0.252500 0.899747 -18.442812
 0.255000 0.854607 -17.541336
 0.257500 0.811918 -16.498064
 0.260000 0.771944 -15.382574
 0.262500 0.734787 -14.257791
 0.265000 0.700408 -13.163612
 0.267500 0.668706 -12.123379
 0.270000 0.639530 -11.137781
 0.272500 0.612750 -10.212674
 0.275000 0.588208 -9.357694
 0.277500 0.565707 -8.584965
 0.280000 0.545014 -7.920000
 0.282500 0.525831 -7.384314
 0.285000 0.507811 -6.988444
 0.287500 0.490613 -6.730575
 0.290000 0.473914 -6.587072
 0.292500 0.457483 -6.515993
 0.295000 0.441193 -6.463324
 0.297500 0.425074 -6.378153
 0.300000 0.409257 -6.216513
 0.302500 0.393958 -5.960447
 0.305000 0.379416 -5.620092
 0.307500 0.365804 -5.223931
 0.310000 0.353208 -4.820918
 0.312500 0.341584 -4.454507
 0.315000 0.330790 -4.158536
 0.317500 0.320633 -3.947728
 0.320000 0.310908 -3.810259
 0.322500 0.301465 -3.719274
 0.325000 0.292229 -3.640536
 0.327500 0.283201 -3.546431
 0.330000 0.274444 -3.425842
 0.332500 0.266025 -3.278735
 0.335000 0.257990 -3.121144
 0.337500 0.250343 -2.974331
 0.340000 0.243033 -2.856590
 0.342500 0.235970 -2.779173
 0.345000 0.229047 -2.744188
 0.347500 0.222168 -2.744705
 0.350000 0.215256 -2.764683
 0.352500 0.208290 -2.786691
 0.355000 0.201289 -2.789222
 0.357500 0.194325 -2.755799
 0.360000 0.187498 -2.679229
 0.362500 0.180918 -2.561209
 0.365000 0.174672 -2.414391
 0.367500 0.168811 -2.259332
 0.370000 0.163327 -2.114048
 0.372500 0.158177 -1.998455
 0.375000 0.153269 -1.918000
 0.377500 0.148514 -1.876312
 0.380000 0.143823 -1.866778
 0.382500 0.139128 -1.876007
 0.385000 0.134402 -1.890909
 0.387500 0.129647 -1.896636
 0.390000 0.124901 -1.882328
 0.392500 0.120224 -1.841708
 0.395000 0.115682 -1.776136
 0.397500 0.111331 -1.691303
 0.400000 0.107207 -1.596492
 0.402500 0.103321 -1.502263
 0.405000 0.099664 -1.415359
 0.407500 0.096214 -1.337763
 0.410000 0.092946 -1.266702
 0.412500 0.089855 -1.197088
 0.415000 0.086941 -1.123189
 0.417500 0.084220 -1.044144
 0.420000 0.081700 -0.962459
 0.422500 0.079379 -0.887737
 0.425000 0.077225 -0.830598
 0.427500 0.075180 -0.802098
 0.430000 0.073166 -0.806893
 0.432500 0.071102 -0.843184
 0.435000 0.068915 -0.900850
 0.437500 0.066573 -0.967149
 0.440000 0.064070 -1.026204
 0.442500 0.061441 -1.067214
 0.445000 0.058740 -1.082939
 0.447500 0.056032 -1.073308
 0.450000 0.053377 -1.041849
 0.452500 0.050822 -0.995498
 0.455000 0.048393 -0.941470
 0.457500 0.046102 -0.886133
 0.460000 0.043947 -0.833604
 0.462500 0.041917 -0.785814
 0.465000 0.040002 -0.741785
 0.467500 0.038195 -0.699809
 0.470000 0.036493 -0.655673
 0.472500 0.034907 -0.607537
 0.475000 0.033447 -0.554870
 0.477500 0.032124 -0.499723
 0.480000 0.030937 -0.447318
 0.482500 0.029871 -0.403954
 0.485000 0.028894 -0.376043
 0.487500 0.027966 -0.366869
 0.490000 0.027040 -0.373022
 0.492500 0.026084 -0.389680
 0.495000 0.025085 -0.406749
 0.497500 0.024051 -0.414780
 0.500000 0.023016 -0.407657
 0.502500 0.022022 -0.382191
 0.505000 0.021112 -0.340866
 0.507500 0.020319 -0.290586
 0.510000 0.019652 -0.241083
 0.512500 0.019098 -0.202772
 0.515000 0.018619 -0.182638
 0.517500 0.018162 -0.184145
 0.520000 0.017676 -0.205641
 0.522500 0.017118 -0.240623
 0.525000 0.016465 -0.280094
 0.527500 0.015718 -0.313938
 0.530000 0.014902 -0.334242
 0.532500 0.014057 -0.336970
 0.535000 0.013229 -0.320888
 0.537500 0.012462 -0.289997
 0.540000 0.011783 -0.250780
 0.542500 0.011204 -0.211518
 0.545000 0.010716 -0.178897
 0.547500 0.010299 -0.156204
 0.550000 0.009925 -0.142787
 0.552500 0.009577 -0.135034
 0.555000 0.009247 -0.127841
 0.557500 0.008937 -0.117501
 0.560000 0.008658 -0.103513
 0.562500 0.008418 -0.088250
 0.565000 0.008212 -0.075895
 0.567500 0.008029 -0.070774
 0.570000 0.007847 -0.075792
 0.572500 0.007639 -0.090772
 0.575000 0.007384 -0.113712
 0.577500 0.007067 -0.139620
 0.580000 0.006687 -0.163229
 0.582500 0.006256 -0.179132
 0.585000 0.005799 -0.184132
 0.587500 0.005343 -0.177245
 0.590000 0.004919 -0.160116
 0.592500 0.004547 -0.136286
 0.595000 0.004238 -0.110500
 0.597500 0.003991 -0.087040
 0.600000 0.003798 -0.068299
 0.602500 0.003644 -0.054858
 0.605000 0.003518 -0.045830
 0.607500 0.003412 -0.038793
 0.610000 0.003323 -0.031633
 0.612500 0.003254 -0.022941
 0.615000 0.003209 -0.012529
 0.617500 0.003191 -0.001321
 0.620000 0.003200 0.008953
 0.622500 0.003232 0.016309
 0.625000 0.003277 0.019225
 0.627500 0.003323 0.016951
 0.630000 0.003357 0.010028
 0.632500 0.003370 -0.000256
 0.635000 0.003354 -0.012328
 0.637500 0.003307 -0.025017
 0.640000 0.003229 -0.037126
 0.642500 0.003122 -0.048209
 0.645000 0.002988 -0.057916
 0.647500 0.002833 -0.065701
 0.650000 0.002661 -0.071308
 0.652500 0.002479 -0.074002
 0.655000 0.002294 -0.073096
 0.657500 0.002116 -0.068476
 0.660000 0.001954 -0.060604
 0.662500 0.001814 -0.050520
 0.665000 0.001701 -0.040105
 0.667500 0.001612 -0.031207
 0.670000 0.001541 -0.025543
 0.672500 0.001480 -0.023654
 0.675000 0.001420 -0.024964
 0.677500 0.001354 -0.027914
 0.680000 0.001280 -0.030783
 0.682500 0.001201 -0.032015
 0.685000 0.001121 -0.031033
 0.687500 0.001046 -0.028162
 0.690000 0.000981 -0.024176
 0.692500 0.000925 -0.020289
 0.695000 0.000878 -0.017315
 0.697500 0.000837 -0.015813
 0.700000 0.000797 -0.015821
 0.702500 0.000757 -0.016921
 0.705000 0.000712 -0.018883
 0.707500 0.000662 -0.021259
 0.710000 0.000605 -0.023660
 0.712500 0.000543 -0.025880
 0.715000 0.000476 -0.027252
 0.717500 0.000408 -0.027415
 0.720000 0.000341 -0.025854
 0.722500 0.000280 -0.022294
 0.725000 0.000231 -0.016730
 0.727500 0.000197 -0.009680
 0.730000 0.000183 -0.001856
 0.732500 0.000188 0.005754
 0.735000 0.000210 0.011809
 0.737500 0.000245 0.015362
 0.740000 0.000284 0.015739
 0.742500 0.000320 0.012887
 0.745000 0.000346 0.007156
 0.747500 0.000355 -0.000199
 0.750000 0.000345 -0.007702
 0.752500 0.000317 -0.014047
 0.755000 0.000276 -0.018206
 0.757500 0.000228 -0.019754
 0.760000 0.000179 -0.018750
 0.762500 0.000136 -0.015716
 0.765000 0.000102 -0.011350
 0.767500 0.000080 -0.006344
 0.770000 0.000070 -0.001295
 0.772500 0.000073 0.003323
 0.775000 0.000086 0.007037
 0.777500 0.000107 0.009451
 0.780000 0.000132 0.010245
 0.782500 0.000157 0.009329
 0.785000 0.000177 0.006877
 0.787500 0.000190 0.003365
 0.790000 0.000194 -0.000330
 0.792500 0.000189 -0.003396
 0.795000 0.000178 -0.005299
 0.797500 0.000164 -0.005856
 0.800000 0.000149 -0.005351
 0.802500 0.000137 -0.004358
 0.805000 0.000127 -0.003495
 0.807500 0.000119 -0.003188
 0.810000 0.000111 -0.003541
 0.812500 0.000101 -0.004355
 0.815000 0.000089 -0.005259
 0.817500 0.000075 -0.005886
 0.820000 0.000060 -0.006009
 0.822500 0.000045 -0.005593
 0.825000 0.000032 -0.004766
 0.827500 0.000022 -0.003696
 0.830000 0.000014 -0.002685
 0.832500 0.000008 -0.001803
 0.835000 0.000005 -0.001122
 0.837500 0.000002 -0.000649
 0.840000 0.000001 -0.000350
 0.842500 0.000001 -0.000176
 0.845000 0.000000 -0.000083
 0.847500 0.000000 -0.000036
 0.850000 0.000000 0.000000
 0.852500 0.000000 0.000000
 0.855000 0.000000 0.000000
 0.857500 0.000000 0.000000
 0.860000 0.000000 0.000000
 0.862500 0.000000 0.000000
 0.865000 0.000000 0.000000
 0.867500 0.000000 0.000000
 0.870000 0.000000 0.000000
 0.872500 0.000000 0.000000
 0.875000 0.000000 0.000000
 0.877500 0.000000 0.000000
 0.880000 0.000000 0.000000
 0.882500 0.000000 0.000000
 0.885000 0.000000 0.000000
 0.887500 0.000000 0.000000
 0.890000 0.000000 0.000000
 0.892500 0.000000 0.000000
 0.895000 0.000000 0.000000
 0.897500 0.000000 0.000000
 0.900000 0.000000 0.000000
 0.902500 0.000000 0.000000
 0.905000 0.000000 0.000000
 0.907500 0.000000 0.000000
 0.910000 0.000000 0.000000
 0.912500 0.000000 0.000000
 0.915000 0.000000 0.000000
 0.917500 0.000000 0.000000
 0.920000 0.000000 0.000000
 0.922500 0.000000 0.000000
 0.925000 0.000000 0.000000
 0.927500 0.000000 0.000000
 0.930000 0.000000 0.000000
 0.932500 0.000000 0.000000
 0.935000 0.000000 0.000000
 0.937500 0.000000 0.000000
 0.940000 0.000000 0.000000
 0.942500 0.000000 0.000000
 0.945000 0.000000 0.000000
 0.947500 0.000000 0.000000
 0.950000 0.000000 0.000000
 0.952500 0.000000 0.000000
 0.955000 0.000000 0.000000
 0.957500 0.000000 0.000000
 0.960000 0.000000 0.000000
 0.962500 0.000000 0.000000
 0.965000 0.000000 0.000000
 0.967500 0.000000 0.000000
 0.970000 0.000000 0.000000
 0.972500 0.000000 0.000000
 0.975000 0.000000 0.000000
 0.977500 0.000000 0.000000
 0.980000 0.000000 0.000000
 0.982500 0.000000 0.000000
 0.985000 0.000000 0.000000
 0.987500 0.000000 0.000000
 0.990000 0.000000 0.000000
 0.992500 0.000000 0.000000
 0.995000 0.000000 0.000000
 0.997500 0.000000 0.000000
 1.000000 0.000000 0.000000
 1.002500 0.000000 0.000000
 1.005000 0.000000 0.000000
 1.007500 0.000000 0.000000
 1.010000 0.000000 0.000000
 1.012500 0.000000 0.000000
 1.015000 0.000000 0.000000
 1.017500 0.000000 0.000000
 1.020000 0.000000 0.000000
 1.022500 0.000000 0.000000
 1.025000 0.000000 0.000000
 1.027500 0.000000 0.000000
 1.030000 0.000000 0.000000
 1.032500 0.000000 0.000000
 1.035000 0.000000 0.000000
 1.037500 0.000000 0.000000
 1.040000 0.000000 0.000000
 1.042500 0.000000 0.000000
 1.045000 0.000000 0.000000
 1.047500 0.000000 0.000000
 1.050000 0.000000 0.000000
 1.052500 0.000000 0.000000
 1.055000 0.000000 0.000000
 1.057500 0.000000 0.000000
 1.060000 0.000000 0.000000
 1.062500 0.000000 0.000000
 1.065000 0.000000 0.000000
 1.067500 0.000000 0.000000
 1.070000 0.000000 0.000000
 1.072500 0.000000 0.000000
 1.075000 0.000000 0.000000
 1.077500 0.000000 0.000000
 1.080000 0.000000 0.000000
 1.082500 0.000000 0.000000
 1.085000 0.000000 0.000000
 1.087500 0.000000 0.000000
 1.090000 0.000000 0.000000
 1.092500 0.000000 0.000000
 1.095000 0.000000 0.000000
 1.097500 0.000000 0.000000
 1.100000 0.000000 0.000000
 1.102500 0.000000 0.000000
 1.105000 0.000000 0.000000
 1.107500 0.000000 0.000000
 1.110000 0.000000 0.000000
 1.112500 0.000000 0.000000
 1.115000 0.000000 0.000000
 1.117500 0.000000 0.000000
 1.120000 0.000000 0.000000
 1.122500 0.000000 0.000000
 1.125000 0.000000 0.000000
 1.127500 0.000000 0.000000
 1.130000 0.000000 0.000000
 1.132500 0.000000 0.000000
 1.135000 0.000000 0.000000
 1.137500 0.000000 0.000000
 1.140000 0.000000 0.000000
 1.142500 0.000000 0.000000
 1.145000 0.000000 0.000000
 1.147500 0.000000 0.000000
 1.150000 0.000000 0.000000
 1.152500 0.000000 0.000000
 1.155000 0.000000 0.000000
 1.157500 0.000000 0.000000
 1.160000 0.000000 0.000000
 1.162500 0.000000 0.000000
 1.165000 0.000000 0.000000
 1.167500 0.000000 0.000000
 1.170000 0.000000 0.000000
 1.172500 0.000000 0.000000
 1.175000 0.000000 0.000000
 1.177500 0.000000 0.000000
 1.180000 0.000000 0.000000
 1.182500 0.000000 0.000000
 1.185000 0.000000 0.000000
 1.187500 0.000000 0.000000
 1.190000 0.000000 0.000000
 1.192500 0.000000 0.000000
 1.195000 0.000000 0.000000
 1.197500 0.000000 0.000000
 1.200000 0.000000 0.000000
 1.202500 0.000000 0.000000
 1.205000 0.000000 0.000000
 1.207500 0.000000 0.000000
 1.210000 0.000000 0.000000
 1.212500 0.000000 0.000000
 1.215000 0.000000 0.000000
 1.217500 0.000000 0.000000
 1.220000 0.000000 0.000000
 1.222500 0.000000 0.000000
 1.225000 0.000000 0.000000
 1.227500 0.000000 0.000000
 1.230000 0.000000 0.000000
 1.232500 0.000000 0.000000
 1.235000 0.000000 0.000000
 1.237500 0.000000 0.000000
 1.240000 0.000000 0.000000
 1.242500 0.000000 0.000000
 1.245000 0.000000 0.000000
 1.247500 0.000000 0.000000
 1.250000 0.000000 0.000000
 1.252500 0.000000 0.000000
 1.255000 0.000000 0.000000
 1.257500 0.000000 0.000000
 1.260000 0.000000 0.000000
 1.262500 0.000000 0.000000
 1.265000 0.000000 0.000000
 1.267500 0.000000 0.000000
 1.270000 0.000000 0.000000
 1.272500 0.000000 0.000000
 1.275000 0.000000 0.000000
 1.277500 0.000000 0.000000
 1.280000 0.000000 0.000000
 1.282500 0.000000 0.000000
 1.285000 0.000000 0.000000
 1.287500 0.000000 0.000000
 1.290000 0.000000 0.000000
 1.292500 0.000000 0.000000
 1.295000 0.000000 0.000000
 1.297500 0.000000 0.000000
 1.300000 0.000000 0.000000
 1.302500 0.000000 0.000000
 1.305000 0.000000 0.000000
 1.307500 0.000000 0.000000
 1.310000 0.000000 0.000000
 1.312500 0.000000 0.000000
 1.315000 0.000000 0.000000
 1.317500 0.000000 0.000000
 1.320000 0.000000 0.000000
 1.322500 0.000000 0.000000
 1.325000 0.000000 0.000000
 1.327500 0.000000 0.000000
 1.330000 0.000000 0.000000
 1.332500 0.000000 0.000000
 1.335000 0.000000 0.000000
 1.337500 0.000000 0.000000
 1.340000 0.000000 0.000000
 1.342500 0.000000 0.000000
 1.345000 0.000000 0.000000
 1.347500 0.000000 0.000000
 1.350000 0.000000 0.000000
 1.352500 0.000000 0.000000
 1.355000 0.000000 0.000000
 1.357500 0.000000 0.000000
 1.360000 0.000000 0.000000
 1.362500 0.000000 0.000000
 1.365000 0.000000 0.000000
 1.367500 0.000000 0.000000
 1.370000 0.000000 0.000000
 1.372500 0.000000 0.000000
 1.375000 0.000000 0.000000
 1.377500 0.000000 0.000000
 1.380000 0.000000 0.000000
 1.382500 0.000000 0.000000
 1.385000 0.000000 0.000000
 1.387500 0.000000 0.000000
 1.390000 0.000000 0.000000
 1.392500 0.000000 0.000000
 1.395000 0.000000 0.000000
 1.397500 0.000000 0.000000
 1.400000 0.000000 0.000000
 1.402500 0.000000 0.000000
 1.405000 0.000000 0.000000
 1.407500 0.000000 0.000000
 1.410000 0.000000 0.000000
 1.412500 0.000000 0.000000
 1.415000 0.000000 0.000000
 1.417500 0.000000 0.000000
 1.420000 0.000000 0.000000
 1.422500 0.000000 0.000000
 1.425000 0.000000 0.000000
 1.427500 0.000000 0.000000
 1.430000 0.000000 0.000000
 1.432500 0.000000 0.000000
 1.435000 0.000000 0.000000
 1.437500 0.000000 0.000000
 1.440000 0.000000 0.000000
 1.442500 0.000000 0.000000
 1.445000 0.000000 0.000000
 1.447500 0.000000 0.000000
 1.450000 0.000000 0.000000
 1.452500 0.000000 0.000000
 1.455000 0.000000 0.000000
 1.457500 0.000000 0.000000
 1.460000 0.000000 0.000000
 1.462500 0.000000 0.000000
 1.465000 0.000000 0.000000
 1.467500 0.000000 0.000000
 1.470000 0.000000 0.000000
 1.472500 0.000000 0.000000
 1.475000 0.000000 0.000000
 1.477500 0.000000 0.000000
 1.480000 0.000000 0.000000
 1.482500 0.000000 0.000000
 1.485000 0.000000 0.000000
 1.487500 0.000000 0.000000
 1.490000 0.000000 0.000000
 1.492500 0.000000 0.000000
 1.495000 0.000000 0.000000
 1.497500 0.000000 0.000000
 1.500000 0.000000 0.000000
 1.502500 0.000000 0.000000
 1.505000 0.000000 0.000000
 1.507500 0.000000 0.000000
 1.510000 0.000000 0.000000
 1.512500 0.000000 0.000000
 1.515000 0.000000 0.000000
 1.517500 0.000000 0.000000
 1.520000 0.000000 0.000000
 1.522500 0.000000 0.000000
 1.525000 0.000000 0.000000
 1.527500 0.000000 0.000000
 1.530000 0.000000 0.000000
 1.532500 0.000000 0.000000
 1.535000 0.000000 0.000000
 1.537500 0.000000 0.000000
 1.540000 0.000000 0.000000
 1.542500 0.000000 0.000000
 1.545000 0.000000 0.000000
 1.547500 0.000000 0.000000
 1.550000 0.000000 0.000000
 1.552500 0.000000 0.000000
 1.555000 0.000000 0.000000
 1.557500 0.000000 0.000000
 1.560000 0.000000 0.000000
 1.562500 0.000000 0.000000
 1.565000 0.000000 0.000000
 1.567500 0.000000 0.000000
 1.570000 0.000000 0.000000
 1.572500 0.000000 0.000000
 1.575000 0.000000 0.000000
 1.577500 0.000000 0.000000
 1.580000 0.000000 0.000000
 1.582500 0.000000 0.000000
 1.585000 0.000000 0.000000
 1.587500 0.000000 0.000000
 1.590000 0.000000 0.000000
 1.592500 0.000000 0.000000
 1.595000 0.000000 0.000000
 1.597500 0.000000 0.000000
 1.600000 0.000000 0.000000
 1.602500 0.000000 0.000000
 1.605000 0.000000 0.000000
 1.607500 0.000000 0.000000
 1.610000 0.000000 0.000000
 1.612500 0.000000 0.000000
 1.615000 0.000000 0.000000
 1.617500 0.000000 0.000000
 1.620000 0.000000 0.000000
 1.622500 0.000000 0.000000
 1.625000 0.000000 0.000000
 1.627500 0.000000 0.000000
 1.630000 0.000000 0.000000
 1.632500 0.000000 0.000000
 1.635000 0.000000 0.000000
 1.637500 0.000000 0.000000
 1.640000 0.000000 0.000000
 1.642500 0.000000 0.000000
 1.645000 0.000000 0.000000
 1.647500 0.000000 0.000000
 1.650000 0.000000 0.000000
 1.652500 0.000000 0.000000
 1.655000 0.000000 0.000000
 1.657500 0.000000 0.000000
 1.660000 0.000000 0.000000
 1.662500 0.000000 0.000000
 1.665000 0.000000 0.000000
 1.667500 0.000000 0.000000
 1.670000 0.000000 0.000000
 1.672500 0.000000 0.000000
 1.675000 0.000000 0.000000
 1.677500 0.000000 0.000000
 1.680000 0.000000 0.000000
 1.682500 0.000000 0.000000
 1.685000 0.000000 0.000000
 1.687500 0.000000 0.000000
 1.690000 0.000000 0.000000
 1.692500 0.000000 0.000000
 1.695000 0.000000 0.000000
 1.697500 0.000000 0.000000
 1.700000 0.000000 0.000000
 1.702500 0.000000 0.000000
 1.705000 0.000000 0.000000
 1.707500 0.000000 0.000000
 1.710000 0.000000 0.000000
 1.712500 0.000000 0.000000
 1.715000 0.000000 0.000000
 1.717500 0.000000 0.000000
 1.720000 0.000000 0.000000
 1.722500 0.000000 0.000000
 1.725000 0.000000 0.000000
 1.727500 0.000000 0.000000
 1.730000 0.000000 0.000000
 1.732500 0.000000 0.000000
 1.735000 0.000000 0.000000
 1.737500 0.000000 0.000000
 1.740000 0.000000 0.000000
 1.742500 0.000000 0.000000
 1.745000 0.000000 0.000000
 1.747500 0.000000 0.000000
 1.750000 0.000000 0.000000
 1.752500 0.000000 0.000000
 1.755000 0.000000 0.000000
 1.757500 0.000000 0.000000
 1.760000 0.000000 0.000000
 1.762500 0.000000 0.000000
 1.765000 0.000000 0.000000
 1.767500 0.000000 0.000000
 1.770000 0.000000 0.000000
 1.772500 0.000000 0.000000
 1.775000 0.000000 0.000000
 1.777500 0.000000 0.000000
 1.780000 0.000000 0.000000
 1.782500 0.000000 0.000000
 1.785000 0.000000 0.000000
 1.787500 0.000000 0.000000
 1.790000 0.000000 0.000000
 1.792500 0.000000 0.000000
 1.795000 0.000000 0.000000
 1.797500 0.000000 0.000000
 1.800000 0.000000 0.000000
 1.802500 0.000000 0.000000
 1.805000 0.000000 0.000000
 1.807500 0.000000 0.000000
 1.810000 0.000000 0.000000
 1.812500 0.000000 0.000000
 1.815000 0.000000 0.000000
 1.817500 0.000000 0.000000
 1.820000 0.000000 0.000000
 1.822500 0.000000 0.000000
 1.825000 0.000000 0.000000
 1.827500 0.000000 0.000000
 1.830000 0.000000 0.000000
 1.832500 0.000000 0.000000
 1.835000 0.000000 0.000000
 1.837500 0.000000 0.000000
 1.840000 0.000000 0.000000
 1.842500 0.000000 0.000000
 1.845000 0.000000 0.000000
 1.847500 0.000000 0.000000
 1.850000 0.000000 0.000000
 1.852500 0.000000 0.000000
 1.855000 0.000000 0.000000
 1.857500 0.000000 0.000000
 1.860000 0.000000 0.000000
 1.862500 0.000000 0.000000
 1.865000 0.000000 0.000000
 1.867500 0.000000 0.000000
 1.870000 0.000000 0.000000
 1.872500 0.000000 0.000000
 1.875000 0.000000 0.000000
 1.877500 0.000000 0.000000
 1.880000 0.000000 0.000000
 1.882500 0.000000 0.000000
 1.885000 0.000000 0.000000
 1.887500 0.000000 0.000000
 1.890000 0.000000 0.000000
 1.892500 0.000000 0.000000
 1.895000 0.000000 0.000000
 1.897500 0.000000 0.000000
 1.900000 0.000000 0.000000
 1.902500 0.000000 0.000000
 1.905000 0.000000 0.000000
 1.907500 0.000000 0.000000
 1.910000 0.000000 0.000000
 1.912500 0.000000 0.000000
 1.915000 0.000000 0.000000
 1.917500 0.000000 0.000000
 1.920000 0.000000 0.000000
 1.922500 0.000000 0.000000
 1.925000 0.000000 0.000000
 1.927500 0.000000 0.000000
 1.930000 0.000000 0.000000
 1.932500 0.000000 0.000000
 1.935000 0.000000 0.000000
 1.937500 0.000000 0.000000
 1.940000 0.000000 0.000000
 1.942500 0.000000 0.000000
 1.945000 0.000000 0.000000
 1.947500 0.000000 0.000000
 1.950000 0.000000 0.000000
 1.952500 0.000000 0.000000
 1.955000 0.000000 0.000000
 1.957500 0.000000 0.000000
 1.960000 0.000000 0.000000
 1.962500 0.000000 0.000000
 1.965000 0.000000 0.000000
 1.967500 0.000000 0.000000
 1.970000 0.000000 0.000000
 1.972500 0.000000 0.000000
 1.975000 0.000000 0.000000
 1.977500 0.000000 0.000000
 1.980000 0.000000 0.000000
 1.982500 0.000000 0.000000
 1.985000 0.000000 0.000000
 1.987500 0.000000 0.000000
 1.990000 0.000000 0.000000
 1.992500 0.000000 0.000000
 1.995000 0.000000 0.000000
 1.997500 0.000000 0.000000
 2.000000 0.000000 0.000000
