#! FIELDS es hh dhh_es
#! SET normalisation  2000.000000
#! SET min_es -0.5
#! SET max_es 2
#! SET nbins_es  1000
#! SET periodic_es false
 -0.500000 0.000000 0.000000
 -0.497500 0.000000 0.000000
 -0.495000 0.000000 0.000000
 -0.492500 0.000000 0.000000
 -0.490000 0.000000 0.000000
 -0.487500 0.000000 0.000000
 -0.485000 0.000000 0.000000
 -0.482500 0.000000 0.000000
 -0.480000 0.000000 0.000000
 -0.477500 0.000000 0.000000
 -0.475000 0.000000 0.000000
 -0.472500 0.000000 0.000000
 -0.470000 0.000000 0.000000
 -0.467500 0.000000 0.000000
 -0.465000 0.000000 0.000000
 -0.462500 0.000000 0.000000
 -0.460000 0.000000 0.000000
 -0.457500 0.000000 0.000000
 -0.455000 0.000000 0.000000
 -0.452500 0.000000 0.000000
 -0.450000 0.000000 0.000000
 -0.447500 0.000000 0.000000
 -0.445000 0.000000 0.000000
 -0.442500 0.000000 0.000000
 -0.440000 0.000000 0.000000
 -0.437500 0.000000 0.000000
 -0.435000 0.000000 0.000000
 -0.432500 0.000000 0.000000
 -0.430000 0.000000 0.000000
 -0.427500 0.000000 0.000000
 -0.425000 0.000000 0.000000
 -0.422500 0.000000 0.000000
 -0.420000 0.000000 0.000000
 -0.417500 0.000000 0.000000
 -0.415000 0.000000 0.000000
 -0.412500 0.000000 0.000000
 -0.410000 0.000000 0.000000
 -0.407500 0.000000 0.000000
 -0.405000 0.000000 0.000000
 -0.402500 0.000000 0.000000
 -0.400000 0.000000 0.000000
 -0.397500 0.000000 0.000000
 -0.395000 0.000000 0.000000
 -0.392500 0.000000 0.000000
 -0.390000 0.000000 0.000000
 -0.387500 0.000000 0.000000
 -0.385000 0.000000 0.000000
 -0.382500 0.000000 0.000000
 -0.380000 0.000000 0.000000
 -0.377500 0.000000 0.000000
 -0.375000 0.000000 0.000000
 -0.372500 0.000000 0.000000
 -0.370000 0.000000 0.000000
 -0.367500 0.000000 0.000000
 -0.365000 0.000000 0.000000
 -0.362500 0.000000 0.000000
 -0.360000 0.000000 0.000000
 -0.357500 0.000000 0.000000
 -0.355000 0.000000 0.000000
 -0.352500 0.000000 0.000000
 -0.350000 0.000000 0.000000
 -0.347500 0.000000 0.000000
 -0.345000 0.000000 0.000000
 -0.342500 0.000000 0.000000
 -0.340000 0.000000 0.000000
 -0.337500 0.000000 0.000000
 -0.335000 0.000000 0.000000
 -0.332500 0.000000 0.000000
 -0.330000 0.000000 0.000000
 -0.327500 0.000000 0.000000
 -0.325000 0.000000 0.000000
 -0.322500 0.000000 0.000000
 -0.320000 0.000000 0.000000
 -0.317500 0.000000 0.000000
 -0.315000 0.000000 0.000000
 -0.312500 0.000000 0.000000
 -0.310000 0.000000 0.000000
 -0.307500 0.000000 0.000000
 -0.305000 0.000000 0.000000
 -0.302500 0.000000 0.000000
 -0.300000 0.000000 0.000000
 -0.297500 0.000000 0.000000
 -0.295000 0.000000 0.000000
 -0.292500 0.000000 0.000000
 -0.290000 0.000000 0.000000
 -0.287500 0.000000 0.000000
 -0.285000 0.000000 0.000000
 -0.282500 0.000000 0.000000
 -0.280000 0.000000 0.000000
 -0.277500 0.000000 0.000000
 -0.275000 0.000000 0.000000
 -0.272500 0.000000 0.000000
 -0.270000 0.000000 0.000000
 -0.267500 0.000000 0.000000
 -0.265000 0.000000 0.000000
 -0.262500 0.000000 0.000000
 -0.260000 0.000000 0.000000
 -0.257500 0.000000 0.000000
 -0.255000 0.000000 0.000000
 -0.252500 0.000000 0.000000
 -0.250000 0.000000 0.000000
 -0.247500 0.000000 0.000000
 -0.245000 0.000000 0.000000
 -0.242500 0.000000 0.000000
 -0.240000 0.000000 0.000000
 -0.237500 0.000000 0.000000
 -0.235000 0.000000 0.000000
 -0.232500 0.000000 0.000000
 -0.230000 0.000000 0.000000
 -0.227500 0.000000 0.000000
 -0.225000 0.000000 0.000000
 -0.222500 0.000000 0.000000
 -0.220000 0.000000 0.000000
 -0.217500 0.000000 0.000000
 -0.215000 0.000000 0.000000
 -0.212500 0.000000 0.000000
 -0.210000 0.000000 0.000000
 -0.207500 0.000000 0.000000
 -0.205000 0.000000 0.000000
 -0.202500 0.000000 0.000000
 -0.200000 0.000000 0.000000
 -0.197500 0.000000 0.000000
 -0.195000 0.000000 0.000000
 -0.192500 0.000000 0.000000
 -0.190000 0.000000 0.000000
 -0.187500 0.000000 0.000000
 -0.185000 0.000000 0.000000
 -0.182500 0.000000 0.000000
 -0.180000 0.000000 0.000000
 -0.177500 0.000000 0.000000
 -0.175000 0.000000 0.000000
 -0.172500 0.000000 0.000000
 -0.170000 0.000000 0.000000
 -0.167500 0.000000 0.000000
 -0.165000 0.000000 0.000000
 -0.162500 0.000000 0.000000
 -0.160000 0.000000 0.000000
 -0.157500 0.000000 0.000000
 -0.155000 0.000000 0.000000
 -0.152500 0.000000 0.000000
 -0.150000 0.000000 0.000000
 -0.147500 0.000000 0.000000
 -0.145000 0.000000 0.000000
 -0.142500 0.000000 0.000000
 -0.140000 0.000000 0.000000
 -0.137500 0.000000 0.000000
 -0.135000 0.000000 0.000000
 -0.132500 0.000000 0.000000
 -0.130000 0.000000 0.000000
 -0.127500 0.000000 0.000000
 -0.125000 0.000000 0.000000
 -0.122500 0.000000 0.000000
 -0.120000 0.000000 0.000000
 -0.117500 0.000000 0.000000
 -0.115000 0.000000 0.000000
 -0.112500 0.000000 0.000000
 -0.110000 0.000000 0.000000
 -0.107500 0.000000 0.000000
 -0.105000 0.000000 0.000000
 -0.102500 0.000000 0.000000
 -0.100000 0.000000 0.000000
 -0.097500 0.000000 0.000000
 -0.095000 0.000000 0.000000
 -0.092500 0.000000 0.000000
 -0.090000 0.000000 0.000000
 -0.087500 0.000000 0.000000
 -0.085000 0.000000 0.000000
 -0.082500 0.000000 0.000000
 -0.080000 0.000000 0.000000
 -0.077500 0.000000 0.000000
 -0.075000 0.000000 0.000000
 -0.072500 0.000000 0.000000
 -0.070000 0.000000 0.000000
 -0.067500 0.000000 0.000000
 -0.065000 0.000000 0.000000
 -0.062500 0.000000 0.000000
 -0.060000 0.000000 0.000000
 -0.057500 0.000000 0.000000
 -0.055000 0.000000 0.000000
 -0.052500 0.000000 0.000000
 -0.050000 0.000000 0.000000
 -0.047500 0.000000 0.000000
 -0.045000 0.000000 0.000000
 -0.042500 0.000000 0.000000
 -0.040000 0.000000 0.000000
 -0.037500 0.000000 0.000000
 -0.035000 0.000000 0.000000
 -0.032500 0.000114 0.045163
 -0.030000 0.001436 0.549288
 -0.027500 0.004567 1.659646
 -0.025000 0.011786 4.031498
 -0.022500 0.027570 8.809039
 -0.020000 0.060091 17.820000
 -0.017500 0.123019 33.642959
 -0.015000 0.237238 59.419477
 -0.012500 0.431618 98.244656
 -0.010000 0.741575 152.041362
 -0.007500 1.204354 220.098112
 -0.005000 1.850690 297.736580
 -0.002500 2.693974 375.792592
 0.000000 3.719923 441.575637
 0.002500 4.880636 481.446137
 0.005000 6.096716 484.487070
 0.007500 7.268655 446.016402
 0.010000 8.295300 369.527918
 0.012500 9.094133 266.135648
 0.015000 9.617085 151.643155
 0.017500 9.857135 42.339516
 0.020000 9.844316 -48.946598
 0.022500 9.633810 -115.162524
 0.025000 9.290694 -155.309822
 0.027500 8.876360 -173.007738
 0.030000 8.439657 -174.285120
 0.032500 8.013600 -165.487744
 0.035000 7.616465 -151.891594
 0.037500 7.255362 -137.125221
 0.040000 6.930362 -123.232503
 0.042500 6.638024 -111.062264
 0.045000 6.373530 -100.641289
 0.047500 6.132052 -91.563629
 0.050000 5.911445 -84.091993
 0.052500 5.708249 -77.735721
 0.055000 5.520040 -72.212712
 0.057500 5.344905 -67.330162
 0.060000 5.181394 -62.952270
 0.062500 5.028362 -58.972842
 0.065000 4.884932 -55.296069
 0.067500 4.750429 -51.856709
 0.070000 4.624294 -48.628912
 0.072500 4.505977 -45.628834
 0.075000 4.394864 -42.900522
 0.077500 4.290204 -40.474334
 0.080000 4.191251 -38.351995
 0.082500 4.097290 -36.488322
 0.085000 4.007768 -34.806977
 0.087500 3.922315 -33.225141
 0.090000 3.840766 -31.690618
 0.092500 3.763038 -30.193099
 0.095000 3.688988 -28.751817
 0.097500 3.618419 -27.438197
 0.100000 3.550922 -26.311513
 0.102500 3.485971 -25.415008
 0.105000 3.422959 -24.761653
 0.107500 3.361323 -24.328078
 0.110000 3.300560 -24.055546
 0.112500 3.240361 -23.872093
 0.115000 3.180584 -23.705938
 0.117500 3.121278 -23.488865
 0.120000 3.062643 -23.166336
 0.122500 3.004998 -22.698207
 0.125000 2.948735 -22.068955
 0.127500 2.894237 -21.293745
 0.130000 2.841803 -20.433857
 0.132500 2.791546 -19.575562
 0.135000 2.743331 -18.829952
 0.137500 2.696742 -18.279883
 0.140000 2.651219 -17.987268
 0.142500 2.606108 -17.947963
 0.145000 2.560834 -18.112059
 0.147500 2.514998 -18.383002
 0.150000 2.468450 -18.663316
 0.152500 2.421283 -18.868070
 0.155000 2.373773 -18.950694
 0.157500 2.326239 -18.883524
 0.160000 2.279045 -18.680250
 0.162500 2.232492 -18.371783
 0.165000 2.186832 -17.984305
 0.167500 2.142229 -17.534127
 0.170000 2.098820 -17.029708
 0.172500 2.056725 -16.485603
 0.175000 2.016028 -15.916252
 0.177500 1.976755 -15.357516
 0.180000 1.938815 -14.855468
 0.182500 1.902004 -14.472711
 0.185000 1.865949 -14.255462
 0.187500 1.830199 -14.234991
 0.190000 1.794266 -14.397898
 0.192500 1.757744 -14.700785
 0.195000 1.720368 -15.066214
 0.197500 1.682088 -15.411612
 0.200000 1.643052 -15.666669
 0.202500 1.603548 -15.781590
 0.205000 1.563956 -15.740853
 0.207500 1.524650 -15.564273
 0.210000 1.485907 -15.291075
 0.212500 1.447904 -14.990518
 0.215000 1.410612 -14.737082
 0.217500 1.373829 -14.597973
 0.220000 1.337193 -14.622448
 0.222500 1.300272 -14.830080
 0.225000 1.262622 -15.197033
 0.227500 1.223905 -15.675999
 0.230000 1.183916 -16.205639
 0.232500 1.142600 -16.734006
 0.235000 1.100004 -17.228689
 0.237500 1.056229 -17.675963
 0.240000 1.011410 -18.071655
 0.242500 0.965692 -18.386283
 0.245000 0.919333 -18.576159
 0.247500 0.872733 -18.568989
 0.250000 0.826483 -18.290218
 0.252500 0.781336 -17.681318
 0.255000 0.738141 -16.734227
 0.257500 0.697693 -15.495578
 0.260000 0.660608 -14.066302
 0.262500 0.627202 -12.575343
 0.265000 0.597467 -11.155074
 0.267500 0.571082 -9.909952
 0.270000 0.547518 -8.909679
 0.272500 0.526132 -8.170628
 0.275000 0.506293 -7.669449
 0.277500 0.487462 -7.358182
 0.280000 0.469240 -7.173315
 0.282500 0.451390 -7.047298
 0.285000 0.433844 -6.925926
 0.287500 0.416658 -6.759336
 0.290000 0.399981 -6.517190
 0.292500 0.384020 -6.196562
 0.295000 0.368947 -5.810575
 0.297500 0.354886 -5.399589
 0.300000 0.341844 -5.003793
 0.302500 0.329735 -4.658417
 0.305000 0.318413 -4.377410
 0.307500 0.307720 -4.151482
 0.310000 0.297547 -3.956077
 0.312500 0.287853 -3.764332
 0.315000 0.278658 -3.559510
 0.317500 0.269995 -3.341015
 0.320000 0.261881 -3.123578
 0.322500 0.254289 -2.930057
 0.325000 0.247127 -2.780605
 0.327500 0.240271 -2.689296
 0.330000 0.233573 -2.654976
 0.332500 0.226900 -2.667897
 0.335000 0.220155 -2.711411
 0.337500 0.213283 -2.765649
 0.340000 0.206287 -2.810109
 0.342500 0.199209 -2.826164
 0.345000 0.192138 -2.801037
 0.347500 0.185191 -2.729598
 0.350000 0.178484 -2.613200
 0.352500 0.172116 -2.458944
 0.355000 0.166162 -2.286769
 0.357500 0.160643 -2.116520
 0.360000 0.155523 -1.968941
 0.362500 0.150727 -1.860919
 0.365000 0.146142 -1.799416
 0.367500 0.141656 -1.780904
 0.370000 0.137175 -1.792730
 0.372500 0.132649 -1.815084
 0.375000 0.128074 -1.828296
 0.377500 0.123493 -1.817523
 0.380000 0.118978 -1.776541
 0.382500 0.114605 -1.705952
 0.385000 0.110437 -1.615564
 0.387500 0.106507 -1.517799
 0.390000 0.102816 -1.427303
 0.392500 0.099330 -1.353736
 0.395000 0.096002 -1.302041
 0.397500 0.092783 -1.268243
 0.400000 0.089634 -1.241187
 0.402500 0.086556 -1.209842
 0.405000 0.083573 -1.164040
 0.407500 0.080728 -1.100351
 0.410000 0.078061 -1.022889
 0.412500 0.075592 -0.943795
 0.415000 0.073309 -0.878757
 0.417500 0.071159 -0.838723
 0.420000 0.069070 -0.831060
 0.422500 0.066964 -0.851886
 0.425000 0.064779 -0.891237
 0.427500 0.062486 -0.937217
 0.430000 0.060082 -0.977476
 0.432500 0.057593 -1.005256
 0.435000 0.055055 -1.017127
 0.437500 0.052508 -1.012766
 0.440000 0.049990 -0.992477
 0.442500 0.047543 -0.957589
 0.445000 0.045203 -0.906457
 0.447500 0.043010 -0.841739
 0.450000 0.040992 -0.766188
 0.452500 0.039170 -0.687481
 0.455000 0.037541 -0.613241
 0.457500 0.036084 -0.550268
 0.460000 0.034765 -0.502821
 0.462500 0.033544 -0.472847
 0.465000 0.032378 -0.457472
 0.467500 0.031236 -0.454392
 0.470000 0.030091 -0.458464
 0.472500 0.028933 -0.465288
 0.475000 0.027759 -0.469518
 0.477500 0.026583 -0.466939
 0.480000 0.025425 -0.454288
 0.482500 0.024313 -0.429682
 0.485000 0.023278 -0.394270
 0.487500 0.022343 -0.350497
 0.490000 0.021522 -0.303856
 0.492500 0.020814 -0.261262
 0.495000 0.020200 -0.229526
 0.497500 0.019647 -0.214237
 0.500000 0.019110 -0.216330
 0.502500 0.018547 -0.233933
 0.505000 0.017926 -0.262539
 0.507500 0.017226 -0.295087
 0.510000 0.016449 -0.324276
 0.512500 0.015609 -0.343798
 0.515000 0.014736 -0.349444
 0.517500 0.013869 -0.340391
 0.520000 0.013042 -0.317700
 0.522500 0.012286 -0.284512
 0.525000 0.011620 -0.246300
 0.527500 0.011051 -0.208324
 0.530000 0.010571 -0.174971
 0.532500 0.010166 -0.150037
 0.535000 0.009812 -0.133080
 0.537500 0.009491 -0.123274
 0.540000 0.009189 -0.116998
 0.542500 0.008902 -0.111349
 0.545000 0.008631 -0.104200
 0.547500 0.008379 -0.095772
 0.550000 0.008148 -0.088521
 0.552500 0.007931 -0.085935
 0.555000 0.007710 -0.090766
 0.557500 0.007467 -0.104318
 0.560000 0.007181 -0.124204
 0.562500 0.006843 -0.145960
 0.565000 0.006453 -0.163901
 0.567500 0.006028 -0.173786
 0.570000 0.005591 -0.172859
 0.572500 0.005171 -0.161439
 0.575000 0.004789 -0.142211
 0.577500 0.004462 -0.119205
 0.580000 0.004191 -0.096591
 0.582500 0.003974 -0.077450
 0.585000 0.003799 -0.062791
 0.587500 0.003655 -0.052250
 0.590000 0.003535 -0.043877
 0.592500 0.003435 -0.035732
 0.595000 0.003356 -0.026695
 0.597500 0.003301 -0.016514
 0.600000 0.003272 -0.006096
 0.602500 0.003269 0.003363
 0.605000 0.003286 0.010543
 0.607500 0.003317 0.014029
 0.610000 0.003352 0.013510
 0.612500 0.003381 0.009439
 0.615000 0.003396 0.002394
 0.617500 0.003391 -0.006604
 0.620000 0.003361 -0.017073
 0.622500 0.003305 -0.028246
 0.625000 0.003219 -0.040147
 0.627500 0.003103 -0.052396
 0.630000 0.002957 -0.064085
 0.632500 0.002784 -0.073994
 0.635000 0.002589 -0.080532
 0.637500 0.002384 -0.082390
 0.640000 0.002182 -0.078514
 0.642500 0.001996 -0.069118
 0.645000 0.001839 -0.055828
 0.647500 0.001718 -0.041064
 0.650000 0.001632 -0.027392
 0.652500 0.001576 -0.017603
 0.655000 0.001539 -0.012796
 0.657500 0.001508 -0.012964
 0.660000 0.001471 -0.016555
 0.662500 0.001423 -0.021629
 0.665000 0.001363 -0.026300
 0.667500 0.001292 -0.029385
 0.670000 0.001217 -0.030567
 0.672500 0.001141 -0.030034
 0.675000 0.001067 -0.028442
 0.677500 0.000998 -0.026374
 0.680000 0.000935 -0.024300
 0.682500 0.000876 -0.022577
 0.685000 0.000821 -0.021358
 0.687500 0.000769 -0.020893
 0.690000 0.000716 -0.021390
 0.692500 0.000661 -0.022722
 0.695000 0.000601 -0.024837
 0.697500 0.000536 -0.026930
 0.700000 0.000467 -0.028387
 0.702500 0.000395 -0.028516
 0.705000 0.000326 -0.026722
 0.707500 0.000263 -0.022788
 0.710000 0.000213 -0.016916
 0.712500 0.000180 -0.009613
 0.715000 0.000166 -0.001692
 0.717500 0.000171 0.005943
 0.720000 0.000194 0.012037
 0.722500 0.000229 0.015768
 0.725000 0.000270 0.016467
 0.727500 0.000309 0.014004
 0.730000 0.000337 0.008725
 0.732500 0.000351 0.001679
 0.735000 0.000345 -0.005852
 0.737500 0.000322 -0.012448
 0.740000 0.000284 -0.017134
 0.742500 0.000238 -0.019361
 0.745000 0.000190 -0.019099
 0.747500 0.000145 -0.016773
 0.750000 0.000107 -0.013018
 0.752500 0.000080 -0.008483
 0.755000 0.000065 -0.003713
 0.757500 0.000061 0.000863
 0.760000 0.000069 0.004905
 0.762500 0.000085 0.008037
 0.765000 0.000108 0.009914
 0.767500 0.000133 0.010249
 0.770000 0.000158 0.008985
 0.772500 0.000177 0.006272
 0.775000 0.000188 0.002689
 0.777500 0.000190 -0.000940
 0.780000 0.000184 -0.003892
 0.782500 0.000172 -0.005592
 0.785000 0.000157 -0.005919
 0.787500 0.000143 -0.005183
 0.790000 0.000132 -0.003978
 0.792500 0.000123 -0.002942
 0.795000 0.000116 -0.002525
 0.797500 0.000110 -0.002853
 0.800000 0.000102 -0.003735
 0.802500 0.000091 -0.004790
 0.805000 0.000078 -0.005616
 0.807500 0.000063 -0.005941
 0.810000 0.000049 -0.005692
 0.812500 0.000035 -0.004945
 0.815000 0.000024 -0.003942
 0.817500 0.000015 -0.002921
 0.820000 0.000009 -0.001998
 0.822500 0.000005 -0.001266
 0.825000 0.000003 -0.000746
 0.827500 0.000001 -0.000409
 0.830000 0.000001 -0.000209
 0.832500 0.000000 -0.000100
 0.835000 0.000000 -0.000044
 0.837500 0.000000 0.000000
 0.840000 0.000000 0.000000
 0.842500 0.000000 0.000000
 0.845000 0.000000 0.000000
 0.847500 0.000000 0.000000
 0.850000 0.000000 0.000000
 0.852500 0.000000 0.000000
 0.855000 0.000000 0.000000
 0.857500 0.000000 0.000000
 0.860000 0.000000 0.000000
 0.862500 0.000000 0.000000
 0.865000 0.000000 0.000000
 0.867500 0.000000 0.000000
 0.870000 0.000000 0.000000
 0.872500 0.000000 0.000000
 0.875000 0.000000 0.000000
 0.877500 0.000000 0.000000
 0.880000 0.000000 0.000000
 0.882500 0.000000 0.000000
 0.885000 0.000000 0.000000
 0.887500 0.000000 0.000000
 0.890000 0.000000 0.000000
 0.892500 0.000000 0.000000
 0.895000 0.000000 0.000000
 0.897500 0.000000 0.000000
 0.900000 0.000000 0.000000
 0.902500 0.000000 0.000000
 0.905000 0.000000 0.000000
 0.907500 0.000000 0.000000
 0.910000 0.000000 0.000000
 0.912500 0.000000 0.000000
 0.915000 0.000000 0.000000
 0.917500 0.000000 0.000000
 0.920000 0.000000 0.000000
 0.922500 0.000000 0.000000
 0.925000 0.000000 0.000000
 0.927500 0.000000 0.000000
 0.930000 0.000000 0.000000
 0.932500 0.000000 0.000000
 0.935000 0.000000 0.000000
 0.937500 0.000000 0.000000
 0.940000 0.000000 0.000000
 0.942500 0.000000 0.000000
 0.945000 0.000000 0.000000
 0.947500 0.000000 0.000000
 0.950000 0.000000 0.000000
 0.952500 0.000000 0.000000
 0.955000 0.000000 0.000000
 0.957500 0.000000 0.000000
 0.960000 0.000000 0.000000
 0.962500 0.000000 0.000000
 0.965000 0.000000 0.000000
 0.967500 0.000000 0.000000
 0.970000 0.000000 0.000000
 0.972500 0.000000 0.000000
 0.975000 0.000000 0.000000
 0.977500 0.000000 0.000000
 0.980000 0.000000 0.000000
 0.982500 0.000000 0.000000
 0.985000 0.000000 0.000000
 0.987500 0.000000 0.000000
 0.990000 0.000000 0.000000
 0.992500 0.000000 0.000000
 0.995000 0.000000 0.000000
 0.997500 0.000000 0.000000
 1.000000 0.000000 0.000000
 1.002500 0.000000 0.000000
 1.005000 0.000000 0.000000
 1.007500 0.000000 0.000000
 1.010000 0.000000 0.000000
 1.012500 0.000000 0.000000
 1.015000 0.000000 0.000000
 1.017500 0.000000 0.000000
 1.020000 0.000000 0.000000
 1.022500 0.000000 0.000000
 1.025000 0.000000 0.000000
 1.027500 0.000000 0.000000
 1.030000 0.000000 0.000000
 1.032500 0.000000 0.000000
 1.035000 0.000000 0.000000
 1.037500 0.000000 0.000000
 1.040000 0.000000 0.000000
 1.042500 0.000000 0.000000
 1.045000 0.000000 0.000000
 1.047500 0.000000 0.000000
 1.050000 0.000000 0.000000
 1.052500 0.000000 0.000000
 1.055000 0.000000 0.000000
 1.057500 0.000000 0.000000
 1.060000 0.000000 0.000000
 1.062500 0.000000 0.000000
 1.065000 0.000000 0.000000
 1.067500 0.000000 0.000000
 1.070000 0.000000 0.000000
 1.072500 0.000000 0.000000
 1.075000 0.000000 0.000000
 1.077500 0.000000 0.000000
 1.080000 0.000000 0.000000
 1.082500 0.000000 0.000000
 1.085000 0.000000 0.000000
 1.087500 0.000000 0.000000
 1.090000 0.000000 0.000000
 1.092500 0.000000 0.000000
 1.095000 0.000000 0.000000
 1.097500 0.000000 0.000000
 1.100000 0.000000 0.000000
 1.102500 0.000000 0.000000
 1.105000 0.000000 0.000000
 1.107500 0.000000 0.000000
 1.110000 0.000000 0.000000
 1.112500 0.000000 0.000000
 1.115000 0.000000 0.000000
 1.117500 0.000000 0.000000
 1.120000 0.000000 0.000000
 1.122500 0.000000 0.000000
 1.125000 0.000000 0.000000
 1.127500 0.000000 0.000000
 1.130000 0.000000 0.000000
 1.132500 0.000000 0.000000
 1.135000 0.000000 0.000000
 1.137500 0.000000 0.000000
 1.140000 0.000000 0.000000
 1.142500 0.000000 0.000000
 1.145000 0.000000 0.000000
 1.147500 0.000000 0.000000
 1.150000 0.000000 0.000000
 1.152500 0.000000 0.000000
 1.155000 0.000000 0.000000
 1.157500 0.000000 0.000000
 1.160000 0.000000 0.000000
 1.162500 0.000000 0.000000
 1.165000 0.000000 0.000000
 1.167500 0.000000 0.000000
 1.170000 0.000000 0.000000
 1.172500 0.000000 0.000000
 1.175000 0.000000 0.000000
 1.177500 0.000000 0.000000
 1.180000 0.000000 0.000000
 1.182500 0.000000 0.000000
 1.185000 0.000000 0.000000
 1.187500 0.000000 0.000000
 1.190000 0.000000 0.000000
 1.192500 0.000000 0.000000
 1.195000 0.000000 0.000000
 1.197500 0.000000 0.000000
 1.200000 0.000000 0.000000
 1.202500 0.000000 0.000000
 1.205000 0.000000 0.000000
 1.207500 0.000000 0.000000
 1.210000 0.000000 0.000000
 1.212500 0.000000 0.000000
 1.215000 0.000000 0.000000
 1.217500 0.000000 0.000000
 1.220000 0.000000 0.000000
 1.222500 0.000000 0.000000
 1.225000 0.000000 0.000000
 1.227500 0.000000 0.000000
 1.230000 0.000000 0.000000
 1.232500 0.000000 0.000000
 1.235000 0.000000 0.000000
 1.237500 0.000000 0.000000
 1.240000 0.000000 0.000000
 1.242500 0.000000 0.000000
 1.245000 0.000000 0.000000
 1.247500 0.000000 0.000000
 1.250000 0.000000 0.000000
 1.252500 0.000000 0.000000
 1.255000 0.000000 0.000000
 1.257500 0.000000 0.000000
 1.260000 0.000000 0.000000
 1.262500 0.000000 0.000000
 1.265000 0.000000 0.000000
 1.267500 0.000000 0.000000
 1.270000 0.000000 0.000000
 1.272500 0.000000 0.000000
 1.275000 0.000000 0.000000
 1.277500 0.000000 0.000000
 1.280000 0.000000 0.000000
 1.282500 0.000000 0.000000
 1.285000 0.000000 0.000000
 1.287500 0.000000 0.000000
 1.290000 0.000000 0.000000
 1.292500 0.000000 0.000000
 1.295000 0.000000 0.000000
 1.297500 0.000000 0.000000
 1.300000 0.000000 0.000000
 1.302500 0.000000 0.000000
 1.305000 0.000000 0.000000
 1.307500 0.000000 0.000000
 1.310000 0.000000 0.000000
 1.312500 0.000000 0.000000
 1.315000 0.000000 0.000000
 1.317500 0.000000 0.000000
 1.320000 0.000000 0.000000
 1.322500 0.000000 0.000000
 1.325000 0.000000 0.000000
 1.327500 0.000000 0.000000
 1.330000 0.000000 0.000000
 1.332500 0.000000 0.000000
 1.335000 0.000000 0.000000
 1.337500 0.000000 0.000000
 1.340000 0.000000 0.000000
 1.342500 0.000000 0.000000
 1.345000 0.000000 0.000000
 1.347500 0.000000 0.000000
 1.350000 0.000000 0.000000
 1.352500 0.000000 0.000000
 1.355000 0.000000 0.000000
 1.357500 0.000000 0.000000
 1.360000 0.000000 0.000000
 1.362500 0.000000 0.000000
 1.365000 0.000000 0.000000
 1.367500 0.000000 0.000000
 1.370000 0.000000 0.000000
 1.372500 0.000000 0.000000
 1.375000 0.000000 0.000000
 1.377500 0.000000 0.000000
 1.380000 0.000000 0.000000
 1.382500 0.000000 0.000000
 1.385000 0.000000 0.000000
 1.387500 0.000000 0.000000
 1.390000 0.000000 0.000000
 1.392500 0.000000 0.000000
 1.395000 0.000000 0.000000
 1.397500 0.000000 0.000000
 1.400000 0.000000 0.000000
 1.402500 0.000000 0.000000
 1.405000 0.000000 0.000000
 1.407500 0.000000 0.000000
 1.410000 0.000000 0.000000
 1.412500 0.000000 0.000000
 1.415000 0.000000 0.000000
 1.417500 0.000000 0.000000
 1.420000 0.000000 0.000000
 1.422500 0.000000 0.000000
 1.425000 0.000000 0.000000
 1.427500 0.000000 0.000000
 1.430000 0.000000 0.000000
 1.432500 0.000000 0.000000
 1.435000 0.000000 0.000000
 1.437500 0.000000 0.000000
 1.440000 0.000000 0.000000
 1.442500 0.000000 0.000000
 1.445000 0.000000 0.000000
 1.447500 0.000000 0.000000
 1.450000 0.000000 0.000000
 1.452500 0.000000 0.000000
 1.455000 0.000000 0.000000
 1.457500 0.000000 0.000000
 1.460000 0.000000 0.000000
 1.462500 0.000000 0.000000
 1.465000 0.000000 0.000000
 1.467500 0.000000 0.000000
 1.470000 0.000000 0.000000
 1.472500 0.000000 0.000000
 1.475000 0.000000 0.000000
 1.477500 0.000000 0.000000
 1.480000 0.000000 0.000000
 1.482500 0.000000 0.000000
 1.485000 0.000000 0.000000
 1.487500 0.000000 0.000000
 1.490000 0.000000 0.000000
 1.492500 0.000000 0.000000
 1.495000 0.000000 0.000000
 1.497500 0.000000 0.000000
 1.500000 0.000000 0.000000
 1.502500 0.000000 0.000000
 1.505000 0.000000 0.000000
 1.507500 0.000000 0.000000
 1.510000 0.000000 0.000000
 1.512500 0.000000 0.000000
 1.515000 0.000000 0.000000
 1.517500 0.000000 0.000000
 1.520000 0.000000 0.000000
 1.522500 0.000000 0.000000
 1.525000 0.000000 0.000000
 1.527500 0.000000 0.000000
 1.530000 0.000000 0.000000
 1.532500 0.000000 0.000000
 1.535000 0.000000 0.000000
 1.537500 0.000000 0.000000
 1.540000 0.000000 0.000000
 1.542500 0.000000 0.000000
 1.545000 0.000000 0.000000
 1.547500 0.000000 0.000000
 1.550000 0.000000 0.000000
 1.552500 0.000000 0.000000
 1.555000 0.000000 0.000000
 1.557500 0.000000 0.000000
 1.560000 0.000000 0.000000
 1.562500 0.000000 0.000000
 1.565000 0.000000 0.000000
 1.567500 0.000000 0.000000
 1.570000 0.000000 0.000000
 1.572500 0.000000 0.000000
 1.575000 0.000000 0.000000
 1.577500 0.000000 0.000000
 1.580000 0.000000 0.000000
 1.582500 0.000000 0.000000
 1.585000 0.000000 0.000000
 1.587500 0.000000 0.000000
 1.590000 0.000000 0.000000
 1.592500 0.000000 0.000000
 1.595000 0.000000 0.000000
 1.597500 0.000000 0.000000
 1.600000 0.000000 0.000000
 1.602500 0.000000 0.000000
 1.605000 0.000000 0.000000
 1.607500 0.000000 0.000000
 1.610000 0.000000 0.000000
 1.612500 0.000000 0.000000
 1.615000 0.000000 0.000000
 1.617500 0.000000 0.000000
 1.620000 0.000000 0.000000
 1.622500 0.000000 0.000000
 1.625000 0.000000 0.000000
 1.627500 0.000000 0.000000
 1.630000 0.000000 0.000000
 1.632500 0.000000 0.000000
 1.635000 0.000000 0.000000
 1.637500 0.000000 0.000000
 1.640000 0.000000 0.000000
 1.642500 0.000000 0.000000
 1.645000 0.000000 0.000000
 1.647500 0.000000 0.000000
 1.650000 0.000000 0.000000
 1.652500 0.000000 0.000000
 1.655000 0.000000 0.000000
 1.657500 0.000000 0.000000
 1.660000 0.000000 0.000000
 1.662500 0.000000 0.000000
 1.665000 0.000000 0.000000
 1.667500 0.000000 0.000000
 1.670000 0.000000 0.000000
 1.672500 0.000000 0.000000
 1.675000 0.000000 0.000000
 1.677500 0.000000 0.000000
 1.680000 0.000000 0.000000
 1.682500 0.000000 0.000000
 1.685000 0.000000 0.000000
 1.687500 0.000000 0.000000
 1.690000 0.000000 0.000000
 1.692500 0.000000 0.000000
 1.695000 0.000000 0.000000
 1.697500 0.000000 0.000000
 1.700000 0.000000 0.000000
 1.702500 0.000000 0.000000
 1.705000 0.000000 0.000000
 1.707500 0.000000 0.000000
 1.710000 0.000000 0.000000
 1.712500 0.000000 0.000000
 1.715000 0.000000 0.000000
 1.717500 0.000000 0.000000
 1.720000 0.000000 0.000000
 1.722500 0.000000 0.000000
 1.725000 0.000000 0.000000
 1.727500 0.000000 0.000000
 1.730000 0.000000 0.000000
 1.732500 0.000000 0.000000
 1.735000 0.000000 0.000000
 1.737500 0.000000 0.000000
 1.740000 0.000000 0.000000
 1.742500 0.000000 0.000000
 1.745000 0.000000 0.000000
 1.747500 0.000000 0.000000
 1.750000 0.000000 0.000000
 1.752500 0.000000 0.000000
 1.755000 0.000000 0.000000
 1.757500 0.000000 0.000000
 1.760000 0.000000 0.000000
 1.762500 0.000000 0.000000
 1.765000 0.000000 0.000000
 1.767500 0.000000 0.000000
 1.770000 0.000000 0.000000
 1.772500 0.000000 0.000000
 1.775000 0.000000 0.000000
 1.777500 0.000000 0.000000
 1.780000 0.000000 0.000000
 1.782500 0.000000 0.000000
 1.785000 0.000000 0.000000
 1.787500 0.000000 0.000000
 1.790000 0.000000 0.000000
 1.792500 0.000000 0.000000
 1.795000 0.000000 0.000000
 1.797500 0.000000 0.000000
 1.800000 0.000000 0.000000
 1.802500 0.000000 0.000000
 1.805000 0.000000 0.000000
 1.807500 0.000000 0.000000
 1.810000 0.000000 0.000000
 1.812500 0.000000 0.000000
 1.815000 0.000000 0.000000
 1.817500 0.000000 0.000000
 1.820000 0.000000 0.000000
 1.822500 0.000000 0.000000
 1.825000 0.000000 0.000000
 1.827500 0.000000 0.000000
 1.830000 0.000000 0.000000
 1.832500 0.000000 0.000000
 1.835000 0.000000 0.000000
 1.837500 0.000000 0.000000
 1.840000 0.000000 0.000000
 1.842500 0.000000 0.000000
 1.845000 0.000000 0.000000
 1.847500 0.000000 0.000000
 1.850000 0.000000 0.000000
 1.852500 0.000000 0.000000
 1.855000 0.000000 0.000000
 1.857500 0.000000 0.000000
 1.860000 0.000000 0.000000
 1.862500 0.000000 0.000000
 1.865000 0.000000 0.000000
 1.867500 0.000000 0.000000
 1.870000 0.000000 0.000000
 1.872500 0.000000 0.000000
 1.875000 0.000000 0.000000
 1.877500 0.000000 0.000000
 1.880000 0.000000 0.000000
 1.882500 0.000000 0.000000
 1.885000 0.000000 0.000000
 1.887500 0.000000 0.000000
 1.890000 0.000000 0.000000
 1.892500 0.000000 0.000000
 1.895000 0.000000 0.000000
 1.897500 0.000000 0.000000
 1.900000 0.000000 0.000000
 1.902500 0.000000 0.000000
 1.905000 0.000000 0.000000
 1.907500 0.000000 0.000000
 1.910000 0.000000 0.000000
 1.912500 0.000000 0.000000
 1.915000 0.000000 0.000000
 1.917500 0.000000 0.000000
 1.920000 0.000000 0.000000
 1.922500 0.000000 0.000000
 1.925000 0.000000 0.000000
 1.927500 0.000000 0.000000
 1.930000 0.000000 0.000000
 1.932500 0.000000 0.000000
 1.935000 0.000000 0.000000
 1.937500 0.000000 0.000000
 1.940000 0.000000 0.000000
 1.942500 0.000000 0.000000
 1.945000 0.000000 0.000000
 1.947500 0.000000 0.000000
 1.950000 0.000000 0.000000
 1.952500 0.000000 0.000000
 1.955000 0.000000 0.000000
 1.957500 0.000000 0.000000
 1.960000 0.000000 0.000000
 1.962500 0.000000 0.000000
 1.965000 0.000000 0.000000
 1.967500 0.000000 0.000000
 1.970000 0.000000 0.000000
 1.972500 0.000000 0.000000
 1.975000 0.000000 0.000000
 1.977500 0.000000 0.000000
 1.980000 0.000000 0.000000
 1.982500 0.000000 0.000000
 1.985000 0.000000 0.000000
 1.987500 0.000000 0.000000
 1.990000 0.000000 0.000000
 1.992500 0.000000 0.000000
 1.995000 0.000000 0.000000
 1.997500 0.000000 0.000000
 2.000000 0.000000 0.000000
