#! FIELDS es hh dhh_es
#! SET normalisation  2000.000000
#! SET min_es -0.5
#! SET max_es 2
#! SET nbins_es  1000
#! SET periodic_es false
 -0.500000 0.000000 0.000000
 -0.497500 0.000000 0.000000
 -0.495000 0.000000 0.000000
 -0.492500 0.000000 0.000000
 -0.490000 0.000000 0.000000
 -0.487500 0.000000 0.000000
 -0.485000 0.000000 0.000000
 -0.482500 0.000000 0.000000
 -0.480000 0.000000 0.000000
 -0.477500 0.000000 0.000000
 -0.475000 0.000000 0.000000
 -0.472500 0.000000 0.000000
 -0.470000 0.000000 0.000000
 -0.467500 0.000000 0.000000
 -0.465000 0.000000 0.000000
 -0.462500 0.000000 0.000000
 -0.460000 0.000000 0.000000
 -0.457500 0.000000 0.000000
 -0.455000 0.000000 0.000000
 -0.452500 0.000000 0.000000
 -0.450000 0.000000 0.000000
 -0.447500 0.000000 0.000000
 -0.445000 0.000000 0.000000
 -0.442500 0.000000 0.000000
 -0.440000 0.000000 0.000000
 -0.437500 0.000000 0.000000
 -0.435000 0.000000 0.000000
 -0.432500 0.000000 0.000000
 -0.430000 0.000000 0.000000
 -0.427500 0.000000 0.000000
 -0.425000 0.000000 0.000000
 -0.422500 0.000000 0.000000
 -0.420000 0.000000 0.000000
 -0.417500 0.000000 0.000000
 -0.415000 0.000000 0.000000
 -0.412500 0.000000 0.000000
 -0.410000 0.000000 0.000000
 -0.407500 0.000000 0.000000
 -0.405000 0.000000 0.000000
 -0.402500 0.000000 0.000000
 -0.400000 0.000000 0.000000
 -0.397500 0.000000 0.000000
 -0.395000 0.000000 0.000000
 -0.392500 0.000000 0.000000
 -0.390000 0.000000 0.000000
 -0.387500 0.000000 0.000000
 -0.385000 0.000000 0.000000
 -0.382500 0.000000 0.000000
 -0.380000 0.000000 0.000000
 -0.377500 0.000000 0.000000
 -0.375000 0.000000 0.000000
 -0.372500 0.000000 0.000000
 -0.370000 0.000000 0.000000
 -0.367500 0.000000 0.000000
 -0.365000 0.000000 0.000000
 -0.362500 0.000000 0.000000
 -0.360000 0.000000 0.000000
 -0.357500 0.000000 0.000000
 -0.355000 0.000000 0.000000
 -0.352500 0.000000 0.000000
 -0.350000 0.000000 0.000000
 -0.347500 0.000000 0.000000
 -0.345000 0.000000 0.000000
 -0.342500 0.000000 0.000000
 -0.340000 0.000000 0.000000
 -0.337500 0.000000 0.000000
 -0.335000 0.000000 0.000000
 -0.332500 0.000000 0.000000
 -0.330000 0.000000 0.000000
 -0.327500 0.000000 0.000000
 -0.325000 0.000000 0.000000
 -0.322500 0.000000 0.000000
 -0.320000 0.000000 0.000000
 -0.317500 0.000000 0.000000
 -0.315000 0.000000 0.000000
 -0.312500 0.000000 0.000000
 -0.310000 0.000000 0.000000
 -0.307500 0.000000 0.000000
 -0.305000 0.000000 0.000000
 -0.302500 0.000000 0.000000
 -0.300000 0.000000 0.000000
 -0.297500 0.000000 0.000000
 -0.295000 0.000000 0.000000
 -0.292500 0.000000 0.000000
 -0.290000 0.000000 0.000000
 -0.287500 0.000000 0.000000
 -0.285000 0.000000 0.000000
 -0.282500 0.000000 0.000000
 -0.280000 0.000000 0.000000
 -0.277500 0.000000 0.000000
 -0.275000 0.000000 0.000000
 -0.272500 0.000000 0.000000
 -0.270000 0.000000 0.000000
 -0.267500 0.000000 0.000000
 -0.265000 0.000000 0.000000
 -0.262500 0.000000 0.000000
 -0.260000 0.000000 0.000000
 -0.257500 0.000000 0.000000
 -0.255000 0.000000 0.000000
 -0.252500 0.000000 0.000000
 -0.250000 0.000000 0.000000
 -0.247500 0.000000 0.000000
 -0.245000 0.000000 0.000000
 -0.242500 0.000000 0.000000
 -0.240000 0.000000 0.000000
 -0.237500 0.000000 0.000000
 -0.235000 0.000000 0.000000
 -0.232500 0.000000 0.000000
 -0.230000 0.000000 0.000000
 -0.227500 0.000000 0.000000
 -0.225000 0.000000 0.000000
 -0.222500 0.000000 0.000000
 -0.220000 0.000000 0.000000
 -0.217500 0.000000 0.000000
 -0.215000 0.000000 0.000000
 -0.212500 0.000000 0.000000
 -0.210000 0.000000 0.000000
 -0.207500 0.000000 0.000000
 -0.205000 0.000000 0.000000
 -0.202500 0.000000 0.000000
 -0.200000 0.000000 0.000000
 -0.197500 0.000000 0.000000
 -0.195000 0.000000 0.000000
 -0.192500 0.000000 0.000000
 -0.190000 0.000000 0.000000
 -0.187500 0.000000 0.000000
 -0.185000 0.000000 0.000000
 -0.182500 0.000000 0.000000
 -0.180000 0.000000 0.000000
 -0.177500 0.000000 0.000000
 -0.175000 0.000000 0.000000
 -0.172500 0.000000 0.000000
 -0.170000 0.000000 0.000000
 -0.167500 0.000000 0.000000
 -0.165000 0.000000 0.000000
 -0.162500 0.000000 0.000000
 -0.160000 0.000000 0.000000
 -0.157500 0.000000 0.000000
 -0.155000 0.000000 0.000000
 -0.152500 0.000000 0.000000
 -0.150000 0.000000 0.000000
 -0.147500 0.000000 0.000000
 -0.145000 0.000000 0.000000
 -0.142500 0.000000 0.000000
 -0.140000 0.000000 0.000000
 -0.137500 0.000000 0.000000
 -0.135000 0.000000 0.000000
 -0.132500 0.000000 0.000000
 -0.130000 0.000000 0.000000
 -0.127500 0.000000 0.000000
 -0.125000 0.000000 0.000000
 -0.122500 0.000000 0.000000
 -0.120000 0.000000 0.000000
 -0.117500 0.000000 0.000000
 -0.115000 0.000000 0.000000
 -0.112500 0.000000 0.000000
 -0.110000 0.000000 0.000000
 -0.107500 0.000000 0.000000
 -0.105000 0.000000 0.000000
 -0.102500 0.000000 0.000000
 -0.100000 0.000000 0.000000
 -0.097500 0.000000 0.000000
 -0.095000 0.000000 0.000000
 -0.092500 0.000000 0.000000
 -0.090000 0.000000 0.000000
 -0.087500 0.000000 0.000000
 -0.085000 0.000000 0.000000
 -0.082500 0.000000 0.000000
 -0.080000 0.000000 0.000000
 -0.077500 0.000000 0.000000
 -0.075000 0.000000 0.000000
 -0.072500 0.000000 0.000000
 -0.070000 0.000000 0.000000
 -0.067500 0.000000 0.000000
 -0.065000 0.000000 0.000000
 -0.062500 0.000000 0.000000
 -0.060000 0.000000 0.000000
 -0.057500 0.000000 0.000000
 -0.055000 0.000000 0.000000
 -0.052500 0.000000 0.000000
 -0.050000 0.000000 0.000000
 -0.047500 0.000000 0.000000
 -0.045000 0.000000 0.000000
 -0.042500 0.000000 0.000000
 -0.040000 0.000000 0.000000
 -0.037500 0.000000 0.000000
 -0.035000 0.000000 0.000000
 -0.032500 0.000000 0.000000
 -0.030000 0.000001 0.000328
 -0.027500 0.000007 0.002509
 -0.025000 0.000031 0.011553
 -0.022500 0.000105 0.037624
 -0.020000 0.000295 0.100880
 -0.017500 0.000738 0.239815
 -0.015000 0.001697 0.520560
 -0.012500 0.003654 1.052032
 -0.010000 0.007423 1.996273
 -0.007500 0.014305 3.576011
 -0.005000 0.026220 6.064659
 -0.002500 0.045811 9.758697
 0.000000 0.076430 14.921491
 0.002500 0.121989 21.718270
 0.005000 0.186597 30.137067
 0.007500 0.274064 39.940659
 0.010000 0.387294 50.649831
 0.012500 0.527753 61.597294
 0.015000 0.695085 72.014504
 0.017500 0.887013 81.155923
 0.020000 1.099551 88.414881
 0.022500 1.327455 93.401875
 0.025000 1.564815 95.974134
 0.027500 1.805645 96.208930
 0.030000 2.044386 94.355215
 0.032500 2.276248 90.766873
 0.035000 2.497384 85.842819
 0.037500 2.704965 79.988122
 0.040000 2.897135 73.576962
 0.042500 3.072931 66.935545
 0.045000 3.232113 60.316747
 0.047500 3.374950 53.883044
 0.050000 3.502035 47.722963
 0.052500 3.614063 41.855901
 0.055000 3.711776 36.284992
 0.057500 3.795906 31.019540
 0.060000 3.867273 26.111846
 0.062500 3.926886 21.654397
 0.065000 3.976019 17.760971
 0.067500 4.016198 14.529727
 0.070000 4.049161 12.005435
 0.072500 4.076645 10.153504
 0.075000 4.100202 8.854387
 0.077500 4.120996 7.921518
 0.080000 4.139668 7.137980
 0.082500 4.156338 6.294007
 0.085000 4.170650 5.252304
 0.087500 4.182041 3.959788
 0.090000 4.189907 2.455946
 0.092500 4.193850 0.848302
 0.095000 4.193778 -0.723477
 0.097500 4.189949 -2.132309
 0.100000 4.182888 -3.290396
 0.102500 4.173284 -4.158005
 0.105000 4.161878 -4.745718
 0.107500 4.149303 -5.098333
 0.110000 4.136058 -5.290782
 0.112500 4.122434 -5.415246
 0.115000 4.108488 -5.559852
 0.117500 4.094084 -5.798692
 0.120000 4.078917 -6.168373
 0.122500 4.062644 -6.671555
 0.125000 4.044973 -7.281110
 0.127500 4.025700 -7.932435
 0.130000 4.004823 -8.562747
 0.132500 3.982456 -9.105019
 0.135000 3.958877 -9.533704
 0.137500 3.934390 -9.836010
 0.140000 3.909285 -10.028395
 0.142500 3.883805 -10.138873
 0.145000 3.858139 -10.188649
 0.147500 3.832411 -10.182072
 0.150000 3.806770 -10.123332
 0.152500 3.781339 -10.016573
 0.155000 3.756218 -9.879562
 0.157500 3.731422 -9.758831
 0.160000 3.706844 -9.714185
 0.162500 3.682235 -9.800908
 0.165000 3.657215 -10.037505
 0.167500 3.631417 -10.424508
 0.170000 3.604499 -10.922313
 0.172500 3.576252 -11.478842
 0.175000 3.546593 -12.044179
 0.177500 3.515565 -12.579176
 0.180000 3.483270 -13.056954
 0.182500 3.449854 -13.464718
 0.185000 3.415503 -13.806373
 0.187500 3.380393 -14.072105
 0.190000 3.344725 -14.253826
 0.192500 3.308718 -14.346957
 0.195000 3.272594 -14.347486
 0.197500 3.236581 -14.263482
 0.200000 3.200853 -14.116206
 0.202500 3.165547 -13.937043
 0.205000 3.130680 -13.771133
 0.207500 3.096162 -13.662742
 0.210000 3.061797 -13.655672
 0.212500 3.027299 -13.778368
 0.215000 2.992322 -14.032068
 0.217500 2.956567 -14.398357
 0.220000 2.919797 -14.838682
 0.222500 2.881871 -15.316409
 0.225000 2.842733 -15.810600
 0.227500 2.802330 -16.332108
 0.230000 2.760557 -16.915123
 0.232500 2.717209 -17.603217
 0.235000 2.671969 -18.430764
 0.237500 2.624480 -19.398837
 0.240000 2.574425 -20.476546
 0.242500 2.521609 -21.600524
 0.245000 2.466004 -22.693705
 0.247500 2.407784 -23.686054
 0.250000 2.347275 -24.516103
 0.252500 2.284937 -25.147108
 0.255000 2.221303 -25.543112
 0.257500 2.156991 -25.685053
 0.260000 2.092664 -25.553265
 0.262500 2.029030 -25.142714
 0.265000 1.966772 -24.458206
 0.267500 1.906528 -23.541620
 0.270000 1.848791 -22.471953
 0.272500 1.793813 -21.351791
 0.275000 1.741574 -20.293761
 0.277500 1.691804 -19.403719
 0.280000 1.643992 -18.722118
 0.282500 1.597626 -18.251750
 0.285000 1.552245 -17.924698
 0.287500 1.507608 -17.638910
 0.290000 1.463744 -17.297441
 0.292500 1.420879 -16.836196
 0.295000 1.379335 -16.246913
 0.297500 1.339384 -15.579598
 0.300000 1.301123 -14.915418
 0.302500 1.264437 -14.331085
 0.305000 1.229065 -13.875042
 0.307500 1.194677 -13.545863
 0.310000 1.160994 -13.302412
 0.312500 1.127879 -13.087875
 0.315000 1.095328 -12.847081
 0.317500 1.063446 -12.549974
 0.320000 1.032382 -12.194973
 0.322500 1.002265 -11.800229
 0.325000 0.973160 -11.391698
 0.327500 0.945072 -10.990922
 0.330000 0.917967 -10.612917
 0.332500 0.891785 -10.253235
 0.335000 0.866497 -9.899694
 0.337500 0.842103 -9.535465
 0.340000 0.818654 -9.145425
 0.342500 0.796218 -8.724748
 0.345000 0.774862 -8.282938
 0.347500 0.754613 -7.849723
 0.350000 0.735405 -7.461023
 0.352500 0.717072 -7.157365
 0.355000 0.699360 -6.970532
 0.357500 0.681959 -6.908996
 0.360000 0.664569 -6.957992
 0.362500 0.646960 -7.076704
 0.365000 0.629030 -7.208861
 0.367500 0.610816 -7.295602
 0.370000 0.592492 -7.295835
 0.372500 0.574299 -7.188540
 0.375000 0.556501 -6.981356
 0.377500 0.539326 -6.702509
 0.380000 0.522903 -6.387475
 0.382500 0.507274 -6.074433
 0.385000 0.492395 -5.789056
 0.387500 0.478182 -5.544893
 0.390000 0.464529 -5.340100
 0.392500 0.451350 -5.163623
 0.395000 0.438594 -5.001864
 0.397500 0.426235 -4.846687
 0.400000 0.414255 -4.697026
 0.402500 0.402638 -4.560013
 0.405000 0.391337 -4.444358
 0.407500 0.380293 -4.360478
 0.410000 0.369423 -4.307036
 0.412500 0.358654 -4.275885
 0.415000 0.347953 -4.254284
 0.417500 0.337314 -4.221573
 0.420000 0.326789 -4.165283
 0.422500 0.316444 -4.074402
 0.425000 0.306368 -3.954471
 0.427500 0.296617 -3.815954
 0.430000 0.287217 -3.675656
 0.432500 0.278158 -3.547190
 0.435000 0.269401 -3.432876
 0.437500 0.260919 -3.330322
 0.440000 0.252690 -3.229234
 0.442500 0.244721 -3.121322
 0.445000 0.237032 -3.004617
 0.447500 0.229638 -2.887289
 0.450000 0.222529 -2.779901
 0.452500 0.215668 -2.693198
 0.455000 0.208991 -2.630031
 0.457500 0.202442 -2.590670
 0.460000 0.195970 -2.568952
 0.462500 0.189544 -2.554987
 0.465000 0.183152 -2.538509
 0.467500 0.176811 -2.517439
 0.470000 0.170531 -2.489906
 0.472500 0.164326 -2.455313
 0.475000 0.158214 -2.415093
 0.477500 0.152215 -2.366151
 0.480000 0.146359 -2.299955
 0.482500 0.140700 -2.207539
 0.485000 0.135310 -2.086288
 0.487500 0.130256 -1.938996
 0.490000 0.125591 -1.778902
 0.492500 0.121323 -1.625949
 0.495000 0.117409 -1.498436
 0.497500 0.113766 -1.411335
 0.500000 0.110286 -1.369086
 0.502500 0.106858 -1.365510
 0.505000 0.103408 -1.386603
 0.507500 0.099897 -1.410821
 0.510000 0.096344 -1.417520
 0.512500 0.092815 -1.390497
 0.515000 0.089401 -1.322068
 0.517500 0.086208 -1.219101
 0.520000 0.083302 -1.095226
 0.522500 0.080710 -0.971799
 0.525000 0.078405 -0.869222
 0.527500 0.076317 -0.799964
 0.530000 0.074358 -0.766341
 0.532500 0.072446 -0.760616
 0.535000 0.070524 -0.769950
 0.537500 0.068574 -0.783200
 0.540000 0.066596 -0.791994
 0.542500 0.064605 -0.793641
 0.545000 0.062618 -0.789712
 0.547500 0.060643 -0.782815
 0.550000 0.058687 -0.776327
 0.552500 0.056745 -0.770723
 0.555000 0.054819 -0.765368
 0.557500 0.052908 -0.759066
 0.560000 0.051017 -0.749374
 0.562500 0.049155 -0.733910
 0.565000 0.047340 -0.710963
 0.567500 0.045593 -0.678976
 0.570000 0.043939 -0.639935
 0.572500 0.042389 -0.595743
 0.575000 0.040948 -0.553311
 0.577500 0.039604 -0.519582
 0.580000 0.038327 -0.500530
 0.582500 0.037079 -0.497700
 0.585000 0.035819 -0.507900
 0.587500 0.034522 -0.525267
 0.590000 0.033183 -0.541150
 0.592500 0.031815 -0.547531
 0.595000 0.030451 -0.538763
 0.597500 0.029127 -0.514531
 0.600000 0.027878 -0.480105
 0.602500 0.026719 -0.444678
 0.605000 0.025640 -0.417513
 0.607500 0.024611 -0.405694
 0.610000 0.023590 -0.411694
 0.612500 0.022537 -0.430227
 0.615000 0.021429 -0.452765
 0.617500 0.020272 -0.469318
 0.620000 0.019090 -0.471182
 0.622500 0.017926 -0.453925
 0.625000 0.016829 -0.418133
 0.627500 0.015843 -0.366888
 0.630000 0.014999 -0.306074
 0.632500 0.014312 -0.240512
 0.635000 0.013788 -0.176891
 0.637500 0.013418 -0.119271
 0.640000 0.013180 -0.071613
 0.642500 0.013046 -0.036845
 0.645000 0.012979 -0.017937
 0.647500 0.012937 -0.016639
 0.650000 0.012876 -0.033196
 0.652500 0.012754 -0.065875
 0.655000 0.012534 -0.109862
 0.657500 0.012197 -0.158588
 0.660000 0.011741 -0.204151
 0.662500 0.011182 -0.239399
 0.665000 0.010554 -0.259612
 0.667500 0.009897 -0.262913
 0.670000 0.009251 -0.250792
 0.672500 0.008650 -0.227246
 0.675000 0.008117 -0.198194
 0.677500 0.007658 -0.168436
 0.680000 0.007270 -0.141881
 0.682500 0.006942 -0.120575
 0.685000 0.006660 -0.104958
 0.687500 0.006411 -0.094632
 0.690000 0.006182 -0.088289
 0.692500 0.005965 -0.085109
 0.695000 0.005751 -0.084903
 0.697500 0.005535 -0.087918
 0.700000 0.005307 -0.094177
 0.702500 0.005060 -0.102752
 0.705000 0.004791 -0.111839
 0.707500 0.004501 -0.118948
 0.710000 0.004199 -0.121017
 0.712500 0.003901 -0.116228
 0.715000 0.003623 -0.104084
 0.717500 0.003384 -0.086107
 0.720000 0.003194 -0.065239
 0.722500 0.003057 -0.044575
 0.725000 0.002968 -0.026791
 0.727500 0.002918 -0.013082
 0.730000 0.002898 -0.003848
 0.732500 0.002896 0.002130
 0.735000 0.002905 0.005648
 0.737500 0.002922 0.007674
 0.740000 0.002942 0.008299
 0.742500 0.002961 0.006848
 0.745000 0.002973 0.002370
 0.747500 0.002969 -0.005916
 0.750000 0.002939 -0.018047
 0.752500 0.002875 -0.033333
 0.755000 0.002771 -0.049722
 0.757500 0.002627 -0.064979
 0.760000 0.002449 -0.076334
 0.762500 0.002250 -0.082011
 0.765000 0.002044 -0.081099
 0.767500 0.001849 -0.074561
 0.770000 0.001674 -0.064124
 0.772500 0.001528 -0.052459
 0.775000 0.001411 -0.041659
 0.777500 0.001318 -0.033143
 0.780000 0.001243 -0.027270
 0.782500 0.001179 -0.023609
 0.785000 0.001123 -0.021456
 0.787500 0.001071 -0.020285
 0.790000 0.001020 -0.019760
 0.792500 0.000970 -0.020092
 0.795000 0.000918 -0.021290
 0.797500 0.000862 -0.023421
 0.800000 0.000801 -0.025937
 0.802500 0.000733 -0.028165
 0.805000 0.000660 -0.029328
 0.807500 0.000587 -0.028851
 0.810000 0.000518 -0.026386
 0.812500 0.000457 -0.021948
 0.815000 0.000409 -0.015947
 0.817500 0.000378 -0.009090
 0.820000 0.000363 -0.002538
 0.822500 0.000363 0.002389
 0.825000 0.000373 0.004690
 0.827500 0.000384 0.003890
 0.830000 0.000390 0.000265
 0.832500 0.000384 -0.005082
 0.835000 0.000364 -0.010760
 0.837500 0.000331 -0.015092
 0.840000 0.000290 -0.017013
 0.842500 0.000248 -0.016068
 0.845000 0.000212 -0.012613
 0.847500 0.000186 -0.007636
 0.850000 0.000174 -0.002410
 0.852500 0.000173 0.001949
 0.855000 0.000182 0.004602
 0.857500 0.000195 0.005293
 0.860000 0.000207 0.004243
 0.862500 0.000215 0.002031
 0.865000 0.000217 -0.000639
 0.867500 0.000212 -0.003148
 0.870000 0.000201 -0.005199
 0.872500 0.000186 -0.006680
 0.875000 0.000168 -0.007684
 0.877500 0.000148 -0.008332
 0.880000 0.000127 -0.008660
 0.882500 0.000105 -0.008653
 0.885000 0.000084 -0.008264
 0.887500 0.000064 -0.007485
 0.890000 0.000047 -0.006386
 0.892500 0.000032 -0.005108
 0.895000 0.000021 -0.003820
 0.897500 0.000013 -0.002637
 0.900000 0.000008 -0.001726
 0.902500 0.000004 -0.001033
 0.905000 0.000002 -0.000591
 0.907500 0.000001 -0.000315
 0.910000 0.000000 -0.000157
 0.912500 0.000000 -0.000073
 0.915000 0.000000 -0.000032
 0.917500 0.000000 0.000000
 0.920000 0.000000 0.000000
 0.922500 0.000000 0.000000
 0.925000 0.000000 0.000000
 0.927500 0.000000 0.000000
 0.930000 0.000000 0.000000
 0.932500 0.000000 0.000000
 0.935000 0.000000 0.000000
 0.937500 0.000000 0.000000
 0.940000 0.000000 0.000000
 0.942500 0.000000 0.000000
 0.945000 0.000000 0.000000
 0.947500 0.000000 0.000000
 0.950000 0.000000 0.000000
 0.952500 0.000000 0.000000
 0.955000 0.000000 0.000000
 0.957500 0.000000 0.000000
 0.960000 0.000000 0.000000
 0.962500 0.000000 0.000000
 0.965000 0.000000 0.000000
 0.967500 0.000000 0.000000
 0.970000 0.000000 0.000000
 0.972500 0.000000 0.000000
 0.975000 0.000000 0.000000
 0.977500 0.000000 0.000000
 0.980000 0.000000 0.000000
 0.982500 0.000000 0.000000
 0.985000 0.000000 0.000000
 0.987500 0.000000 0.000000
 0.990000 0.000000 0.000000
 0.992500 0.000000 0.000000
 0.995000 0.000000 0.000000
 0.997500 0.000000 0.000000
 1.000000 0.000000 0.000000
 1.002500 0.000000 0.000000
 1.005000 0.000000 0.000000
 1.007500 0.000000 0.000000
 1.010000 0.000000 0.000000
 1.012500 0.000000 0.000000
 1.015000 0.000000 0.000000
 1.017500 0.000000 0.000000
 1.020000 0.000000 0.000000
 1.022500 0.000000 0.000000
 1.025000 0.000000 0.000000
 1.027500 0.000000 0.000000
 1.030000 0.000000 0.000000
 1.032500 0.000000 0.000000
 1.035000 0.000000 0.000000
 1.037500 0.000000 0.000000
 1.040000 0.000000 0.000000
 1.042500 0.000000 0.000000
 1.045000 0.000000 0.000000
 1.047500 0.000000 0.000000
 1.050000 0.000000 0.000000
 1.052500 0.000000 0.000000
 1.055000 0.000000 0.000000
 1.057500 0.000000 0.000000
 1.060000 0.000000 0.000000
 1.062500 0.000000 0.000000
 1.065000 0.000000 0.000000
 1.067500 0.000000 0.000000
 1.070000 0.000000 0.000000
 1.072500 0.000000 0.000000
 1.075000 0.000000 0.000000
 1.077500 0.000000 0.000000
 1.080000 0.000000 0.000000
 1.082500 0.000000 0.000000
 1.085000 0.000000 0.000000
 1.087500 0.000000 0.000000
 1.090000 0.000000 0.000000
 1.092500 0.000000 0.000000
 1.095000 0.000000 0.000000
 1.097500 0.000000 0.000000
 1.100000 0.000000 0.000000
 1.102500 0.000000 0.000000
 1.105000 0.000000 0.000000
 1.107500 0.000000 0.000000
 1.110000 0.000000 0.000000
 1.112500 0.000000 0.000000
 1.115000 0.000000 0.000000
 1.117500 0.000000 0.000000
 1.120000 0.000000 0.000000
 1.122500 0.000000 0.000000
 1.125000 0.000000 0.000000
 1.127500 0.000000 0.000000
 1.130000 0.000000 0.000000
 1.132500 0.000000 0.000000
 1.135000 0.000000 0.000000
 1.137500 0.000000 0.000000
 1.140000 0.000000 0.000000
 1.142500 0.000000 0.000000
 1.145000 0.000000 0.000000
 1.147500 0.000000 0.000000
 1.150000 0.000000 0.000000
 1.152500 0.000000 0.000000
 1.155000 0.000000 0.000000
 1.157500 0.000000 0.000000
 1.160000 0.000000 0.000000
 1.162500 0.000000 0.000000
 1.165000 0.000000 0.000000
 1.167500 0.000000 0.000000
 1.170000 0.000000 0.000000
 1.172500 0.000000 0.000000
 1.175000 0.000000 0.000000
 1.177500 0.000000 0.000000
 1.180000 0.000000 0.000000
 1.182500 0.000000 0.000000
 1.185000 0.000000 0.000000
 1.187500 0.000000 0.000000
 1.190000 0.000000 0.000000
 1.192500 0.000000 0.000000
 1.195000 0.000000 0.000000
 1.197500 0.000000 0.000000
 1.200000 0.000000 0.000000
 1.202500 0.000000 0.000000
 1.205000 0.000000 0.000000
 1.207500 0.000000 0.000000
 1.210000 0.000000 0.000000
 1.212500 0.000000 0.000000
 1.215000 0.000000 0.000000
 1.217500 0.000000 0.000000
 1.220000 0.000000 0.000000
 1.222500 0.000000 0.000000
 1.225000 0.000000 0.000000
 1.227500 0.000000 0.000000
 1.230000 0.000000 0.000000
 1.232500 0.000000 0.000000
 1.235000 0.000000 0.000000
 1.237500 0.000000 0.000000
 1.240000 0.000000 0.000000
 1.242500 0.000000 0.000000
 1.245000 0.000000 0.000000
 1.247500 0.000000 0.000000
 1.250000 0.000000 0.000000
 1.252500 0.000000 0.000000
 1.255000 0.000000 0.000000
 1.257500 0.000000 0.000000
 1.260000 0.000000 0.000000
 1.262500 0.000000 0.000000
 1.265000 0.000000 0.000000
 1.267500 0.000000 0.000000
 1.270000 0.000000 0.000000
 1.272500 0.000000 0.000000
 1.275000 0.000000 0.000000
 1.277500 0.000000 0.000000
 1.280000 0.000000 0.000000
 1.282500 0.000000 0.000000
 1.285000 0.000000 0.000000
 1.287500 0.000000 0.000000
 1.290000 0.000000 0.000000
 1.292500 0.000000 0.000000
 1.295000 0.000000 0.000000
 1.297500 0.000000 0.000000
 1.300000 0.000000 0.000000
 1.302500 0.000000 0.000000
 1.305000 0.000000 0.000000
 1.307500 0.000000 0.000000
 1.310000 0.000000 0.000000
 1.312500 0.000000 0.000000
 1.315000 0.000000 0.000000
 1.317500 0.000000 0.000000
 1.320000 0.000000 0.000000
 1.322500 0.000000 0.000000
 1.325000 0.000000 0.000000
 1.327500 0.000000 0.000000
 1.330000 0.000000 0.000000
 1.332500 0.000000 0.000000
 1.335000 0.000000 0.000000
 1.337500 0.000000 0.000000
 1.340000 0.000000 0.000000
 1.342500 0.000000 0.000000
 1.345000 0.000000 0.000000
 1.347500 0.000000 0.000000
 1.350000 0.000000 0.000000
 1.352500 0.000000 0.000000
 1.355000 0.000000 0.000000
 1.357500 0.000000 0.000000
 1.360000 0.000000 0.000000
 1.362500 0.000000 0.000000
 1.365000 0.000000 0.000000
 1.367500 0.000000 0.000000
 1.370000 0.000000 0.000000
 1.372500 0.000000 0.000000
 1.375000 0.000000 0.000000
 1.377500 0.000000 0.000000
 1.380000 0.000000 0.000000
 1.382500 0.000000 0.000000
 1.385000 0.000000 0.000000
 1.387500 0.000000 0.000000
 1.390000 0.000000 0.000000
 1.392500 0.000000 0.000000
 1.395000 0.000000 0.000000
 1.397500 0.000000 0.000000
 1.400000 0.000000 0.000000
 1.402500 0.000000 0.000000
 1.405000 0.000000 0.000000
 1.407500 0.000000 0.000000
 1.410000 0.000000 0.000000
 1.412500 0.000000 0.000000
 1.415000 0.000000 0.000000
 1.417500 0.000000 0.000000
 1.420000 0.000000 0.000000
 1.422500 0.000000 0.000000
 1.425000 0.000000 0.000000
 1.427500 0.000000 0.000000
 1.430000 0.000000 0.000000
 1.432500 0.000000 0.000000
 1.435000 0.000000 0.000000
 1.437500 0.000000 0.000000
 1.440000 0.000000 0.000000
 1.442500 0.000000 0.000000
 1.445000 0.000000 0.000000
 1.447500 0.000000 0.000000
 1.450000 0.000000 0.000000
 1.452500 0.000000 0.000000
 1.455000 0.000000 0.000000
 1.457500 0.000000 0.000000
 1.460000 0.000000 0.000000
 1.462500 0.000000 0.000000
 1.465000 0.000000 0.000000
 1.467500 0.000000 0.000000
 1.470000 0.000000 0.000000
 1.472500 0.000000 0.000000
 1.475000 0.000000 0.000000
 1.477500 0.000000 0.000000
 1.480000 0.000000 0.000000
 1.482500 0.000000 0.000000
 1.485000 0.000000 0.000000
 1.487500 0.000000 0.000000
 1.490000 0.000000 0.000000
 1.492500 0.000000 0.000000
 1.495000 0.000000 0.000000
 1.497500 0.000000 0.000000
 1.500000 0.000000 0.000000
 1.502500 0.000000 0.000000
 1.505000 0.000000 0.000000
 1.507500 0.000000 0.000000
 1.510000 0.000000 0.000000
 1.512500 0.000000 0.000000
 1.515000 0.000000 0.000000
 1.517500 0.000000 0.000000
 1.520000 0.000000 0.000000
 1.522500 0.000000 0.000000
 1.525000 0.000000 0.000000
 1.527500 0.000000 0.000000
 1.530000 0.000000 0.000000
 1.532500 0.000000 0.000000
 1.535000 0.000000 0.000000
 1.537500 0.000000 0.000000
 1.540000 0.000000 0.000000
 1.542500 0.000000 0.000000
 1.545000 0.000000 0.000000
 1.547500 0.000000 0.000000
 1.550000 0.000000 0.000000
 1.552500 0.000000 0.000000
 1.555000 0.000000 0.000000
 1.557500 0.000000 0.000000
 1.560000 0.000000 0.000000
 1.562500 0.000000 0.000000
 1.565000 0.000000 0.000000
 1.567500 0.000000 0.000000
 1.570000 0.000000 0.000000
 1.572500 0.000000 0.000000
 1.575000 0.000000 0.000000
 1.577500 0.000000 0.000000
 1.580000 0.000000 0.000000
 1.582500 0.000000 0.000000
 1.585000 0.000000 0.000000
 1.587500 0.000000 0.000000
 1.590000 0.000000 0.000000
 1.592500 0.000000 0.000000
 1.595000 0.000000 0.000000
 1.597500 0.000000 0.000000
 1.600000 0.000000 0.000000
 1.602500 0.000000 0.000000
 1.605000 0.000000 0.000000
 1.607500 0.000000 0.000000
 1.610000 0.000000 0.000000
 1.612500 0.000000 0.000000
 1.615000 0.000000 0.000000
 1.617500 0.000000 0.000000
 1.620000 0.000000 0.000000
 1.622500 0.000000 0.000000
 1.625000 0.000000 0.000000
 1.627500 0.000000 0.000000
 1.630000 0.000000 0.000000
 1.632500 0.000000 0.000000
 1.635000 0.000000 0.000000
 1.637500 0.000000 0.000000
 1.640000 0.000000 0.000000
 1.642500 0.000000 0.000000
 1.645000 0.000000 0.000000
 1.647500 0.000000 0.000000
 1.650000 0.000000 0.000000
 1.652500 0.000000 0.000000
 1.655000 0.000000 0.000000
 1.657500 0.000000 0.000000
 1.660000 0.000000 0.000000
 1.662500 0.000000 0.000000
 1.665000 0.000000 0.000000
 1.667500 0.000000 0.000000
 1.670000 0.000000 0.000000
 1.672500 0.000000 0.000000
 1.675000 0.000000 0.000000
 1.677500 0.000000 0.000000
 1.680000 0.000000 0.000000
 1.682500 0.000000 0.000000
 1.685000 0.000000 0.000000
 1.687500 0.000000 0.000000
 1.690000 0.000000 0.000000
 1.692500 0.000000 0.000000
 1.695000 0.000000 0.000000
 1.697500 0.000000 0.000000
 1.700000 0.000000 0.000000
 1.702500 0.000000 0.000000
 1.705000 0.000000 0.000000
 1.707500 0.000000 0.000000
 1.710000 0.000000 0.000000
 1.712500 0.000000 0.000000
 1.715000 0.000000 0.000000
 1.717500 0.000000 0.000000
 1.720000 0.000000 0.000000
 1.722500 0.000000 0.000000
 1.725000 0.000000 0.000000
 1.727500 0.000000 0.000000
 1.730000 0.000000 0.000000
 1.732500 0.000000 0.000000
 1.735000 0.000000 0.000000
 1.737500 0.000000 0.000000
 1.740000 0.000000 0.000000
 1.742500 0.000000 0.000000
 1.745000 0.000000 0.000000
 1.747500 0.000000 0.000000
 1.750000 0.000000 0.000000
 1.752500 0.000000 0.000000
 1.755000 0.000000 0.000000
 1.757500 0.000000 0.000000
 1.760000 0.000000 0.000000
 1.762500 0.000000 0.000000
 1.765000 0.000000 0.000000
 1.767500 0.000000 0.000000
 1.770000 0.000000 0.000000
 1.772500 0.000000 0.000000
 1.775000 0.000000 0.000000
 1.777500 0.000000 0.000000
 1.780000 0.000000 0.000000
 1.782500 0.000000 0.000000
 1.785000 0.000000 0.000000
 1.787500 0.000000 0.000000
 1.790000 0.000000 0.000000
 1.792500 0.000000 0.000000
 1.795000 0.000000 0.000000
 1.797500 0.000000 0.000000
 1.800000 0.000000 0.000000
 1.802500 0.000000 0.000000
 1.805000 0.000000 0.000000
 1.807500 0.000000 0.000000
 1.810000 0.000000 0.000000
 1.812500 0.000000 0.000000
 1.815000 0.000000 0.000000
 1.817500 0.000000 0.000000
 1.820000 0.000000 0.000000
 1.822500 0.000000 0.000000
 1.825000 0.000000 0.000000
 1.827500 0.000000 0.000000
 1.830000 0.000000 0.000000
 1.832500 0.000000 0.000000
 1.835000 0.000000 0.000000
 1.837500 0.000000 0.000000
 1.840000 0.000000 0.000000
 1.842500 0.000000 0.000000
 1.845000 0.000000 0.000000
 1.847500 0.000000 0.000000
 1.850000 0.000000 0.000000
 1.852500 0.000000 0.000000
 1.855000 0.000000 0.000000
 1.857500 0.000000 0.000000
 1.860000 0.000000 0.000000
 1.862500 0.000000 0.000000
 1.865000 0.000000 0.000000
 1.867500 0.000000 0.000000
 1.870000 0.000000 0.000000
 1.872500 0.000000 0.000000
 1.875000 0.000000 0.000000
 1.877500 0.000000 0.000000
 1.880000 0.000000 0.000000
 1.882500 0.000000 0.000000
 1.885000 0.000000 0.000000
 1.887500 0.000000 0.000000
 1.890000 0.000000 0.000000
 1.892500 0.000000 0.000000
 1.895000 0.000000 0.000000
 1.897500 0.000000 0.000000
 1.900000 0.000000 0.000000
 1.902500 0.000000 0.000000
 1.905000 0.000000 0.000000
 1.907500 0.000000 0.000000
 1.910000 0.000000 0.000000
 1.912500 0.000000 0.000000
 1.915000 0.000000 0.000000
 1.917500 0.000000 0.000000
 1.920000 0.000000 0.000000
 1.922500 0.000000 0.000000
 1.925000 0.000000 0.000000
 1.927500 0.000000 0.000000
 1.930000 0.000000 0.000000
 1.932500 0.000000 0.000000
 1.935000 0.000000 0.000000
 1.937500 0.000000 0.000000
 1.940000 0.000000 0.000000
 1.942500 0.000000 0.000000
 1.945000 0.000000 0.000000
 1.947500 0.000000 0.000000
 1.950000 0.000000 0.000000
 1.952500 0.000000 0.000000
 1.955000 0.000000 0.000000
 1.957500 0.000000 0.000000
 1.960000 0.000000 0.000000
 1.962500 0.000000 0.000000
 1.965000 0.000000 0.000000
 1.967500 0.000000 0.000000
 1.970000 0.000000 0.000000
 1.972500 0.000000 0.000000
 1.975000 0.000000 0.000000
 1.977500 0.000000 0.000000
 1.980000 0.000000 0.000000
 1.982500 0.000000 0.000000
 1.985000 0.000000 0.000000
 1.987500 0.000000 0.000000
 1.990000 0.000000 0.000000
 1.992500 0.000000 0.000000
 1.995000 0.000000 0.000000
 1.997500 0.000000 0.000000
 2.000000 0.000000 0.000000
