#! FIELDS es hh dhh_es
#! SET normalisation  2000.000000
#! SET min_es -0.5
#! SET max_es 2
#! SET nbins_es  1000
#! SET periodic_es false
 -0.500000 0.000000 0.000000
 -0.497500 0.000000 0.000000
 -0.495000 0.000000 0.000000
 -0.492500 0.000000 0.000000
 -0.490000 0.000000 0.000000
 -0.487500 0.000000 0.000000
 -0.485000 0.000000 0.000000
 -0.482500 0.000000 0.000000
 -0.480000 0.000000 0.000000
 -0.477500 0.000000 0.000000
 -0.475000 0.000000 0.000000
 -0.472500 0.000000 0.000000
 -0.470000 0.000000 0.000000
 -0.467500 0.000000 0.000000
 -0.465000 0.000000 0.000000
 -0.462500 0.000000 0.000000
 -0.460000 0.000000 0.000000
 -0.457500 0.000000 0.000000
 -0.455000 0.000000 0.000000
 -0.452500 0.000000 0.000000
 -0.450000 0.000000 0.000000
 -0.447500 0.000000 0.000000
 -0.445000 0.000000 0.000000
 -0.442500 0.000000 0.000000
 -0.440000 0.000000 0.000000
 -0.437500 0.000000 0.000000
 -0.435000 0.000000 0.000000
 -0.432500 0.000000 0.000000
 -0.430000 0.000000 0.000000
 -0.427500 0.000000 0.000000
 -0.425000 0.000000 0.000000
 -0.422500 0.000000 0.000000
 -0.420000 0.000000 0.000000
 -0.417500 0.000000 0.000000
 -0.415000 0.000000 0.000000
 -0.412500 0.000000 0.000000
 -0.410000 0.000000 0.000000
 -0.407500 0.000000 0.000000
 -0.405000 0.000000 0.000000
 -0.402500 0.000000 0.000000
 -0.400000 0.000000 0.000000
 -0.397500 0.000000 0.000000
 -0.395000 0.000000 0.000000
 -0.392500 0.000000 0.000000
 -0.390000 0.000000 0.000000
 -0.387500 0.000000 0.000000
 -0.385000 0.000000 0.000000
 -0.382500 0.000000 0.000000
 -0.380000 0.000000 0.000000
 -0.377500 0.000000 0.000000
 -0.375000 0.000000 0.000000
 -0.372500 0.000000 0.000000
 -0.370000 0.000000 0.000000
 -0.367500 0.000000 0.000000
 -0.365000 0.000000 0.000000
 -0.362500 0.000000 0.000000
 -0.360000 0.000000 0.000000
 -0.357500 0.000000 0.000000
 -0.355000 0.000000 0.000000
 -0.352500 0.000000 0.000000
 -0.350000 0.000000 0.000000
 -0.347500 0.000000 0.000000
 -0.345000 0.000000 0.000000
 -0.342500 0.000000 0.000000
 -0.340000 0.000000 0.000000
 -0.337500 0.000000 0.000000
 -0.335000 0.000000 0.000000
 -0.332500 0.000000 0.000000
 -0.330000 0.000000 0.000000
 -0.327500 0.000000 0.000000
 -0.325000 0.000000 0.000000
 -0.322500 0.000000 0.000000
 -0.320000 0.000000 0.000000
 -0.317500 0.000000 0.000000
 -0.315000 0.000000 0.000000
 -0.312500 0.000000 0.000000
 -0.310000 0.000000 0.000000
 -0.307500 0.000000 0.000000
 -0.305000 0.000000 0.000000
 -0.302500 0.000000 0.000000
 -0.300000 0.000000 0.000000
 -0.297500 0.000000 0.000000
 -0.295000 0.000000 0.000000
 -0.292500 0.000000 0.000000
 -0.290000 0.000000 0.000000
 -0.287500 0.000000 0.000000
 -0.285000 0.000000 0.000000
 -0.282500 0.000000 0.000000
 -0.280000 0.000000 0.000000
 -0.277500 0.000000 0.000000
 -0.275000 0.000000 0.000000
 -0.272500 0.000000 0.000000
 -0.270000 0.000000 0.000000
 -0.267500 0.000000 0.000000
 -0.265000 0.000000 0.000000
 -0.262500 0.000000 0.000000
 -0.260000 0.000000 0.000000
 -0.257500 0.000000 0.000000
 -0.255000 0.000000 0.000000
 -0.252500 0.000000 0.000000
 -0.250000 0.000000 0.000000
 -0.247500 0.000000 0.000000
 -0.245000 0.000000 0.000000
 -0.242500 0.000000 0.000000
 -0.240000 0.000000 0.000000
 -0.237500 0.000000 0.000000
 -0.235000 0.000000 0.000000
 -0.232500 0.000000 0.000000
 -0.230000 0.000000 0.000000
 -0.227500 0.000000 0.000000
 -0.225000 0.000000 0.000000
 -0.222500 0.000000 0.000000
 -0.220000 0.000000 0.000000
 -0.217500 0.000000 0.000000
 -0.215000 0.000000 0.000000
 -0.212500 0.000000 0.000000
 -0.210000 0.000000 0.000000
 -0.207500 0.000000 0.000000
 -0.205000 0.000000 0.000000
 -0.202500 0.000000 0.000000
 -0.200000 0.000000 0.000000
 -0.197500 0.000000 0.000000
 -0.195000 0.000000 0.000000
 -0.192500 0.000000 0.000000
 -0.190000 0.000000 0.000000
 -0.187500 0.000000 0.000000
 -0.185000 0.000000 0.000000
 -0.182500 0.000000 0.000000
 -0.180000 0.000000 0.000000
 -0.177500 0.000000 0.000000
 -0.175000 0.000000 0.000000
 -0.172500 0.000000 0.000000
 -0.170000 0.000000 0.000000
 -0.167500 0.000000 0.000000
 -0.165000 0.000000 0.000000
 -0.162500 0.000000 0.000000
 -0.160000 0.000000 0.000000
 -0.157500 0.000000 0.000000
 -0.155000 0.000000 0.000000
 -0.152500 0.000000 0.000000
 -0.150000 0.000000 0.000000
 -0.147500 0.000000 0.000000
 -0.145000 0.000000 0.000000
 -0.142500 0.000000 0.000000
 -0.140000 0.000000 0.000000
 -0.137500 0.000000 0.000000
 -0.135000 0.000000 0.000000
 -0.132500 0.000000 0.000000
 -0.130000 0.000000 0.000000
 -0.127500 0.000000 0.000000
 -0.125000 0.000000 0.000000
 -0.122500 0.000000 0.000000
 -0.120000 0.000000 0.000000
 -0.117500 0.000000 0.000000
 -0.115000 0.000000 0.000000
 -0.112500 0.000000 0.000000
 -0.110000 0.000000 0.000000
 -0.107500 0.000000 0.000000
 -0.105000 0.000000 0.000000
 -0.102500 0.000000 0.000000
 -0.100000 0.000000 0.000000
 -0.097500 0.000000 0.000000
 -0.095000 0.000000 0.000000
 -0.092500 0.000000 0.000000
 -0.090000 0.000000 0.000000
 -0.087500 0.000000 0.000000
 -0.085000 0.000000 0.000000
 -0.082500 0.000000 0.000000
 -0.080000 0.000000 0.000000
 -0.077500 0.000000 0.000000
 -0.075000 0.000000 0.000000
 -0.072500 0.000000 0.000000
 -0.070000 0.000000 0.000000
 -0.067500 0.000000 0.000000
 -0.065000 0.000000 0.000000
 -0.062500 0.000000 0.000000
 -0.060000 0.000000 0.000000
 -0.057500 0.000000 0.000000
 -0.055000 0.000000 0.000000
 -0.052500 0.000000 0.000000
 -0.050000 0.000000 0.000000
 -0.047500 0.000000 0.000000
 -0.045000 0.000000 0.000000
 -0.042500 0.000000 0.000000
 -0.040000 0.000000 0.000000
 -0.037500 0.000000 0.000000
 -0.035000 0.000000 0.000000
 -0.032500 0.000000 0.000000
 -0.030000 0.000000 0.000000
 -0.027500 0.000000 0.000000
 -0.025000 0.000000 0.000000
 -0.022500 0.000000 0.000000
 -0.020000 0.000000 0.000000
 -0.017500 0.000000 0.000000
 -0.015000 0.000000 0.000000
 -0.012500 0.000000 0.000000
 -0.010000 0.000000 0.000000
 -0.007500 0.000000 0.000000
 -0.005000 0.000000 0.000000
 -0.002500 0.000000 0.000000
 0.000000 0.000000 0.000000
 0.002500 0.000000 0.000000
 0.005000 0.000000 0.000000
 0.007500 0.000000 0.000000
 0.010000 0.000000 0.000000
 0.012500 0.000000 0.000000
 0.015000 0.000000 0.000000
 0.017500 0.000000 0.000000
 0.020000 0.000000 0.000000
 0.022500 0.000000 0.000000
 0.025000 0.000000 0.000000
 0.027500 0.000000 0.000000
 0.030000 0.000000 0.000000
 0.032500 0.000000 0.000000
 0.035000 0.000000 0.000000
 0.037500 0.000000 0.000000
 0.040000 0.000000 0.000000
 0.042500 0.000000 0.000000
 0.045000 0.000000 0.000000
 0.047500 0.000000 0.000000
 0.050000 0.000000 0.000000
 0.052500 0.000000 0.000000
 0.055000 0.000000 0.000000
 0.057500 0.000000 0.000000
 0.060000 0.000000 0.000000
 0.062500 0.000000 0.000000
 0.065000 0.000000 0.000000
 0.067500 0.000000 0.000000
 0.070000 0.000000 0.000000
 0.072500 0.000000 0.000000
 0.075000 0.000000 0.000000
 0.077500 0.000000 0.000000
 0.080000 0.000000 0.000000
 0.082500 0.000000 0.000000
 0.085000 0.000000 0.000000
 0.087500 0.000000 0.000000
 0.090000 0.000000 0.000000
 0.092500 0.000000 0.000000
 0.095000 0.000000 0.000000
 0.097500 0.000000 0.000024
 0.100000 0.000000 0.000056
 0.102500 0.000000 0.000124
 0.105000 0.000001 0.000254
 0.107500 0.000002 0.000549
 0.110000 0.000004 0.001018
 0.112500 0.000007 0.001775
 0.115000 0.000013 0.002932
 0.117500 0.000022 0.004568
 0.120000 0.000036 0.006717
 0.122500 0.000056 0.009411
 0.125000 0.000084 0.012560
 0.127500 0.000120 0.015998
 0.130000 0.000164 0.019623
 0.132500 0.000218 0.023223
 0.135000 0.000281 0.026818
 0.137500 0.000353 0.030730
 0.140000 0.000435 0.035298
 0.142500 0.000531 0.041508
 0.145000 0.000646 0.050331
 0.147500 0.000787 0.063047
 0.150000 0.000966 0.080427
 0.152500 0.001195 0.102923
 0.155000 0.001486 0.130390
 0.157500 0.001851 0.162283
 0.160000 0.002302 0.197812
 0.162500 0.002845 0.236426
 0.165000 0.003489 0.277805
 0.167500 0.004240 0.322306
 0.170000 0.005107 0.370649
 0.172500 0.006100 0.424023
 0.175000 0.007236 0.484135
 0.177500 0.008532 0.553006
 0.180000 0.010015 0.633348
 0.182500 0.011718 0.728345
 0.185000 0.013677 0.840260
 0.187500 0.015942 0.971531
 0.190000 0.018559 1.122673
 0.192500 0.021579 1.292581
 0.195000 0.025045 1.477984
 0.197500 0.028991 1.675549
 0.200000 0.033444 1.883284
 0.202500 0.038431 2.102693
 0.205000 0.043986 2.338926
 0.207500 0.050164 2.600774
 0.210000 0.057037 2.896280
 0.212500 0.064697 3.230729
 0.215000 0.073244 3.605100
 0.217500 0.082775 4.015820
 0.220000 0.093374 4.456636
 0.222500 0.105104 4.919840
 0.225000 0.118017 5.399929
 0.227500 0.132144 5.890578
 0.230000 0.147508 6.388036
 0.232500 0.164124 6.890678
 0.235000 0.182004 7.397923
 0.237500 0.201162 7.912811
 0.240000 0.221625 8.442017
 0.242500 0.243437 8.994901
 0.245000 0.266675 9.584275
 0.247500 0.291447 10.222328
 0.250000 0.317890 10.919477
 0.252500 0.346150 11.674839
 0.255000 0.376365 12.479430
 0.257500 0.408633 13.313112
 0.260000 0.442993 14.148716
 0.262500 0.479421 14.958942
 0.265000 0.517821 15.725469
 0.267500 0.558079 16.443755
 0.270000 0.600085 17.127299
 0.272500 0.643779 17.800655
 0.275000 0.689181 18.498305
 0.277500 0.736391 19.249553
 0.280000 0.785564 20.069278
 0.282500 0.836862 20.947157
 0.285000 0.890406 21.855274
 0.287500 0.946197 22.740033
 0.290000 1.004119 23.547220
 0.292500 1.063915 24.230050
 0.295000 1.125232 24.766412
 0.297500 1.187715 25.164895
 0.300000 1.251052 25.463546
 0.302500 1.315086 25.734020
 0.305000 1.379831 26.044272
 0.307500 1.445465 26.452551
 0.310000 1.512272 26.986006
 0.312500 1.580548 27.622877
 0.315000 1.650482 28.302092
 0.317500 1.722082 28.941807
 0.320000 1.795145 29.458740
 0.322500 1.869278 29.792168
 0.325000 1.943986 29.924118
 0.327500 2.018792 29.880343
 0.330000 2.093314 29.707882
 0.332500 2.167308 29.472389
 0.335000 2.240680 29.214984
 0.337500 2.313397 28.956982
 0.340000 2.385465 28.695854
 0.342500 2.456852 28.409221
 0.345000 2.527475 28.085891
 0.347500 2.597233 27.724348
 0.350000 2.666054 27.337889
 0.352500 2.733897 26.956051
 0.355000 2.800819 26.604039
 0.357500 2.866906 26.298638
 0.360000 2.932288 26.038799
 0.362500 2.997050 25.812660
 0.365000 3.061255 25.583138
 0.367500 3.124840 25.321653
 0.370000 3.187688 24.992410
 0.372500 3.249594 24.564831
 0.375000 3.310276 24.013709
 0.377500 3.369400 23.314051
 0.380000 3.426568 22.456767
 0.382500 3.481369 21.426130
 0.385000 3.533379 20.230399
 0.387500 3.582196 18.887525
 0.390000 3.627525 17.448106
 0.392500 3.669183 15.966258
 0.395000 3.707157 14.514391
 0.397500 3.741589 13.148328
 0.400000 3.772755 11.912224
 0.402500 3.801020 10.826512
 0.405000 3.826747 9.893161
 0.407500 3.850297 9.081422
 0.410000 3.871920 8.351013
 0.412500 3.891759 7.650704
 0.415000 3.909833 6.927587
 0.417500 3.926022 6.146907
 0.420000 3.940146 5.278194
 0.422500 3.951969 4.311953
 0.425000 3.961248 3.251307
 0.427500 3.967776 2.116029
 0.430000 3.971394 0.936711
 0.432500 3.972045 -0.245388
 0.435000 3.969788 -1.389981
 0.437500 3.964747 -2.452490
 0.440000 3.957164 -3.425568
 0.442500 3.947250 -4.316813
 0.445000 3.935161 -5.176396
 0.447500 3.920906 -6.056511
 0.450000 3.904366 -7.005318
 0.452500 3.885346 -8.037892
 0.455000 3.863664 -9.127575
 0.457500 3.839258 -10.197745
 0.460000 3.812279 -11.173202
 0.462500 3.783025 -11.993818
 0.465000 3.751945 -12.656734
 0.467500 3.719377 -13.174211
 0.470000 3.685638 -13.615637
 0.472500 3.650829 -14.025912
 0.475000 3.614986 -14.445138
 0.477500 3.578084 -14.870633
 0.480000 3.540135 -15.273945
 0.482500 3.501250 -15.623535
 0.485000 3.461581 -15.899824
 0.487500 3.421295 -16.114088
 0.490000 3.380520 -16.297207
 0.492500 3.339275 -16.499355
 0.495000 3.297452 -16.763199
 0.497500 3.254860 -17.120876
 0.500000 3.211254 -17.576710
 0.502500 3.166404 -18.114783
 0.505000 3.120148 -18.691151
 0.507500 3.072457 -19.261963
 0.510000 3.023408 -19.766707
 0.512500 2.973222 -20.160645
 0.515000 2.922221 -20.415336
 0.517500 2.870773 -20.520956
 0.520000 2.819249 -20.480048
 0.522500 2.768000 -20.312808
 0.525000 2.717305 -20.042380
 0.527500 2.667372 -19.706047
 0.530000 2.618314 -19.350686
 0.532500 2.570116 -19.035052
 0.535000 2.522609 -18.806003
 0.537500 2.475507 -18.712850
 0.540000 2.428461 -18.768097
 0.542500 2.381098 -18.960775
 0.545000 2.333134 -19.243608
 0.547500 2.284414 -19.555282
 0.550000 2.234934 -19.843945
 0.552500 2.184806 -20.074437
 0.555000 2.134209 -20.226411
 0.557500 2.083337 -20.296519
 0.560000 2.032394 -20.281969
 0.562500 1.981590 -20.185490
 0.565000 1.931147 -20.003013
 0.567500 1.881276 -19.727549
 0.570000 1.832195 -19.373466
 0.572500 1.784078 -18.966544
 0.575000 1.737020 -18.537081
 0.577500 1.691030 -18.112868
 0.580000 1.646076 -17.715528
 0.582500 1.602085 -17.339572
 0.585000 1.559018 -16.975901
 0.587500 1.516874 -16.605128
 0.590000 1.475685 -16.213478
 0.592500 1.435502 -15.798114
 0.595000 1.396390 -15.366221
 0.597500 1.358369 -14.928591
 0.600000 1.321433 -14.500398
 0.602500 1.285542 -14.101356
 0.605000 1.250599 -13.747351
 0.607500 1.216472 -13.454082
 0.610000 1.182999 -13.232224
 0.612500 1.150002 -13.067036
 0.615000 1.117377 -12.942070
 0.617500 1.085047 -12.811765
 0.620000 1.053086 -12.649860
 0.622500 1.021609 -12.426878
 0.625000 0.990767 -12.142076
 0.627500 0.960701 -11.818292
 0.630000 0.931467 -11.486167
 0.632500 0.903037 -11.177982
 0.635000 0.875327 -10.919932
 0.637500 0.848185 -10.719501
 0.640000 0.821477 -10.578946
 0.642500 0.795066 -10.483200
 0.645000 0.768856 -10.410909
 0.647500 0.742827 -10.338091
 0.650000 0.717018 -10.232077
 0.652500 0.691547 -10.060888
 0.655000 0.666610 -9.804061
 0.657500 0.642437 -9.455806
 0.660000 0.619238 -9.027986
 0.662500 0.597179 -8.556092
 0.665000 0.576315 -8.078330
 0.667500 0.556612 -7.634067
 0.670000 0.537949 -7.252929
 0.672500 0.520147 -6.945680
 0.675000 0.503016 -6.715665
 0.677500 0.486376 -6.554330
 0.680000 0.470072 -6.447043
 0.682500 0.453987 -6.380046
 0.685000 0.438032 -6.339455
 0.687500 0.422159 -6.314800
 0.690000 0.406346 -6.287666
 0.692500 0.390620 -6.243915
 0.695000 0.375052 -6.165951
 0.697500 0.359740 -6.038794
 0.700000 0.344811 -5.857765
 0.702500 0.330395 -5.632813
 0.705000 0.316585 -5.377020
 0.707500 0.303436 -5.105845
 0.710000 0.290976 -4.832206
 0.712500 0.279202 -4.553866
 0.715000 0.268133 -4.268832
 0.717500 0.257789 -3.973868
 0.720000 0.248193 -3.675943
 0.722500 0.239328 -3.390663
 0.725000 0.231138 -3.144841
 0.727500 0.223485 -2.962419
 0.730000 0.216191 -2.862100
 0.732500 0.209042 -2.846431
 0.735000 0.201840 -2.899133
 0.737500 0.194450 -2.993986
 0.740000 0.186811 -3.093779
 0.742500 0.178960 -3.162402
 0.745000 0.171008 -3.169154
 0.747500 0.163131 -3.100498
 0.750000 0.155517 -2.958950
 0.752500 0.148333 -2.764307
 0.755000 0.141677 -2.544208
 0.757500 0.135571 -2.327873
 0.760000 0.129976 -2.139300
 0.762500 0.124806 -1.990289
 0.765000 0.119958 -1.878955
 0.767500 0.115350 -1.796589
 0.770000 0.110923 -1.734491
 0.772500 0.106634 -1.685110
 0.775000 0.102452 -1.649474
 0.777500 0.098338 -1.631107
 0.780000 0.094249 -1.631793
 0.782500 0.090140 -1.645828
 0.785000 0.085989 -1.661877
 0.787500 0.081812 -1.665971
 0.790000 0.077658 -1.643715
 0.792500 0.073600 -1.588109
 0.795000 0.069721 -1.502598
 0.797500 0.066082 -1.398158
 0.800000 0.062711 -1.291760
 0.802500 0.059592 -1.198602
 0.805000 0.056677 -1.130288
 0.807500 0.053897 -1.089580
 0.810000 0.051188 -1.074633
 0.812500 0.048496 -1.075007
 0.815000 0.045794 -1.079578
 0.817500 0.043088 -1.077401
 0.820000 0.040404 -1.059276
 0.822500 0.037791 -1.022085
 0.825000 0.035296 -0.964996
 0.827500 0.032965 -0.892683
 0.830000 0.030828 -0.810925
 0.832500 0.028900 -0.726936
 0.835000 0.027179 -0.647225
 0.837500 0.025648 -0.575891
 0.840000 0.024281 -0.514941
 0.842500 0.023053 -0.465941
 0.845000 0.021933 -0.427882
 0.847500 0.020896 -0.399893
 0.850000 0.019918 -0.380522
 0.852500 0.018978 -0.368739
 0.855000 0.018061 -0.362565
 0.857500 0.017156 -0.359563
 0.860000 0.016257 -0.357084
 0.862500 0.015365 -0.353376
 0.865000 0.014486 -0.347288
 0.867500 0.013626 -0.338002
 0.870000 0.012794 -0.325715
 0.872500 0.011997 -0.309830
 0.875000 0.011243 -0.290716
 0.877500 0.010540 -0.269415
 0.880000 0.009893 -0.247095
 0.882500 0.009301 -0.225853
 0.885000 0.008758 -0.207205
 0.887500 0.008257 -0.193143
 0.890000 0.007785 -0.183362
 0.892500 0.007334 -0.177246
 0.895000 0.006894 -0.172798
 0.897500 0.006466 -0.168735
 0.900000 0.006049 -0.163878
 0.902500 0.005645 -0.158157
 0.905000 0.005256 -0.152315
 0.907500 0.004881 -0.146876
 0.910000 0.004519 -0.142192
 0.912500 0.004167 -0.138303
 0.915000 0.003825 -0.134847
 0.917500 0.003491 -0.131619
 0.920000 0.003166 -0.127672
 0.922500 0.002852 -0.122475
 0.925000 0.002554 -0.115541
 0.927500 0.002274 -0.107079
 0.930000 0.002017 -0.097563
 0.932500 0.001785 -0.087737
 0.935000 0.001577 -0.078100
 0.937500 0.001393 -0.069220
 0.940000 0.001230 -0.061119
 0.942500 0.001086 -0.053686
 0.945000 0.000960 -0.046724
 0.947500 0.000851 -0.040567
 0.950000 0.000756 -0.034905
 0.952500 0.000675 -0.030000
 0.955000 0.000605 -0.025992
 0.957500 0.000544 -0.022871
 0.960000 0.000489 -0.020858
 0.962500 0.000438 -0.019722
 0.965000 0.000389 -0.019350
 0.967500 0.000341 -0.019452
 0.970000 0.000292 -0.019573
 0.972500 0.000243 -0.019442
 0.975000 0.000195 -0.018578
 0.977500 0.000150 -0.016906
 0.980000 0.000111 -0.014554
 0.982500 0.000078 -0.011812
 0.985000 0.000052 -0.008975
 0.987500 0.000033 -0.006379
 0.990000 0.000019 -0.004207
 0.992500 0.000011 -0.002602
 0.995000 0.000006 -0.001519
 0.997500 0.000003 -0.000806
 1.000000 0.000001 -0.000413
 1.002500 0.000001 -0.000198
 1.005000 0.000000 -0.000059
 1.007500 0.000000 0.000000
 1.010000 0.000000 0.000000
 1.012500 0.000000 0.000000
 1.015000 0.000000 0.000000
 1.017500 0.000000 0.000000
 1.020000 0.000000 0.000000
 1.022500 0.000000 0.000000
 1.025000 0.000000 0.000000
 1.027500 0.000000 0.000000
 1.030000 0.000000 0.000000
 1.032500 0.000000 0.000000
 1.035000 0.000000 0.000000
 1.037500 0.000000 0.000000
 1.040000 0.000000 0.000000
 1.042500 0.000000 0.000000
 1.045000 0.000000 0.000000
 1.047500 0.000000 0.000000
 1.050000 0.000000 0.000000
 1.052500 0.000000 0.000000
 1.055000 0.000000 0.000000
 1.057500 0.000000 0.000000
 1.060000 0.000000 0.000000
 1.062500 0.000000 0.000000
 1.065000 0.000000 0.000000
 1.067500 0.000000 0.000000
 1.070000 0.000000 0.000000
 1.072500 0.000000 0.000000
 1.075000 0.000000 0.000000
 1.077500 0.000000 0.000000
 1.080000 0.000000 0.000000
 1.082500 0.000000 0.000000
 1.085000 0.000000 0.000000
 1.087500 0.000000 0.000000
 1.090000 0.000000 0.000000
 1.092500 0.000000 0.000000
 1.095000 0.000000 0.000000
 1.097500 0.000000 0.000000
 1.100000 0.000000 0.000000
 1.102500 0.000000 0.000000
 1.105000 0.000000 0.000000
 1.107500 0.000000 0.000000
 1.110000 0.000000 0.000000
 1.112500 0.000000 0.000000
 1.115000 0.000000 0.000000
 1.117500 0.000000 0.000000
 1.120000 0.000000 0.000000
 1.122500 0.000000 0.000000
 1.125000 0.000000 0.000000
 1.127500 0.000000 0.000000
 1.130000 0.000000 0.000000
 1.132500 0.000000 0.000000
 1.135000 0.000000 0.000000
 1.137500 0.000000 0.000000
 1.140000 0.000000 0.000000
 1.142500 0.000000 0.000000
 1.145000 0.000000 0.000000
 1.147500 0.000000 0.000000
 1.150000 0.000000 0.000000
 1.152500 0.000000 0.000000
 1.155000 0.000000 0.000000
 1.157500 0.000000 0.000000
 1.160000 0.000000 0.000000
 1.162500 0.000000 0.000000
 1.165000 0.000000 0.000000
 1.167500 0.000000 0.000000
 1.170000 0.000000 0.000000
 1.172500 0.000000 0.000000
 1.175000 0.000000 0.000000
 1.177500 0.000000 0.000000
 1.180000 0.000000 0.000000
 1.182500 0.000000 0.000000
 1.185000 0.000000 0.000000
 1.187500 0.000000 0.000000
 1.190000 0.000000 0.000000
 1.192500 0.000000 0.000000
 1.195000 0.000000 0.000000
 1.197500 0.000000 0.000000
 1.200000 0.000000 0.000000
 1.202500 0.000000 0.000000
 1.205000 0.000000 0.000000
 1.207500 0.000000 0.000000
 1.210000 0.000000 0.000000
 1.212500 0.000000 0.000000
 1.215000 0.000000 0.000000
 1.217500 0.000000 0.000000
 1.220000 0.000000 0.000000
 1.222500 0.000000 0.000000
 1.225000 0.000000 0.000000
 1.227500 0.000000 0.000000
 1.230000 0.000000 0.000000
 1.232500 0.000000 0.000000
 1.235000 0.000000 0.000000
 1.237500 0.000000 0.000000
 1.240000 0.000000 0.000000
 1.242500 0.000000 0.000000
 1.245000 0.000000 0.000000
 1.247500 0.000000 0.000000
 1.250000 0.000000 0.000000
 1.252500 0.000000 0.000000
 1.255000 0.000000 0.000000
 1.257500 0.000000 0.000000
 1.260000 0.000000 0.000000
 1.262500 0.000000 0.000000
 1.265000 0.000000 0.000000
 1.267500 0.000000 0.000000
 1.270000 0.000000 0.000000
 1.272500 0.000000 0.000000
 1.275000 0.000000 0.000000
 1.277500 0.000000 0.000000
 1.280000 0.000000 0.000000
 1.282500 0.000000 0.000000
 1.285000 0.000000 0.000000
 1.287500 0.000000 0.000000
 1.290000 0.000000 0.000000
 1.292500 0.000000 0.000000
 1.295000 0.000000 0.000000
 1.297500 0.000000 0.000000
 1.300000 0.000000 0.000000
 1.302500 0.000000 0.000000
 1.305000 0.000000 0.000000
 1.307500 0.000000 0.000000
 1.310000 0.000000 0.000000
 1.312500 0.000000 0.000000
 1.315000 0.000000 0.000000
 1.317500 0.000000 0.000000
 1.320000 0.000000 0.000000
 1.322500 0.000000 0.000000
 1.325000 0.000000 0.000000
 1.327500 0.000000 0.000000
 1.330000 0.000000 0.000000
 1.332500 0.000000 0.000000
 1.335000 0.000000 0.000000
 1.337500 0.000000 0.000000
 1.340000 0.000000 0.000000
 1.342500 0.000000 0.000000
 1.345000 0.000000 0.000000
 1.347500 0.000000 0.000000
 1.350000 0.000000 0.000000
 1.352500 0.000000 0.000000
 1.355000 0.000000 0.000000
 1.357500 0.000000 0.000000
 1.360000 0.000000 0.000000
 1.362500 0.000000 0.000000
 1.365000 0.000000 0.000000
 1.367500 0.000000 0.000000
 1.370000 0.000000 0.000000
 1.372500 0.000000 0.000000
 1.375000 0.000000 0.000000
 1.377500 0.000000 0.000000
 1.380000 0.000000 0.000000
 1.382500 0.000000 0.000000
 1.385000 0.000000 0.000000
 1.387500 0.000000 0.000000
 1.390000 0.000000 0.000000
 1.392500 0.000000 0.000000
 1.395000 0.000000 0.000000
 1.397500 0.000000 0.000000
 1.400000 0.000000 0.000000
 1.402500 0.000000 0.000000
 1.405000 0.000000 0.000000
 1.407500 0.000000 0.000000
 1.410000 0.000000 0.000000
 1.412500 0.000000 0.000000
 1.415000 0.000000 0.000000
 1.417500 0.000000 0.000000
 1.420000 0.000000 0.000000
 1.422500 0.000000 0.000000
 1.425000 0.000000 0.000000
 1.427500 0.000000 0.000000
 1.430000 0.000000 0.000000
 1.432500 0.000000 0.000000
 1.435000 0.000000 0.000000
 1.437500 0.000000 0.000000
 1.440000 0.000000 0.000000
 1.442500 0.000000 0.000000
 1.445000 0.000000 0.000000
 1.447500 0.000000 0.000000
 1.450000 0.000000 0.000000
 1.452500 0.000000 0.000000
 1.455000 0.000000 0.000000
 1.457500 0.000000 0.000000
 1.460000 0.000000 0.000000
 1.462500 0.000000 0.000000
 1.465000 0.000000 0.000000
 1.467500 0.000000 0.000000
 1.470000 0.000000 0.000000
 1.472500 0.000000 0.000000
 1.475000 0.000000 0.000000
 1.477500 0.000000 0.000000
 1.480000 0.000000 0.000000
 1.482500 0.000000 0.000000
 1.485000 0.000000 0.000000
 1.487500 0.000000 0.000000
 1.490000 0.000000 0.000000
 1.492500 0.000000 0.000000
 1.495000 0.000000 0.000000
 1.497500 0.000000 0.000000
 1.500000 0.000000 0.000000
 1.502500 0.000000 0.000000
 1.505000 0.000000 0.000000
 1.507500 0.000000 0.000000
 1.510000 0.000000 0.000000
 1.512500 0.000000 0.000000
 1.515000 0.000000 0.000000
 1.517500 0.000000 0.000000
 1.520000 0.000000 0.000000
 1.522500 0.000000 0.000000
 1.525000 0.000000 0.000000
 1.527500 0.000000 0.000000
 1.530000 0.000000 0.000000
 1.532500 0.000000 0.000000
 1.535000 0.000000 0.000000
 1.537500 0.000000 0.000000
 1.540000 0.000000 0.000000
 1.542500 0.000000 0.000000
 1.545000 0.000000 0.000000
 1.547500 0.000000 0.000000
 1.550000 0.000000 0.000000
 1.552500 0.000000 0.000000
 1.555000 0.000000 0.000000
 1.557500 0.000000 0.000000
 1.560000 0.000000 0.000000
 1.562500 0.000000 0.000000
 1.565000 0.000000 0.000000
 1.567500 0.000000 0.000000
 1.570000 0.000000 0.000000
 1.572500 0.000000 0.000000
 1.575000 0.000000 0.000000
 1.577500 0.000000 0.000000
 1.580000 0.000000 0.000000
 1.582500 0.000000 0.000000
 1.585000 0.000000 0.000000
 1.587500 0.000000 0.000000
 1.590000 0.000000 0.000000
 1.592500 0.000000 0.000000
 1.595000 0.000000 0.000000
 1.597500 0.000000 0.000000
 1.600000 0.000000 0.000000
 1.602500 0.000000 0.000000
 1.605000 0.000000 0.000000
 1.607500 0.000000 0.000000
 1.610000 0.000000 0.000000
 1.612500 0.000000 0.000000
 1.615000 0.000000 0.000000
 1.617500 0.000000 0.000000
 1.620000 0.000000 0.000000
 1.622500 0.000000 0.000000
 1.625000 0.000000 0.000000
 1.627500 0.000000 0.000000
 1.630000 0.000000 0.000000
 1.632500 0.000000 0.000000
 1.635000 0.000000 0.000000
 1.637500 0.000000 0.000000
 1.640000 0.000000 0.000000
 1.642500 0.000000 0.000000
 1.645000 0.000000 0.000000
 1.647500 0.000000 0.000000
 1.650000 0.000000 0.000000
 1.652500 0.000000 0.000000
 1.655000 0.000000 0.000000
 1.657500 0.000000 0.000000
 1.660000 0.000000 0.000000
 1.662500 0.000000 0.000000
 1.665000 0.000000 0.000000
 1.667500 0.000000 0.000000
 1.670000 0.000000 0.000000
 1.672500 0.000000 0.000000
 1.675000 0.000000 0.000000
 1.677500 0.000000 0.000000
 1.680000 0.000000 0.000000
 1.682500 0.000000 0.000000
 1.685000 0.000000 0.000000
 1.687500 0.000000 0.000000
 1.690000 0.000000 0.000000
 1.692500 0.000000 0.000000
 1.695000 0.000000 0.000000
 1.697500 0.000000 0.000000
 1.700000 0.000000 0.000000
 1.702500 0.000000 0.000000
 1.705000 0.000000 0.000000
 1.707500 0.000000 0.000000
 1.710000 0.000000 0.000000
 1.712500 0.000000 0.000000
 1.715000 0.000000 0.000000
 1.717500 0.000000 0.000000
 1.720000 0.000000 0.000000
 1.722500 0.000000 0.000000
 1.725000 0.000000 0.000000
 1.727500 0.000000 0.000000
 1.730000 0.000000 0.000000
 1.732500 0.000000 0.000000
 1.735000 0.000000 0.000000
 1.737500 0.000000 0.000000
 1.740000 0.000000 0.000000
 1.742500 0.000000 0.000000
 1.745000 0.000000 0.000000
 1.747500 0.000000 0.000000
 1.750000 0.000000 0.000000
 1.752500 0.000000 0.000000
 1.755000 0.000000 0.000000
 1.757500 0.000000 0.000000
 1.760000 0.000000 0.000000
 1.762500 0.000000 0.000000
 1.765000 0.000000 0.000000
 1.767500 0.000000 0.000000
 1.770000 0.000000 0.000000
 1.772500 0.000000 0.000000
 1.775000 0.000000 0.000000
 1.777500 0.000000 0.000000
 1.780000 0.000000 0.000000
 1.782500 0.000000 0.000000
 1.785000 0.000000 0.000000
 1.787500 0.000000 0.000000
 1.790000 0.000000 0.000000
 1.792500 0.000000 0.000000
 1.795000 0.000000 0.000000
 1.797500 0.000000 0.000000
 1.800000 0.000000 0.000000
 1.802500 0.000000 0.000000
 1.805000 0.000000 0.000000
 1.807500 0.000000 0.000000
 1.810000 0.000000 0.000000
 1.812500 0.000000 0.000000
 1.815000 0.000000 0.000000
 1.817500 0.000000 0.000000
 1.820000 0.000000 0.000000
 1.822500 0.000000 0.000000
 1.825000 0.000000 0.000000
 1.827500 0.000000 0.000000
 1.830000 0.000000 0.000000
 1.832500 0.000000 0.000000
 1.835000 0.000000 0.000000
 1.837500 0.000000 0.000000
 1.840000 0.000000 0.000000
 1.842500 0.000000 0.000000
 1.845000 0.000000 0.000000
 1.847500 0.000000 0.000000
 1.850000 0.000000 0.000000
 1.852500 0.000000 0.000000
 1.855000 0.000000 0.000000
 1.857500 0.000000 0.000000
 1.860000 0.000000 0.000000
 1.862500 0.000000 0.000000
 1.865000 0.000000 0.000000
 1.867500 0.000000 0.000000
 1.870000 0.000000 0.000000
 1.872500 0.000000 0.000000
 1.875000 0.000000 0.000000
 1.877500 0.000000 0.000000
 1.880000 0.000000 0.000000
 1.882500 0.000000 0.000000
 1.885000 0.000000 0.000000
 1.887500 0.000000 0.000000
 1.890000 0.000000 0.000000
 1.892500 0.000000 0.000000
 1.895000 0.000000 0.000000
 1.897500 0.000000 0.000000
 1.900000 0.000000 0.000000
 1.902500 0.000000 0.000000
 1.905000 0.000000 0.000000
 1.907500 0.000000 0.000000
 1.910000 0.000000 0.000000
 1.912500 0.000000 0.000000
 1.915000 0.000000 0.000000
 1.917500 0.000000 0.000000
 1.920000 0.000000 0.000000
 1.922500 0.000000 0.000000
 1.925000 0.000000 0.000000
 1.927500 0.000000 0.000000
 1.930000 0.000000 0.000000
 1.932500 0.000000 0.000000
 1.935000 0.000000 0.000000
 1.937500 0.000000 0.000000
 1.940000 0.000000 0.000000
 1.942500 0.000000 0.000000
 1.945000 0.000000 0.000000
 1.947500 0.000000 0.000000
 1.950000 0.000000 0.000000
 1.952500 0.000000 0.000000
 1.955000 0.000000 0.000000
 1.957500 0.000000 0.000000
 1.960000 0.000000 0.000000
 1.962500 0.000000 0.000000
 1.965000 0.000000 0.000000
 1.967500 0.000000 0.000000
 1.970000 0.000000 0.000000
 1.972500 0.000000 0.000000
 1.975000 0.000000 0.000000
 1.977500 0.000000 0.000000
 1.980000 0.000000 0.000000
 1.982500 0.000000 0.000000
 1.985000 0.000000 0.000000
 1.987500 0.000000 0.000000
 1.990000 0.000000 0.000000
 1.992500 0.000000 0.000000
 1.995000 0.000000 0.000000
 1.997500 0.000000 0.000000
 2.000000 0.000000 0.000000
