#! FIELDS es hh dhh_es
#! SET normalisation  2000.000000
#! SET min_es -0.5
#! SET max_es 2
#! SET nbins_es  1000
#! SET periodic_es false
 -0.500000 0.000000 0.000000
 -0.497500 0.000000 0.000000
 -0.495000 0.000000 0.000000
 -0.492500 0.000000 0.000000
 -0.490000 0.000000 0.000000
 -0.487500 0.000000 0.000000
 -0.485000 0.000000 0.000000
 -0.482500 0.000000 0.000000
 -0.480000 0.000000 0.000000
 -0.477500 0.000000 0.000000
 -0.475000 0.000000 0.000000
 -0.472500 0.000000 0.000000
 -0.470000 0.000000 0.000000
 -0.467500 0.000000 0.000000
 -0.465000 0.000000 0.000000
 -0.462500 0.000000 0.000000
 -0.460000 0.000000 0.000000
 -0.457500 0.000000 0.000000
 -0.455000 0.000000 0.000000
 -0.452500 0.000000 0.000000
 -0.450000 0.000000 0.000000
 -0.447500 0.000000 0.000000
 -0.445000 0.000000 0.000000
 -0.442500 0.000000 0.000000
 -0.440000 0.000000 0.000000
 -0.437500 0.000000 0.000000
 -0.435000 0.000000 0.000000
 -0.432500 0.000000 0.000000
 -0.430000 0.000000 0.000000
 -0.427500 0.000000 0.000000
 -0.425000 0.000000 0.000000
 -0.422500 0.000000 0.000000
 -0.420000 0.000000 0.000000
 -0.417500 0.000000 0.000000
 -0.415000 0.000000 0.000000
 -0.412500 0.000000 0.000000
 -0.410000 0.000000 0.000000
 -0.407500 0.000000 0.000000
 -0.405000 0.000000 0.000000
 -0.402500 0.000000 0.000000
 -0.400000 0.000000 0.000000
 -0.397500 0.000000 0.000000
 -0.395000 0.000000 0.000000
 -0.392500 0.000000 0.000000
 -0.390000 0.000000 0.000000
 -0.387500 0.000000 0.000000
 -0.385000 0.000000 0.000000
 -0.382500 0.000000 0.000000
 -0.380000 0.000000 0.000000
 -0.377500 0.000000 0.000000
 -0.375000 0.000000 0.000000
 -0.372500 0.000000 0.000000
 -0.370000 0.000000 0.000000
 -0.367500 0.000000 0.000000
 -0.365000 0.000000 0.000000
 -0.362500 0.000000 0.000000
 -0.360000 0.000000 0.000000
 -0.357500 0.000000 0.000000
 -0.355000 0.000000 0.000000
 -0.352500 0.000000 0.000000
 -0.350000 0.000000 0.000000
 -0.347500 0.000000 0.000000
 -0.345000 0.000000 0.000000
 -0.342500 0.000000 0.000000
 -0.340000 0.000000 0.000000
 -0.337500 0.000000 0.000000
 -0.335000 0.000000 0.000000
 -0.332500 0.000000 0.000000
 -0.330000 0.000000 0.000000
 -0.327500 0.000000 0.000000
 -0.325000 0.000000 0.000000
 -0.322500 0.000000 0.000000
 -0.320000 0.000000 0.000000
 -0.317500 0.000000 0.000000
 -0.315000 0.000000 0.000000
 -0.312500 0.000000 0.000000
 -0.310000 0.000000 0.000000
 -0.307500 0.000000 0.000000
 -0.305000 0.000000 0.000000
 -0.302500 0.000000 0.000000
 -0.300000 0.000000 0.000000
 -0.297500 0.000000 0.000000
 -0.295000 0.000000 0.000000
 -0.292500 0.000000 0.000000
 -0.290000 0.000000 0.000000
 -0.287500 0.000000 0.000000
 -0.285000 0.000000 0.000000
 -0.282500 0.000000 0.000000
 -0.280000 0.000000 0.000000
 -0.277500 0.000000 0.000000
 -0.275000 0.000000 0.000000
 -0.272500 0.000000 0.000000
 -0.270000 0.000000 0.000000
 -0.267500 0.000000 0.000000
 -0.265000 0.000000 0.000000
 -0.262500 0.000000 0.000000
 -0.260000 0.000000 0.000000
 -0.257500 0.000000 0.000000
 -0.255000 0.000000 0.000000
 -0.252500 0.000000 0.000000
 -0.250000 0.000000 0.000000
 -0.247500 0.000000 0.000000
 -0.245000 0.000000 0.000000
 -0.242500 0.000000 0.000000
 -0.240000 0.000000 0.000000
 -0.237500 0.000000 0.000000
 -0.235000 0.000000 0.000000
 -0.232500 0.000000 0.000000
 -0.230000 0.000000 0.000000
 -0.227500 0.000000 0.000000
 -0.225000 0.000000 0.000000
 -0.222500 0.000000 0.000000
 -0.220000 0.000000 0.000000
 -0.217500 0.000000 0.000000
 -0.215000 0.000000 0.000000
 -0.212500 0.000000 0.000000
 -0.210000 0.000000 0.000000
 -0.207500 0.000000 0.000000
 -0.205000 0.000000 0.000000
 -0.202500 0.000000 0.000000
 -0.200000 0.000000 0.000000
 -0.197500 0.000000 0.000000
 -0.195000 0.000000 0.000000
 -0.192500 0.000000 0.000000
 -0.190000 0.000000 0.000000
 -0.187500 0.000000 0.000000
 -0.185000 0.000000 0.000000
 -0.182500 0.000000 0.000000
 -0.180000 0.000000 0.000000
 -0.177500 0.000000 0.000000
 -0.175000 0.000000 0.000000
 -0.172500 0.000000 0.000000
 -0.170000 0.000000 0.000000
 -0.167500 0.000000 0.000000
 -0.165000 0.000000 0.000000
 -0.162500 0.000000 0.000000
 -0.160000 0.000000 0.000000
 -0.157500 0.000000 0.000000
 -0.155000 0.000000 0.000000
 -0.152500 0.000000 0.000000
 -0.150000 0.000000 0.000000
 -0.147500 0.000000 0.000000
 -0.145000 0.000000 0.000000
 -0.142500 0.000000 0.000000
 -0.140000 0.000000 0.000000
 -0.137500 0.000000 0.000000
 -0.135000 0.000000 0.000000
 -0.132500 0.000000 0.000000
 -0.130000 0.000000 0.000000
 -0.127500 0.000000 0.000000
 -0.125000 0.000000 0.000000
 -0.122500 0.000000 0.000000
 -0.120000 0.000000 0.000000
 -0.117500 0.000000 0.000000
 -0.115000 0.000000 0.000000
 -0.112500 0.000000 0.000000
 -0.110000 0.000000 0.000000
 -0.107500 0.000000 0.000000
 -0.105000 0.000000 0.000000
 -0.102500 0.000000 0.000000
 -0.100000 0.000000 0.000000
 -0.097500 0.000000 0.000000
 -0.095000 0.000000 0.000000
 -0.092500 0.000000 0.000000
 -0.090000 0.000000 0.000000
 -0.087500 0.000000 0.000000
 -0.085000 0.000000 0.000000
 -0.082500 0.000000 0.000000
 -0.080000 0.000000 0.000000
 -0.077500 0.000000 0.000000
 -0.075000 0.000000 0.000000
 -0.072500 0.000000 0.000000
 -0.070000 0.000000 0.000000
 -0.067500 0.000000 0.000000
 -0.065000 0.000000 0.000000
 -0.062500 0.000000 0.000000
 -0.060000 0.000000 0.000000
 -0.057500 0.000000 0.000000
 -0.055000 0.000000 0.000000
 -0.052500 0.000000 0.000000
 -0.050000 0.000000 0.000000
 -0.047500 0.000000 0.000000
 -0.045000 0.000000 0.000000
 -0.042500 0.000000 0.000000
 -0.040000 0.000000 0.000000
 -0.037500 0.000000 0.000000
 -0.035000 0.000000 0.000000
 -0.032500 0.000000 0.000000
 -0.030000 0.000000 0.000000
 -0.027500 0.000000 0.000000
 -0.025000 0.000000 0.000000
 -0.022500 0.000000 0.000000
 -0.020000 0.000000 0.000000
 -0.017500 0.000000 0.000000
 -0.015000 0.000000 0.000000
 -0.012500 0.000000 0.000000
 -0.010000 0.000000 0.000000
 -0.007500 0.000000 0.000000
 -0.005000 0.000000 0.000015
 -0.002500 0.000000 0.000057
 0.000000 0.000000 0.000132
 0.002500 0.000001 0.000343
 0.005000 0.000002 0.000768
 0.007500 0.000005 0.001605
 0.010000 0.000012 0.003207
 0.012500 0.000023 0.006091
 0.015000 0.000045 0.011035
 0.017500 0.000082 0.018968
 0.020000 0.000145 0.031735
 0.022500 0.000248 0.051034
 0.025000 0.000411 0.079646
 0.027500 0.000660 0.120941
 0.030000 0.001033 0.178876
 0.032500 0.001577 0.257762
 0.035000 0.002351 0.362845
 0.037500 0.003425 0.498311
 0.040000 0.004881 0.668281
 0.042500 0.006812 0.877855
 0.045000 0.009322 1.131848
 0.047500 0.012530 1.436477
 0.050000 0.016575 1.801804
 0.052500 0.021619 2.238148
 0.055000 0.027859 2.758067
 0.057500 0.035516 3.372186
 0.060000 0.044833 4.085439
 0.062500 0.056058 4.895777
 0.065000 0.069424 5.793542
 0.067500 0.085126 6.759976
 0.070000 0.103314 7.776426
 0.072500 0.124089 8.825225
 0.075000 0.147517 9.896840
 0.077500 0.173653 10.991169
 0.080000 0.202569 12.119504
 0.082500 0.234365 13.296271
 0.085000 0.269186 14.539276
 0.087500 0.307210 15.859829
 0.090000 0.348637 17.260531
 0.092500 0.393661 18.731576
 0.095000 0.442434 20.250442
 0.097500 0.495027 21.781402
 0.100000 0.551423 23.282696
 0.102500 0.611491 24.712063
 0.105000 0.675004 26.032606
 0.107500 0.741653 27.215576
 0.110000 0.811073 28.243887
 0.112500 0.882855 29.108162
 0.115000 0.956591 29.807585
 0.117500 1.031887 30.354490
 0.120000 1.108374 30.765541
 0.122500 1.185742 31.063125
 0.125000 1.263730 31.265678
 0.127500 1.342129 31.395475
 0.130000 1.420772 31.463229
 0.132500 1.499525 31.485969
 0.135000 1.578289 31.480040
 0.137500 1.657025 31.466561
 0.140000 1.735741 31.466557
 0.142500 1.814473 31.488354
 0.145000 1.893274 31.521839
 0.147500 1.972154 31.550327
 0.150000 2.051062 31.543861
 0.152500 2.129878 31.476600
 0.155000 2.208434 31.334850
 0.157500 2.286520 31.108821
 0.160000 2.363919 30.790151
 0.162500 2.440380 30.357631
 0.165000 2.515582 29.779700
 0.167500 2.589126 29.025781
 0.170000 2.660532 28.071168
 0.172500 2.729292 26.924599
 0.175000 2.794977 25.620885
 0.177500 2.857271 24.235439
 0.180000 2.916097 22.862951
 0.182500 2.971606 21.599788
 0.185000 3.024147 20.508517
 0.187500 3.074216 19.630638
 0.190000 3.122341 18.954211
 0.192500 3.168997 18.448450
 0.195000 3.214543 18.059408
 0.197500 3.259170 17.707606
 0.200000 3.302871 17.307655
 0.202500 3.345431 16.781968
 0.205000 3.386446 16.078293
 0.207500 3.425459 15.182338
 0.210000 3.462022 14.141025
 0.212500 3.495891 13.046297
 0.215000 3.527075 12.022820
 0.217500 3.555897 11.179258
 0.220000 3.582917 10.587013
 0.222500 3.608789 10.257594
 0.225000 3.634109 10.139812
 0.227500 3.659288 10.131978
 0.230000 3.684469 10.124471
 0.232500 3.709508 10.010626
 0.235000 3.734041 9.710127
 0.237500 3.757541 9.173944
 0.240000 3.779354 8.369888
 0.242500 3.798804 7.279614
 0.245000 3.815171 5.909421
 0.247500 3.827790 4.290788
 0.250000 3.836114 2.498491
 0.252500 3.839840 0.640797
 0.255000 3.839001 -1.133746
 0.257500 3.833979 -2.675482
 0.260000 3.825513 -3.868471
 0.262500 3.814570 -4.668594
 0.265000 3.802091 -5.083830
 0.267500 3.788966 -5.211859
 0.270000 3.775746 -5.183258
 0.272500 3.762630 -5.142647
 0.275000 3.749479 -5.230776
 0.277500 3.735838 -5.551733
 0.280000 3.721025 -6.164804
 0.282500 3.704306 -7.076392
 0.285000 3.684975 -8.240118
 0.287500 3.662499 -9.568420
 0.290000 3.636598 -10.952134
 0.292500 3.607298 -12.270718
 0.295000 3.574891 -13.425027
 0.297500 3.539899 -14.330479
 0.300000 3.503001 -14.941271
 0.302500 3.464956 -15.257607
 0.305000 3.426446 -15.320663
 0.307500 3.388009 -15.214978
 0.310000 3.349929 -15.060349
 0.312500 3.312171 -14.978474
 0.315000 3.274400 -15.070324
 0.317500 3.236124 -15.397262
 0.320000 3.196758 -15.932803
 0.322500 3.155866 -16.596721
 0.325000 3.113272 -17.264838
 0.327500 3.069136 -17.812882
 0.330000 3.023886 -18.156661
 0.332500 2.978066 -18.270197
 0.335000 2.932199 -18.211113
 0.337500 2.886584 -18.082368
 0.340000 2.841253 -18.006653
 0.342500 2.795966 -18.071114
 0.345000 2.750305 -18.293928
 0.347500 2.703915 -18.651293
 0.350000 2.656554 -19.059908
 0.352500 2.608201 -19.424671
 0.355000 2.559060 -19.686201
 0.357500 2.509439 -19.808375
 0.360000 2.459676 -19.798405
 0.362500 2.410077 -19.686831
 0.365000 2.360856 -19.507088
 0.367500 2.312159 -19.281279
 0.370000 2.264069 -19.008709
 0.372500 2.216722 -18.698852
 0.375000 2.170214 -18.339651
 0.377500 2.124664 -17.932012
 0.380000 2.080182 -17.481747
 0.382500 2.036874 -17.006688
 0.385000 1.994769 -16.519627
 0.387500 1.953870 -16.050032
 0.390000 1.914089 -15.631855
 0.392500 1.875249 -15.317438
 0.395000 1.837035 -15.135956
 0.397500 1.799086 -15.110912
 0.400000 1.761013 -15.227083
 0.402500 1.722527 -15.433283
 0.405000 1.683509 -15.642580
 0.407500 1.644055 -15.767355
 0.410000 1.604473 -15.741694
 0.412500 1.565182 -15.533863
 0.415000 1.526628 -15.163113
 0.417500 1.489151 -14.684476
 0.420000 1.452935 -14.167777
 0.422500 1.417994 -13.677169
 0.425000 1.384199 -13.261837
 0.427500 1.351328 -12.941106
 0.430000 1.319133 -12.718119
 0.432500 1.287394 -12.581158
 0.435000 1.255910 -12.506029
 0.437500 1.224576 -12.465689
 0.440000 1.193325 -12.428145
 0.442500 1.162201 -12.362035
 0.445000 1.131306 -12.240067
 0.447500 1.100812 -12.047528
 0.450000 1.070902 -11.777303
 0.452500 1.041753 -11.444358
 0.455000 1.013489 -11.075209
 0.457500 0.986168 -10.694245
 0.460000 0.959792 -10.322807
 0.462500 0.934333 -9.966240
 0.465000 0.909752 -9.620992
 0.467500 0.886021 -9.283120
 0.470000 0.863127 -8.961456
 0.472500 0.841008 -8.665893
 0.475000 0.819571 -8.418832
 0.477500 0.798672 -8.241405
 0.480000 0.778122 -8.142935
 0.482500 0.757725 -8.112644
 0.485000 0.737344 -8.129781
 0.487500 0.716902 -8.161303
 0.490000 0.696407 -8.168314
 0.492500 0.675958 -8.117215
 0.495000 0.655731 -7.995273
 0.497500 0.635902 -7.797904
 0.500000 0.616648 -7.539931
 0.502500 0.598091 -7.245249
 0.505000 0.580290 -6.940310
 0.507500 0.563247 -6.648716
 0.510000 0.546900 -6.382878
 0.512500 0.531180 -6.155975
 0.515000 0.515969 -5.967601
 0.517500 0.501174 -5.830129
 0.520000 0.486660 -5.741366
 0.522500 0.472309 -5.701159
 0.525000 0.458016 -5.694368
 0.527500 0.443718 -5.699396
 0.530000 0.429421 -5.689918
 0.532500 0.415198 -5.642143
 0.535000 0.401161 -5.537898
 0.537500 0.387458 -5.380235
 0.540000 0.374206 -5.179158
 0.542500 0.361487 -4.960020
 0.545000 0.349317 -4.745115
 0.547500 0.337660 -4.551321
 0.550000 0.326452 -4.386998
 0.552500 0.315625 -4.246963
 0.555000 0.305128 -4.121088
 0.557500 0.294941 -3.999593
 0.560000 0.285062 -3.873240
 0.562500 0.275508 -3.738493
 0.565000 0.266302 -3.597728
 0.567500 0.257455 -3.453801
 0.570000 0.248968 -3.308886
 0.572500 0.240843 -3.166679
 0.575000 0.233069 -3.031094
 0.577500 0.225624 -2.904084
 0.580000 0.218480 -2.791231
 0.582500 0.211599 -2.695709
 0.585000 0.204932 -2.620449
 0.587500 0.198431 -2.564135
 0.590000 0.192052 -2.521954
 0.592500 0.185766 -2.488139
 0.595000 0.179563 -2.455710
 0.597500 0.173448 -2.415949
 0.600000 0.167453 -2.360696
 0.602500 0.161622 -2.281932
 0.605000 0.156023 -2.176541
 0.607500 0.150723 -2.044854
 0.610000 0.145776 -1.894605
 0.612500 0.141213 -1.742124
 0.615000 0.137016 -1.607355
 0.617500 0.133114 -1.508199
 0.620000 0.129402 -1.458177
 0.622500 0.125750 -1.456927
 0.625000 0.122052 -1.494241
 0.627500 0.118234 -1.549656
 0.630000 0.114280 -1.599519
 0.632500 0.110227 -1.625796
 0.635000 0.106150 -1.618802
 0.637500 0.102135 -1.578030
 0.640000 0.098259 -1.510050
 0.642500 0.094573 -1.425578
 0.645000 0.091108 -1.337333
 0.647500 0.087860 -1.253975
 0.650000 0.084807 -1.182119
 0.652500 0.081917 -1.125899
 0.655000 0.079146 -1.085235
 0.657500 0.076459 -1.058835
 0.660000 0.073823 -1.041674
 0.662500 0.071226 -1.029000
 0.665000 0.068662 -1.012821
 0.667500 0.066149 -0.988358
 0.670000 0.063710 -0.953332
 0.672500 0.061374 -0.908314
 0.675000 0.059159 -0.856455
 0.677500 0.057076 -0.804367
 0.680000 0.055116 -0.759113
 0.682500 0.053255 -0.726337
 0.685000 0.051455 -0.710078
 0.687500 0.049677 -0.710134
 0.690000 0.047882 -0.722022
 0.692500 0.046049 -0.739933
 0.695000 0.044171 -0.755729
 0.697500 0.042264 -0.763524
 0.700000 0.040351 -0.759688
 0.702500 0.038462 -0.745182
 0.705000 0.036621 -0.723102
 0.707500 0.034838 -0.698577
 0.710000 0.033115 -0.676843
 0.712500 0.031441 -0.659587
 0.715000 0.029804 -0.646969
 0.717500 0.028195 -0.636360
 0.720000 0.026616 -0.623026
 0.722500 0.025078 -0.602903
 0.725000 0.023602 -0.573008
 0.727500 0.022214 -0.532157
 0.730000 0.020941 -0.481904
 0.732500 0.019802 -0.425914
 0.735000 0.018805 -0.368554
 0.737500 0.017950 -0.313849
 0.740000 0.017225 -0.265043
 0.742500 0.016613 -0.223356
 0.745000 0.016095 -0.190275
 0.747500 0.015649 -0.165552
 0.750000 0.015254 -0.150344
 0.752500 0.014884 -0.145580
 0.755000 0.014511 -0.152593
 0.757500 0.014107 -0.170800
 0.760000 0.013646 -0.197172
 0.762500 0.013114 -0.226871
 0.765000 0.012512 -0.252312
 0.767500 0.011857 -0.267826
 0.770000 0.011181 -0.269880
 0.772500 0.010517 -0.258106
 0.775000 0.009897 -0.235404
 0.777500 0.009342 -0.206697
 0.780000 0.008861 -0.177343
 0.782500 0.008450 -0.151154
 0.785000 0.008097 -0.130796
 0.787500 0.007788 -0.117403
 0.790000 0.007503 -0.110528
 0.792500 0.007228 -0.109705
 0.795000 0.006948 -0.113981
 0.797500 0.006653 -0.121924
 0.800000 0.006334 -0.132182
 0.802500 0.005989 -0.142819
 0.805000 0.005621 -0.150539
 0.807500 0.005239 -0.153287
 0.810000 0.004858 -0.149073
 0.812500 0.004498 -0.136782
 0.815000 0.004179 -0.117074
 0.817500 0.003917 -0.091716
 0.820000 0.003721 -0.063606
 0.822500 0.003596 -0.036729
 0.825000 0.003532 -0.014641
 0.827500 0.003515 -0.000887
 0.830000 0.003519 0.003091
 0.832500 0.003520 -0.003213
 0.835000 0.003494 -0.018052
 0.837500 0.003424 -0.038240
 0.840000 0.003301 -0.059693
 0.842500 0.003127 -0.078317
 0.845000 0.002913 -0.091584
 0.847500 0.002674 -0.097651
 0.850000 0.002429 -0.096824
 0.852500 0.002194 -0.090448
 0.855000 0.001979 -0.080971
 0.857500 0.001790 -0.070205
 0.860000 0.001627 -0.060303
 0.862500 0.001486 -0.052346
 0.865000 0.001362 -0.047031
 0.867500 0.001248 -0.044119
 0.870000 0.001139 -0.042841
 0.872500 0.001033 -0.042081
 0.875000 0.000929 -0.040378
 0.877500 0.000832 -0.037073
 0.880000 0.000744 -0.032230
 0.882500 0.000671 -0.026323
 0.885000 0.000612 -0.020605
 0.887500 0.000567 -0.016049
 0.890000 0.000530 -0.013224
 0.892500 0.000498 -0.012325
 0.895000 0.000467 -0.012508
 0.897500 0.000435 -0.012887
 0.900000 0.000403 -0.012639
 0.902500 0.000373 -0.011356
 0.905000 0.000347 -0.009172
 0.907500 0.000327 -0.006775
 0.910000 0.000312 -0.004953
 0.912500 0.000301 -0.004369
 0.915000 0.000289 -0.005120
 0.917500 0.000274 -0.007056
 0.920000 0.000253 -0.009543
 0.922500 0.000226 -0.011932
 0.925000 0.000194 -0.013577
 0.927500 0.000159 -0.014120
 0.930000 0.000125 -0.013472
 0.932500 0.000093 -0.011936
 0.935000 0.000065 -0.009771
 0.937500 0.000044 -0.007498
 0.940000 0.000028 -0.005364
 0.942500 0.000017 -0.003586
 0.945000 0.000009 -0.002243
 0.947500 0.000005 -0.001313
 0.950000 0.000002 -0.000703
 0.952500 0.000001 -0.000364
 0.955000 0.000000 -0.000151
 0.957500 0.000000 -0.000070
 0.960000 0.000000 0.000000
 0.962500 0.000000 0.000000
 0.965000 0.000000 0.000000
 0.967500 0.000000 0.000000
 0.970000 0.000000 0.000000
 0.972500 0.000000 0.000000
 0.975000 0.000000 0.000000
 0.977500 0.000000 0.000000
 0.980000 0.000000 0.000000
 0.982500 0.000000 0.000000
 0.985000 0.000000 0.000000
 0.987500 0.000000 0.000000
 0.990000 0.000000 0.000000
 0.992500 0.000000 0.000000
 0.995000 0.000000 0.000000
 0.997500 0.000000 0.000000
 1.000000 0.000000 0.000000
 1.002500 0.000000 0.000000
 1.005000 0.000000 0.000000
 1.007500 0.000000 0.000000
 1.010000 0.000000 0.000000
 1.012500 0.000000 0.000000
 1.015000 0.000000 0.000000
 1.017500 0.000000 0.000000
 1.020000 0.000000 0.000000
 1.022500 0.000000 0.000000
 1.025000 0.000000 0.000000
 1.027500 0.000000 0.000000
 1.030000 0.000000 0.000000
 1.032500 0.000000 0.000000
 1.035000 0.000000 0.000000
 1.037500 0.000000 0.000000
 1.040000 0.000000 0.000000
 1.042500 0.000000 0.000000
 1.045000 0.000000 0.000000
 1.047500 0.000000 0.000000
 1.050000 0.000000 0.000000
 1.052500 0.000000 0.000000
 1.055000 0.000000 0.000000
 1.057500 0.000000 0.000000
 1.060000 0.000000 0.000000
 1.062500 0.000000 0.000000
 1.065000 0.000000 0.000000
 1.067500 0.000000 0.000000
 1.070000 0.000000 0.000000
 1.072500 0.000000 0.000000
 1.075000 0.000000 0.000000
 1.077500 0.000000 0.000000
 1.080000 0.000000 0.000000
 1.082500 0.000000 0.000000
 1.085000 0.000000 0.000000
 1.087500 0.000000 0.000000
 1.090000 0.000000 0.000000
 1.092500 0.000000 0.000000
 1.095000 0.000000 0.000000
 1.097500 0.000000 0.000000
 1.100000 0.000000 0.000000
 1.102500 0.000000 0.000000
 1.105000 0.000000 0.000000
 1.107500 0.000000 0.000000
 1.110000 0.000000 0.000000
 1.112500 0.000000 0.000000
 1.115000 0.000000 0.000000
 1.117500 0.000000 0.000000
 1.120000 0.000000 0.000000
 1.122500 0.000000 0.000000
 1.125000 0.000000 0.000000
 1.127500 0.000000 0.000000
 1.130000 0.000000 0.000000
 1.132500 0.000000 0.000000
 1.135000 0.000000 0.000000
 1.137500 0.000000 0.000000
 1.140000 0.000000 0.000000
 1.142500 0.000000 0.000000
 1.145000 0.000000 0.000000
 1.147500 0.000000 0.000000
 1.150000 0.000000 0.000000
 1.152500 0.000000 0.000000
 1.155000 0.000000 0.000000
 1.157500 0.000000 0.000000
 1.160000 0.000000 0.000000
 1.162500 0.000000 0.000000
 1.165000 0.000000 0.000000
 1.167500 0.000000 0.000000
 1.170000 0.000000 0.000000
 1.172500 0.000000 0.000000
 1.175000 0.000000 0.000000
 1.177500 0.000000 0.000000
 1.180000 0.000000 0.000000
 1.182500 0.000000 0.000000
 1.185000 0.000000 0.000000
 1.187500 0.000000 0.000000
 1.190000 0.000000 0.000000
 1.192500 0.000000 0.000000
 1.195000 0.000000 0.000000
 1.197500 0.000000 0.000000
 1.200000 0.000000 0.000000
 1.202500 0.000000 0.000000
 1.205000 0.000000 0.000000
 1.207500 0.000000 0.000000
 1.210000 0.000000 0.000000
 1.212500 0.000000 0.000000
 1.215000 0.000000 0.000000
 1.217500 0.000000 0.000000
 1.220000 0.000000 0.000000
 1.222500 0.000000 0.000000
 1.225000 0.000000 0.000000
 1.227500 0.000000 0.000000
 1.230000 0.000000 0.000000
 1.232500 0.000000 0.000000
 1.235000 0.000000 0.000000
 1.237500 0.000000 0.000000
 1.240000 0.000000 0.000000
 1.242500 0.000000 0.000000
 1.245000 0.000000 0.000000
 1.247500 0.000000 0.000000
 1.250000 0.000000 0.000000
 1.252500 0.000000 0.000000
 1.255000 0.000000 0.000000
 1.257500 0.000000 0.000000
 1.260000 0.000000 0.000000
 1.262500 0.000000 0.000000
 1.265000 0.000000 0.000000
 1.267500 0.000000 0.000000
 1.270000 0.000000 0.000000
 1.272500 0.000000 0.000000
 1.275000 0.000000 0.000000
 1.277500 0.000000 0.000000
 1.280000 0.000000 0.000000
 1.282500 0.000000 0.000000
 1.285000 0.000000 0.000000
 1.287500 0.000000 0.000000
 1.290000 0.000000 0.000000
 1.292500 0.000000 0.000000
 1.295000 0.000000 0.000000
 1.297500 0.000000 0.000000
 1.300000 0.000000 0.000000
 1.302500 0.000000 0.000000
 1.305000 0.000000 0.000000
 1.307500 0.000000 0.000000
 1.310000 0.000000 0.000000
 1.312500 0.000000 0.000000
 1.315000 0.000000 0.000000
 1.317500 0.000000 0.000000
 1.320000 0.000000 0.000000
 1.322500 0.000000 0.000000
 1.325000 0.000000 0.000000
 1.327500 0.000000 0.000000
 1.330000 0.000000 0.000000
 1.332500 0.000000 0.000000
 1.335000 0.000000 0.000000
 1.337500 0.000000 0.000000
 1.340000 0.000000 0.000000
 1.342500 0.000000 0.000000
 1.345000 0.000000 0.000000
 1.347500 0.000000 0.000000
 1.350000 0.000000 0.000000
 1.352500 0.000000 0.000000
 1.355000 0.000000 0.000000
 1.357500 0.000000 0.000000
 1.360000 0.000000 0.000000
 1.362500 0.000000 0.000000
 1.365000 0.000000 0.000000
 1.367500 0.000000 0.000000
 1.370000 0.000000 0.000000
 1.372500 0.000000 0.000000
 1.375000 0.000000 0.000000
 1.377500 0.000000 0.000000
 1.380000 0.000000 0.000000
 1.382500 0.000000 0.000000
 1.385000 0.000000 0.000000
 1.387500 0.000000 0.000000
 1.390000 0.000000 0.000000
 1.392500 0.000000 0.000000
 1.395000 0.000000 0.000000
 1.397500 0.000000 0.000000
 1.400000 0.000000 0.000000
 1.402500 0.000000 0.000000
 1.405000 0.000000 0.000000
 1.407500 0.000000 0.000000
 1.410000 0.000000 0.000000
 1.412500 0.000000 0.000000
 1.415000 0.000000 0.000000
 1.417500 0.000000 0.000000
 1.420000 0.000000 0.000000
 1.422500 0.000000 0.000000
 1.425000 0.000000 0.000000
 1.427500 0.000000 0.000000
 1.430000 0.000000 0.000000
 1.432500 0.000000 0.000000
 1.435000 0.000000 0.000000
 1.437500 0.000000 0.000000
 1.440000 0.000000 0.000000
 1.442500 0.000000 0.000000
 1.445000 0.000000 0.000000
 1.447500 0.000000 0.000000
 1.450000 0.000000 0.000000
 1.452500 0.000000 0.000000
 1.455000 0.000000 0.000000
 1.457500 0.000000 0.000000
 1.460000 0.000000 0.000000
 1.462500 0.000000 0.000000
 1.465000 0.000000 0.000000
 1.467500 0.000000 0.000000
 1.470000 0.000000 0.000000
 1.472500 0.000000 0.000000
 1.475000 0.000000 0.000000
 1.477500 0.000000 0.000000
 1.480000 0.000000 0.000000
 1.482500 0.000000 0.000000
 1.485000 0.000000 0.000000
 1.487500 0.000000 0.000000
 1.490000 0.000000 0.000000
 1.492500 0.000000 0.000000
 1.495000 0.000000 0.000000
 1.497500 0.000000 0.000000
 1.500000 0.000000 0.000000
 1.502500 0.000000 0.000000
 1.505000 0.000000 0.000000
 1.507500 0.000000 0.000000
 1.510000 0.000000 0.000000
 1.512500 0.000000 0.000000
 1.515000 0.000000 0.000000
 1.517500 0.000000 0.000000
 1.520000 0.000000 0.000000
 1.522500 0.000000 0.000000
 1.525000 0.000000 0.000000
 1.527500 0.000000 0.000000
 1.530000 0.000000 0.000000
 1.532500 0.000000 0.000000
 1.535000 0.000000 0.000000
 1.537500 0.000000 0.000000
 1.540000 0.000000 0.000000
 1.542500 0.000000 0.000000
 1.545000 0.000000 0.000000
 1.547500 0.000000 0.000000
 1.550000 0.000000 0.000000
 1.552500 0.000000 0.000000
 1.555000 0.000000 0.000000
 1.557500 0.000000 0.000000
 1.560000 0.000000 0.000000
 1.562500 0.000000 0.000000
 1.565000 0.000000 0.000000
 1.567500 0.000000 0.000000
 1.570000 0.000000 0.000000
 1.572500 0.000000 0.000000
 1.575000 0.000000 0.000000
 1.577500 0.000000 0.000000
 1.580000 0.000000 0.000000
 1.582500 0.000000 0.000000
 1.585000 0.000000 0.000000
 1.587500 0.000000 0.000000
 1.590000 0.000000 0.000000
 1.592500 0.000000 0.000000
 1.595000 0.000000 0.000000
 1.597500 0.000000 0.000000
 1.600000 0.000000 0.000000
 1.602500 0.000000 0.000000
 1.605000 0.000000 0.000000
 1.607500 0.000000 0.000000
 1.610000 0.000000 0.000000
 1.612500 0.000000 0.000000
 1.615000 0.000000 0.000000
 1.617500 0.000000 0.000000
 1.620000 0.000000 0.000000
 1.622500 0.000000 0.000000
 1.625000 0.000000 0.000000
 1.627500 0.000000 0.000000
 1.630000 0.000000 0.000000
 1.632500 0.000000 0.000000
 1.635000 0.000000 0.000000
 1.637500 0.000000 0.000000
 1.640000 0.000000 0.000000
 1.642500 0.000000 0.000000
 1.645000 0.000000 0.000000
 1.647500 0.000000 0.000000
 1.650000 0.000000 0.000000
 1.652500 0.000000 0.000000
 1.655000 0.000000 0.000000
 1.657500 0.000000 0.000000
 1.660000 0.000000 0.000000
 1.662500 0.000000 0.000000
 1.665000 0.000000 0.000000
 1.667500 0.000000 0.000000
 1.670000 0.000000 0.000000
 1.672500 0.000000 0.000000
 1.675000 0.000000 0.000000
 1.677500 0.000000 0.000000
 1.680000 0.000000 0.000000
 1.682500 0.000000 0.000000
 1.685000 0.000000 0.000000
 1.687500 0.000000 0.000000
 1.690000 0.000000 0.000000
 1.692500 0.000000 0.000000
 1.695000 0.000000 0.000000
 1.697500 0.000000 0.000000
 1.700000 0.000000 0.000000
 1.702500 0.000000 0.000000
 1.705000 0.000000 0.000000
 1.707500 0.000000 0.000000
 1.710000 0.000000 0.000000
 1.712500 0.000000 0.000000
 1.715000 0.000000 0.000000
 1.717500 0.000000 0.000000
 1.720000 0.000000 0.000000
 1.722500 0.000000 0.000000
 1.725000 0.000000 0.000000
 1.727500 0.000000 0.000000
 1.730000 0.000000 0.000000
 1.732500 0.000000 0.000000
 1.735000 0.000000 0.000000
 1.737500 0.000000 0.000000
 1.740000 0.000000 0.000000
 1.742500 0.000000 0.000000
 1.745000 0.000000 0.000000
 1.747500 0.000000 0.000000
 1.750000 0.000000 0.000000
 1.752500 0.000000 0.000000
 1.755000 0.000000 0.000000
 1.757500 0.000000 0.000000
 1.760000 0.000000 0.000000
 1.762500 0.000000 0.000000
 1.765000 0.000000 0.000000
 1.767500 0.000000 0.000000
 1.770000 0.000000 0.000000
 1.772500 0.000000 0.000000
 1.775000 0.000000 0.000000
 1.777500 0.000000 0.000000
 1.780000 0.000000 0.000000
 1.782500 0.000000 0.000000
 1.785000 0.000000 0.000000
 1.787500 0.000000 0.000000
 1.790000 0.000000 0.000000
 1.792500 0.000000 0.000000
 1.795000 0.000000 0.000000
 1.797500 0.000000 0.000000
 1.800000 0.000000 0.000000
 1.802500 0.000000 0.000000
 1.805000 0.000000 0.000000
 1.807500 0.000000 0.000000
 1.810000 0.000000 0.000000
 1.812500 0.000000 0.000000
 1.815000 0.000000 0.000000
 1.817500 0.000000 0.000000
 1.820000 0.000000 0.000000
 1.822500 0.000000 0.000000
 1.825000 0.000000 0.000000
 1.827500 0.000000 0.000000
 1.830000 0.000000 0.000000
 1.832500 0.000000 0.000000
 1.835000 0.000000 0.000000
 1.837500 0.000000 0.000000
 1.840000 0.000000 0.000000
 1.842500 0.000000 0.000000
 1.845000 0.000000 0.000000
 1.847500 0.000000 0.000000
 1.850000 0.000000 0.000000
 1.852500 0.000000 0.000000
 1.855000 0.000000 0.000000
 1.857500 0.000000 0.000000
 1.860000 0.000000 0.000000
 1.862500 0.000000 0.000000
 1.865000 0.000000 0.000000
 1.867500 0.000000 0.000000
 1.870000 0.000000 0.000000
 1.872500 0.000000 0.000000
 1.875000 0.000000 0.000000
 1.877500 0.000000 0.000000
 1.880000 0.000000 0.000000
 1.882500 0.000000 0.000000
 1.885000 0.000000 0.000000
 1.887500 0.000000 0.000000
 1.890000 0.000000 0.000000
 1.892500 0.000000 0.000000
 1.895000 0.000000 0.000000
 1.897500 0.000000 0.000000
 1.900000 0.000000 0.000000
 1.902500 0.000000 0.000000
 1.905000 0.000000 0.000000
 1.907500 0.000000 0.000000
 1.910000 0.000000 0.000000
 1.912500 0.000000 0.000000
 1.915000 0.000000 0.000000
 1.917500 0.000000 0.000000
 1.920000 0.000000 0.000000
 1.922500 0.000000 0.000000
 1.925000 0.000000 0.000000
 1.927500 0.000000 0.000000
 1.930000 0.000000 0.000000
 1.932500 0.000000 0.000000
 1.935000 0.000000 0.000000
 1.937500 0.000000 0.000000
 1.940000 0.000000 0.000000
 1.942500 0.000000 0.000000
 1.945000 0.000000 0.000000
 1.947500 0.000000 0.000000
 1.950000 0.000000 0.000000
 1.952500 0.000000 0.000000
 1.955000 0.000000 0.000000
 1.957500 0.000000 0.000000
 1.960000 0.000000 0.000000
 1.962500 0.000000 0.000000
 1.965000 0.000000 0.000000
 1.967500 0.000000 0.000000
 1.970000 0.000000 0.000000
 1.972500 0.000000 0.000000
 1.975000 0.000000 0.000000
 1.977500 0.000000 0.000000
 1.980000 0.000000 0.000000
 1.982500 0.000000 0.000000
 1.985000 0.000000 0.000000
 1.987500 0.000000 0.000000
 1.990000 0.000000 0.000000
 1.992500 0.000000 0.000000
 1.995000 0.000000 0.000000
 1.997500 0.000000 0.000000
 2.000000 0.000000 0.000000
