#! FIELDS es hh dhh_es
#! SET normalisation  2000.000000
#! SET min_es -0.5
#! SET max_es 2
#! SET nbins_es  1000
#! SET periodic_es false
 -0.500000 0.000000 0.000000
 -0.497500 0.000000 0.000000
 -0.495000 0.000000 0.000000
 -0.492500 0.000000 0.000000
 -0.490000 0.000000 0.000000
 -0.487500 0.000000 0.000000
 -0.485000 0.000000 0.000000
 -0.482500 0.000000 0.000000
 -0.480000 0.000000 0.000000
 -0.477500 0.000000 0.000000
 -0.475000 0.000000 0.000000
 -0.472500 0.000000 0.000000
 -0.470000 0.000000 0.000000
 -0.467500 0.000000 0.000000
 -0.465000 0.000000 0.000000
 -0.462500 0.000000 0.000000
 -0.460000 0.000000 0.000000
 -0.457500 0.000000 0.000000
 -0.455000 0.000000 0.000000
 -0.452500 0.000000 0.000000
 -0.450000 0.000000 0.000000
 -0.447500 0.000000 0.000000
 -0.445000 0.000000 0.000000
 -0.442500 0.000000 0.000000
 -0.440000 0.000000 0.000000
 -0.437500 0.000000 0.000000
 -0.435000 0.000000 0.000000
 -0.432500 0.000000 0.000000
 -0.430000 0.000000 0.000000
 -0.427500 0.000000 0.000000
 -0.425000 0.000000 0.000000
 -0.422500 0.000000 0.000000
 -0.420000 0.000000 0.000000
 -0.417500 0.000000 0.000000
 -0.415000 0.000000 0.000000
 -0.412500 0.000000 0.000000
 -0.410000 0.000000 0.000000
 -0.407500 0.000000 0.000000
 -0.405000 0.000000 0.000000
 -0.402500 0.000000 0.000000
 -0.400000 0.000000 0.000000
 -0.397500 0.000000 0.000000
 -0.395000 0.000000 0.000000
 -0.392500 0.000000 0.000000
 -0.390000 0.000000 0.000000
 -0.387500 0.000000 0.000000
 -0.385000 0.000000 0.000000
 -0.382500 0.000000 0.000000
 -0.380000 0.000000 0.000000
 -0.377500 0.000000 0.000000
 -0.375000 0.000000 0.000000
 -0.372500 0.000000 0.000000
 -0.370000 0.000000 0.000000
 -0.367500 0.000000 0.000000
 -0.365000 0.000000 0.000000
 -0.362500 0.000000 0.000000
 -0.360000 0.000000 0.000000
 -0.357500 0.000000 0.000000
 -0.355000 0.000000 0.000000
 -0.352500 0.000000 0.000000
 -0.350000 0.000000 0.000000
 -0.347500 0.000000 0.000000
 -0.345000 0.000000 0.000000
 -0.342500 0.000000 0.000000
 -0.340000 0.000000 0.000000
 -0.337500 0.000000 0.000000
 -0.335000 0.000000 0.000000
 -0.332500 0.000000 0.000000
 -0.330000 0.000000 0.000000
 -0.327500 0.000000 0.000000
 -0.325000 0.000000 0.000000
 -0.322500 0.000000 0.000000
 -0.320000 0.000000 0.000000
 -0.317500 0.000000 0.000000
 -0.315000 0.000000 0.000000
 -0.312500 0.000000 0.000000
 -0.310000 0.000000 0.000000
 -0.307500 0.000000 0.000000
 -0.305000 0.000000 0.000000
 -0.302500 0.000000 0.000000
 -0.300000 0.000000 0.000000
 -0.297500 0.000000 0.000000
 -0.295000 0.000000 0.000000
 -0.292500 0.000000 0.000000
 -0.290000 0.000000 0.000000
 -0.287500 0.000000 0.000000
 -0.285000 0.000000 0.000000
 -0.282500 0.000000 0.000000
 -0.280000 0.000000 0.000000
 -0.277500 0.000000 0.000000
 -0.275000 0.000000 0.000000
 -0.272500 0.000000 0.000000
 -0.270000 0.000000 0.000000
 -0.267500 0.000000 0.000000
 -0.265000 0.000000 0.000000
 -0.262500 0.000000 0.000000
 -0.260000 0.000000 0.000000
 -0.257500 0.000000 0.000000
 -0.255000 0.000000 0.000000
 -0.252500 0.000000 0.000000
 -0.250000 0.000000 0.000000
 -0.247500 0.000000 0.000000
 -0.245000 0.000000 0.000000
 -0.242500 0.000000 0.000000
 -0.240000 0.000000 0.000000
 -0.237500 0.000000 0.000000
 -0.235000 0.000000 0.000000
 -0.232500 0.000000 0.000000
 -0.230000 0.000000 0.000000
 -0.227500 0.000000 0.000000
 -0.225000 0.000000 0.000000
 -0.222500 0.000000 0.000000
 -0.220000 0.000000 0.000000
 -0.217500 0.000000 0.000000
 -0.215000 0.000000 0.000000
 -0.212500 0.000000 0.000000
 -0.210000 0.000000 0.000000
 -0.207500 0.000000 0.000000
 -0.205000 0.000000 0.000000
 -0.202500 0.000000 0.000000
 -0.200000 0.000000 0.000000
 -0.197500 0.000000 0.000000
 -0.195000 0.000000 0.000000
 -0.192500 0.000000 0.000000
 -0.190000 0.000000 0.000000
 -0.187500 0.000000 0.000000
 -0.185000 0.000000 0.000000
 -0.182500 0.000000 0.000000
 -0.180000 0.000000 0.000000
 -0.177500 0.000000 0.000000
 -0.175000 0.000000 0.000000
 -0.172500 0.000000 0.000000
 -0.170000 0.000000 0.000000
 -0.167500 0.000000 0.000000
 -0.165000 0.000000 0.000000
 -0.162500 0.000000 0.000000
 -0.160000 0.000000 0.000000
 -0.157500 0.000000 0.000000
 -0.155000 0.000000 0.000000
 -0.152500 0.000000 0.000000
 -0.150000 0.000000 0.000000
 -0.147500 0.000000 0.000000
 -0.145000 0.000000 0.000000
 -0.142500 0.000000 0.000000
 -0.140000 0.000000 0.000000
 -0.137500 0.000000 0.000000
 -0.135000 0.000000 0.000000
 -0.132500 0.000000 0.000000
 -0.130000 0.000000 0.000000
 -0.127500 0.000000 0.000000
 -0.125000 0.000000 0.000000
 -0.122500 0.000000 0.000000
 -0.120000 0.000000 0.000000
 -0.117500 0.000000 0.000000
 -0.115000 0.000000 0.000000
 -0.112500 0.000000 0.000000
 -0.110000 0.000000 0.000000
 -0.107500 0.000000 0.000000
 -0.105000 0.000000 0.000000
 -0.102500 0.000000 0.000000
 -0.100000 0.000000 0.000000
 -0.097500 0.000000 0.000000
 -0.095000 0.000000 0.000000
 -0.092500 0.000000 0.000000
 -0.090000 0.000000 0.000000
 -0.087500 0.000000 0.000000
 -0.085000 0.000000 0.000000
 -0.082500 0.000000 0.000000
 -0.080000 0.000000 0.000000
 -0.077500 0.000000 0.000000
 -0.075000 0.000000 0.000000
 -0.072500 0.000000 0.000000
 -0.070000 0.000000 0.000000
 -0.067500 0.000000 0.000000
 -0.065000 0.000000 0.000000
 -0.062500 0.000000 0.000000
 -0.060000 0.000000 0.000000
 -0.057500 0.000000 0.000000
 -0.055000 0.000000 0.000000
 -0.052500 0.000000 0.000000
 -0.050000 0.000000 0.000000
 -0.047500 0.000000 0.000000
 -0.045000 0.000000 0.000000
 -0.042500 0.000000 0.000000
 -0.040000 0.000000 0.000000
 -0.037500 0.000000 0.000000
 -0.035000 0.000000 0.000000
 -0.032500 0.000006 0.002472
 -0.030000 0.000264 0.102266
 -0.027500 0.001086 0.402971
 -0.025000 0.003110 1.095196
 -0.022500 0.007731 2.562306
 -0.020000 0.017628 5.459575
 -0.017500 0.037573 10.806451
 -0.015000 0.075381 20.012207
 -0.012500 0.142733 34.747792
 -0.010000 0.255575 56.651150
 -0.007500 0.433324 86.762645
 -0.005000 0.696523 124.833203
 -0.002500 1.062839 168.720575
 0.000000 1.541894 214.151941
 0.002500 2.130341 255.144607
 0.005000 2.808816 285.111885
 0.007500 3.542362 298.437742
 0.010000 4.284837 292.008665
 0.012500 4.986494 266.139964
 0.015000 5.602741 224.543951
 0.017500 6.101555 173.336176
 0.020000 6.467585 119.459530
 0.022500 6.702192 69.098429
 0.025000 6.820008 26.559677
 0.027500 6.843600 -6.126204
 0.030000 6.797966 -28.955182
 0.032500 6.706242 -43.297104
 0.035000 6.587210 -51.152810
 0.037500 6.454501 -54.554387
 0.040000 6.317037 -55.200413
 0.042500 6.180059 -54.326106
 0.045000 6.046292 -52.715649
 0.047500 5.916683 -50.721402
 0.050000 5.791926 -48.690564
 0.052500 5.672099 -46.740094
 0.055000 5.557027 -44.878656
 0.057500 5.446523 -43.103852
 0.060000 5.340362 -41.413619
 0.062500 5.238292 -39.835084
 0.065000 5.140003 -38.427016
 0.067500 5.045019 -37.213854
 0.070000 4.952806 -36.214655
 0.072500 4.862846 -35.421684
 0.075000 4.774668 -34.777103
 0.077500 4.688018 -34.197536
 0.080000 4.602857 -33.567298
 0.082500 4.519467 -32.783312
 0.085000 4.438319 -31.772415
 0.087500 4.360013 -30.515005
 0.090000 4.285121 -29.065329
 0.092500 4.213983 -27.541514
 0.095000 4.146598 -26.090467
 0.097500 4.082612 -24.858600
 0.100000 4.021334 -23.933868
 0.102500 3.961962 -23.340246
 0.105000 3.903720 -23.012900
 0.107500 3.846079 -22.844206
 0.110000 3.788809 -22.701539
 0.112500 3.731984 -22.479240
 0.115000 3.675891 -22.116782
 0.117500 3.620889 -21.612715
 0.120000 3.567289 -21.012601
 0.122500 3.515240 -20.380075
 0.125000 3.464758 -19.778860
 0.127500 3.415699 -19.260434
 0.130000 3.367812 -18.845688
 0.132500 3.320822 -18.544648
 0.135000 3.274462 -18.341027
 0.137500 3.228520 -18.203899
 0.140000 3.182875 -18.094668
 0.142500 3.137530 -17.972093
 0.145000 3.092539 -17.800775
 0.147500 3.048043 -17.576227
 0.150000 3.004168 -17.317508
 0.152500 2.960958 -17.055529
 0.155000 2.918389 -16.819424
 0.157500 2.876352 -16.627183
 0.160000 2.834738 -16.474259
 0.162500 2.793465 -16.358403
 0.165000 2.752460 -16.266879
 0.167500 2.711648 -16.198989
 0.170000 2.670963 -16.182229
 0.172500 2.630238 -16.234778
 0.175000 2.589267 -16.381353
 0.177500 2.547810 -16.617510
 0.180000 2.505683 -16.916072
 0.182500 2.462786 -17.225850
 0.185000 2.419168 -17.489916
 0.187500 2.375003 -17.658989
 0.190000 2.330571 -17.705052
 0.192500 2.286174 -17.628305
 0.195000 2.242097 -17.456731
 0.197500 2.198519 -17.238453
 0.200000 2.155497 -17.029340
 0.202500 2.112938 -16.872433
 0.205000 2.070666 -16.801803
 0.207500 2.028461 -16.823842
 0.210000 1.986108 -16.919501
 0.212500 1.943457 -17.052166
 0.215000 1.900461 -17.190215
 0.217500 1.857138 -17.316998
 0.220000 1.813512 -17.428713
 0.222500 1.769612 -17.546810
 0.225000 1.725388 -17.696625
 0.227500 1.680729 -17.902530
 0.230000 1.635461 -18.188672
 0.232500 1.589356 -18.568522
 0.235000 1.542191 -19.050381
 0.237500 1.493713 -19.607753
 0.240000 1.443785 -20.207944
 0.242500 1.392374 -20.785011
 0.245000 1.339632 -21.257230
 0.247500 1.285931 -21.538595
 0.250000 1.231845 -21.551771
 0.252500 1.178123 -21.253935
 0.255000 1.125556 -20.636035
 0.257500 1.074904 -19.731739
 0.260000 1.026793 -18.621670
 0.262500 0.981606 -17.408454
 0.265000 0.939468 -16.205268
 0.267500 0.900234 -15.099989
 0.270000 0.863587 -14.145306
 0.272500 0.829135 -13.340970
 0.275000 0.796550 -12.647579
 0.277500 0.765627 -11.996991
 0.280000 0.736348 -11.326295
 0.282500 0.708815 -10.602555
 0.285000 0.683159 -9.832387
 0.287500 0.659458 -9.056911
 0.290000 0.637646 -8.335565
 0.292500 0.617508 -7.722492
 0.295000 0.598731 -7.256204
 0.297500 0.580939 -6.940427
 0.300000 0.563774 -6.752885
 0.302500 0.546955 -6.660914
 0.305000 0.530286 -6.625026
 0.307500 0.513672 -6.614112
 0.310000 0.497086 -6.599925
 0.312500 0.480570 -6.559219
 0.315000 0.464209 -6.473093
 0.317500 0.448132 -6.334181
 0.320000 0.432478 -6.137714
 0.322500 0.417382 -5.890076
 0.325000 0.402963 -5.603933
 0.327500 0.389294 -5.290381
 0.330000 0.376429 -4.961551
 0.332500 0.364394 -4.630366
 0.335000 0.353182 -4.302777
 0.337500 0.342778 -3.987302
 0.340000 0.333139 -3.695400
 0.342500 0.324190 -3.439759
 0.345000 0.315818 -3.237865
 0.347500 0.307863 -3.105734
 0.350000 0.300140 -3.056060
 0.352500 0.292440 -3.087441
 0.355000 0.284580 -3.184557
 0.357500 0.276426 -3.315299
 0.360000 0.267938 -3.444302
 0.362500 0.259173 -3.538517
 0.365000 0.250243 -3.569224
 0.367500 0.241327 -3.528672
 0.370000 0.232600 -3.419334
 0.372500 0.224221 -3.256517
 0.375000 0.216296 -3.057459
 0.377500 0.208895 -2.842247
 0.380000 0.202035 -2.627449
 0.382500 0.195694 -2.429990
 0.385000 0.189812 -2.263337
 0.387500 0.184296 -2.140475
 0.390000 0.179022 -2.068688
 0.392500 0.173860 -2.049390
 0.395000 0.168692 -2.075592
 0.397500 0.163420 -2.125332
 0.400000 0.158017 -2.178444
 0.402500 0.152506 -2.210620
 0.405000 0.146960 -2.206210
 0.407500 0.141475 -2.159783
 0.410000 0.136151 -2.081148
 0.412500 0.131049 -1.985612
 0.415000 0.126189 -1.891133
 0.417500 0.121552 -1.808447
 0.420000 0.117105 -1.740317
 0.422500 0.112816 -1.680639
 0.425000 0.108675 -1.620046
 0.427500 0.104696 -1.550607
 0.430000 0.100905 -1.471346
 0.432500 0.097319 -1.385776
 0.435000 0.093947 -1.301968
 0.437500 0.090776 -1.225899
 0.440000 0.087785 -1.156685
 0.442500 0.084966 -1.089465
 0.445000 0.082322 -1.015545
 0.447500 0.079876 -0.931362
 0.450000 0.077650 -0.841903
 0.452500 0.075641 -0.760990
 0.455000 0.073802 -0.707923
 0.457500 0.072043 -0.699345
 0.460000 0.070244 -0.741815
 0.462500 0.068281 -0.826523
 0.465000 0.066073 -0.934177
 0.467500 0.063598 -1.037268
 0.470000 0.060897 -1.111463
 0.472500 0.058065 -1.141490
 0.475000 0.055215 -1.124863
 0.477500 0.052457 -1.070513
 0.480000 0.049866 -0.993781
 0.482500 0.047478 -0.911784
 0.485000 0.045289 -0.837136
 0.487500 0.043268 -0.777055
 0.490000 0.041378 -0.734187
 0.492500 0.039576 -0.704689
 0.495000 0.037838 -0.682557
 0.497500 0.036153 -0.660369
 0.500000 0.034530 -0.631072
 0.502500 0.032994 -0.590516
 0.505000 0.031576 -0.537076
 0.507500 0.030306 -0.473307
 0.510000 0.029205 -0.403868
 0.512500 0.028276 -0.336231
 0.515000 0.027507 -0.279606
 0.517500 0.026858 -0.240326
 0.520000 0.026278 -0.224502
 0.522500 0.025707 -0.233177
 0.525000 0.025086 -0.264034
 0.527500 0.024370 -0.307869
 0.530000 0.023539 -0.353505
 0.532500 0.022604 -0.389527
 0.535000 0.021602 -0.406839
 0.537500 0.020583 -0.401603
 0.540000 0.019603 -0.377851
 0.542500 0.018699 -0.342619
 0.545000 0.017888 -0.305596
 0.547500 0.017161 -0.275110
 0.550000 0.016498 -0.255463
 0.552500 0.015872 -0.245219
 0.555000 0.015264 -0.239202
 0.557500 0.014672 -0.232300
 0.560000 0.014102 -0.221153
 0.562500 0.013567 -0.204879
 0.565000 0.013074 -0.187964
 0.567500 0.012620 -0.174661
 0.570000 0.012190 -0.168828
 0.572500 0.011764 -0.170668
 0.575000 0.011329 -0.177410
 0.577500 0.010876 -0.183423
 0.580000 0.010414 -0.183810
 0.582500 0.009961 -0.176050
 0.585000 0.009538 -0.160813
 0.587500 0.009158 -0.141504
 0.590000 0.008826 -0.123105
 0.592500 0.008535 -0.109880
 0.595000 0.008268 -0.103868
 0.597500 0.008007 -0.105040
 0.600000 0.007737 -0.110821
 0.602500 0.007450 -0.118511
 0.605000 0.007144 -0.125314
 0.607500 0.006823 -0.130434
 0.610000 0.006490 -0.134522
 0.612500 0.006148 -0.138634
 0.615000 0.005795 -0.142791
 0.617500 0.005432 -0.146577
 0.620000 0.005063 -0.147439
 0.622500 0.004698 -0.142759
 0.625000 0.004354 -0.131325
 0.627500 0.004046 -0.112862
 0.630000 0.003792 -0.090067
 0.632500 0.003596 -0.065994
 0.635000 0.003458 -0.044728
 0.637500 0.003367 -0.028649
 0.640000 0.003309 -0.018251
 0.642500 0.003270 -0.013079
 0.645000 0.003240 -0.010847
 0.647500 0.003214 -0.009390
 0.650000 0.003193 -0.007119
 0.652500 0.003179 -0.003820
 0.655000 0.003173 -0.000363
 0.657500 0.003175 0.001994
 0.660000 0.003180 0.001773
 0.662500 0.003180 -0.001524
 0.665000 0.003170 -0.007373
 0.667500 0.003142 -0.014543
 0.670000 0.003096 -0.022027
 0.672500 0.003032 -0.029153
 0.675000 0.002950 -0.036007
 0.677500 0.002851 -0.043160
 0.680000 0.002733 -0.051290
 0.682500 0.002594 -0.060201
 0.685000 0.002432 -0.068597
 0.687500 0.002252 -0.074800
 0.690000 0.002061 -0.077319
 0.692500 0.001869 -0.075127
 0.695000 0.001688 -0.068480
 0.697500 0.001529 -0.058853
 0.700000 0.001394 -0.048212
 0.702500 0.001286 -0.038456
 0.705000 0.001200 -0.030598
 0.707500 0.001131 -0.025020
 0.710000 0.001073 -0.021258
 0.712500 0.001023 -0.018482
 0.715000 0.000980 -0.015927
 0.717500 0.000943 -0.013625
 0.720000 0.000911 -0.011705
 0.722500 0.000883 -0.010820
 0.725000 0.000855 -0.011131
 0.727500 0.000825 -0.012994
 0.730000 0.000789 -0.015866
 0.732500 0.000745 -0.019173
 0.735000 0.000693 -0.022387
 0.737500 0.000634 -0.025013
 0.740000 0.000569 -0.026771
 0.742500 0.000501 -0.027465
 0.745000 0.000432 -0.026917
 0.747500 0.000367 -0.024799
 0.750000 0.000310 -0.020937
 0.752500 0.000264 -0.015279
 0.755000 0.000234 -0.008286
 0.757500 0.000223 -0.000662
 0.760000 0.000230 0.006370
 0.762500 0.000253 0.011606
 0.765000 0.000286 0.013960
 0.767500 0.000320 0.012825
 0.770000 0.000347 0.008498
 0.772500 0.000360 0.001857
 0.775000 0.000355 -0.005698
 0.777500 0.000332 -0.012567
 0.780000 0.000294 -0.017417
 0.782500 0.000247 -0.019620
 0.785000 0.000198 -0.018958
 0.787500 0.000154 -0.015922
 0.790000 0.000120 -0.011223
 0.792500 0.000099 -0.005712
 0.795000 0.000092 -0.000238
 0.797500 0.000097 0.004479
 0.800000 0.000113 0.007843
 0.802500 0.000135 0.009445
 0.805000 0.000158 0.009144
 0.807500 0.000179 0.007140
 0.810000 0.000193 0.004033
 0.812500 0.000199 0.000513
 0.815000 0.000196 -0.002574
 0.817500 0.000187 -0.004624
 0.820000 0.000174 -0.005519
 0.822500 0.000160 -0.005480
 0.825000 0.000147 -0.005009
 0.827500 0.000135 -0.004620
 0.830000 0.000123 -0.004627
 0.832500 0.000111 -0.005054
 0.835000 0.000098 -0.005681
 0.837500 0.000083 -0.006193
 0.840000 0.000067 -0.006328
 0.842500 0.000052 -0.005981
 0.845000 0.000038 -0.005211
 0.847500 0.000026 -0.004188
 0.850000 0.000017 -0.003071
 0.852500 0.000010 -0.002125
 0.855000 0.000006 -0.001362
 0.857500 0.000003 -0.000811
 0.860000 0.000002 -0.000449
 0.862500 0.000001 -0.000232
 0.865000 0.000000 -0.000112
 0.867500 0.000000 -0.000050
 0.870000 0.000000 0.000000
 0.872500 0.000000 0.000000
 0.875000 0.000000 0.000000
 0.877500 0.000000 0.000000
 0.880000 0.000000 0.000000
 0.882500 0.000000 0.000000
 0.885000 0.000000 0.000000
 0.887500 0.000000 0.000000
 0.890000 0.000000 0.000000
 0.892500 0.000000 0.000000
 0.895000 0.000000 0.000000
 0.897500 0.000000 0.000000
 0.900000 0.000000 0.000000
 0.902500 0.000000 0.000000
 0.905000 0.000000 0.000000
 0.907500 0.000000 0.000000
 0.910000 0.000000 0.000000
 0.912500 0.000000 0.000000
 0.915000 0.000000 0.000000
 0.917500 0.000000 0.000000
 0.920000 0.000000 0.000000
 0.922500 0.000000 0.000000
 0.925000 0.000000 0.000000
 0.927500 0.000000 0.000000
 0.930000 0.000000 0.000000
 0.932500 0.000000 0.000000
 0.935000 0.000000 0.000000
 0.937500 0.000000 0.000000
 0.940000 0.000000 0.000000
 0.942500 0.000000 0.000000
 0.945000 0.000000 0.000000
 0.947500 0.000000 0.000000
 0.950000 0.000000 0.000000
 0.952500 0.000000 0.000000
 0.955000 0.000000 0.000000
 0.957500 0.000000 0.000000
 0.960000 0.000000 0.000000
 0.962500 0.000000 0.000000
 0.965000 0.000000 0.000000
 0.967500 0.000000 0.000000
 0.970000 0.000000 0.000000
 0.972500 0.000000 0.000000
 0.975000 0.000000 0.000000
 0.977500 0.000000 0.000000
 0.980000 0.000000 0.000000
 0.982500 0.000000 0.000000
 0.985000 0.000000 0.000000
 0.987500 0.000000 0.000000
 0.990000 0.000000 0.000000
 0.992500 0.000000 0.000000
 0.995000 0.000000 0.000000
 0.997500 0.000000 0.000000
 1.000000 0.000000 0.000000
 1.002500 0.000000 0.000000
 1.005000 0.000000 0.000000
 1.007500 0.000000 0.000000
 1.010000 0.000000 0.000000
 1.012500 0.000000 0.000000
 1.015000 0.000000 0.000000
 1.017500 0.000000 0.000000
 1.020000 0.000000 0.000000
 1.022500 0.000000 0.000000
 1.025000 0.000000 0.000000
 1.027500 0.000000 0.000000
 1.030000 0.000000 0.000000
 1.032500 0.000000 0.000000
 1.035000 0.000000 0.000000
 1.037500 0.000000 0.000000
 1.040000 0.000000 0.000000
 1.042500 0.000000 0.000000
 1.045000 0.000000 0.000000
 1.047500 0.000000 0.000000
 1.050000 0.000000 0.000000
 1.052500 0.000000 0.000000
 1.055000 0.000000 0.000000
 1.057500 0.000000 0.000000
 1.060000 0.000000 0.000000
 1.062500 0.000000 0.000000
 1.065000 0.000000 0.000000
 1.067500 0.000000 0.000000
 1.070000 0.000000 0.000000
 1.072500 0.000000 0.000000
 1.075000 0.000000 0.000000
 1.077500 0.000000 0.000000
 1.080000 0.000000 0.000000
 1.082500 0.000000 0.000000
 1.085000 0.000000 0.000000
 1.087500 0.000000 0.000000
 1.090000 0.000000 0.000000
 1.092500 0.000000 0.000000
 1.095000 0.000000 0.000000
 1.097500 0.000000 0.000000
 1.100000 0.000000 0.000000
 1.102500 0.000000 0.000000
 1.105000 0.000000 0.000000
 1.107500 0.000000 0.000000
 1.110000 0.000000 0.000000
 1.112500 0.000000 0.000000
 1.115000 0.000000 0.000000
 1.117500 0.000000 0.000000
 1.120000 0.000000 0.000000
 1.122500 0.000000 0.000000
 1.125000 0.000000 0.000000
 1.127500 0.000000 0.000000
 1.130000 0.000000 0.000000
 1.132500 0.000000 0.000000
 1.135000 0.000000 0.000000
 1.137500 0.000000 0.000000
 1.140000 0.000000 0.000000
 1.142500 0.000000 0.000000
 1.145000 0.000000 0.000000
 1.147500 0.000000 0.000000
 1.150000 0.000000 0.000000
 1.152500 0.000000 0.000000
 1.155000 0.000000 0.000000
 1.157500 0.000000 0.000000
 1.160000 0.000000 0.000000
 1.162500 0.000000 0.000000
 1.165000 0.000000 0.000000
 1.167500 0.000000 0.000000
 1.170000 0.000000 0.000000
 1.172500 0.000000 0.000000
 1.175000 0.000000 0.000000
 1.177500 0.000000 0.000000
 1.180000 0.000000 0.000000
 1.182500 0.000000 0.000000
 1.185000 0.000000 0.000000
 1.187500 0.000000 0.000000
 1.190000 0.000000 0.000000
 1.192500 0.000000 0.000000
 1.195000 0.000000 0.000000
 1.197500 0.000000 0.000000
 1.200000 0.000000 0.000000
 1.202500 0.000000 0.000000
 1.205000 0.000000 0.000000
 1.207500 0.000000 0.000000
 1.210000 0.000000 0.000000
 1.212500 0.000000 0.000000
 1.215000 0.000000 0.000000
 1.217500 0.000000 0.000000
 1.220000 0.000000 0.000000
 1.222500 0.000000 0.000000
 1.225000 0.000000 0.000000
 1.227500 0.000000 0.000000
 1.230000 0.000000 0.000000
 1.232500 0.000000 0.000000
 1.235000 0.000000 0.000000
 1.237500 0.000000 0.000000
 1.240000 0.000000 0.000000
 1.242500 0.000000 0.000000
 1.245000 0.000000 0.000000
 1.247500 0.000000 0.000000
 1.250000 0.000000 0.000000
 1.252500 0.000000 0.000000
 1.255000 0.000000 0.000000
 1.257500 0.000000 0.000000
 1.260000 0.000000 0.000000
 1.262500 0.000000 0.000000
 1.265000 0.000000 0.000000
 1.267500 0.000000 0.000000
 1.270000 0.000000 0.000000
 1.272500 0.000000 0.000000
 1.275000 0.000000 0.000000
 1.277500 0.000000 0.000000
 1.280000 0.000000 0.000000
 1.282500 0.000000 0.000000
 1.285000 0.000000 0.000000
 1.287500 0.000000 0.000000
 1.290000 0.000000 0.000000
 1.292500 0.000000 0.000000
 1.295000 0.000000 0.000000
 1.297500 0.000000 0.000000
 1.300000 0.000000 0.000000
 1.302500 0.000000 0.000000
 1.305000 0.000000 0.000000
 1.307500 0.000000 0.000000
 1.310000 0.000000 0.000000
 1.312500 0.000000 0.000000
 1.315000 0.000000 0.000000
 1.317500 0.000000 0.000000
 1.320000 0.000000 0.000000
 1.322500 0.000000 0.000000
 1.325000 0.000000 0.000000
 1.327500 0.000000 0.000000
 1.330000 0.000000 0.000000
 1.332500 0.000000 0.000000
 1.335000 0.000000 0.000000
 1.337500 0.000000 0.000000
 1.340000 0.000000 0.000000
 1.342500 0.000000 0.000000
 1.345000 0.000000 0.000000
 1.347500 0.000000 0.000000
 1.350000 0.000000 0.000000
 1.352500 0.000000 0.000000
 1.355000 0.000000 0.000000
 1.357500 0.000000 0.000000
 1.360000 0.000000 0.000000
 1.362500 0.000000 0.000000
 1.365000 0.000000 0.000000
 1.367500 0.000000 0.000000
 1.370000 0.000000 0.000000
 1.372500 0.000000 0.000000
 1.375000 0.000000 0.000000
 1.377500 0.000000 0.000000
 1.380000 0.000000 0.000000
 1.382500 0.000000 0.000000
 1.385000 0.000000 0.000000
 1.387500 0.000000 0.000000
 1.390000 0.000000 0.000000
 1.392500 0.000000 0.000000
 1.395000 0.000000 0.000000
 1.397500 0.000000 0.000000
 1.400000 0.000000 0.000000
 1.402500 0.000000 0.000000
 1.405000 0.000000 0.000000
 1.407500 0.000000 0.000000
 1.410000 0.000000 0.000000
 1.412500 0.000000 0.000000
 1.415000 0.000000 0.000000
 1.417500 0.000000 0.000000
 1.420000 0.000000 0.000000
 1.422500 0.000000 0.000000
 1.425000 0.000000 0.000000
 1.427500 0.000000 0.000000
 1.430000 0.000000 0.000000
 1.432500 0.000000 0.000000
 1.435000 0.000000 0.000000
 1.437500 0.000000 0.000000
 1.440000 0.000000 0.000000
 1.442500 0.000000 0.000000
 1.445000 0.000000 0.000000
 1.447500 0.000000 0.000000
 1.450000 0.000000 0.000000
 1.452500 0.000000 0.000000
 1.455000 0.000000 0.000000
 1.457500 0.000000 0.000000
 1.460000 0.000000 0.000000
 1.462500 0.000000 0.000000
 1.465000 0.000000 0.000000
 1.467500 0.000000 0.000000
 1.470000 0.000000 0.000000
 1.472500 0.000000 0.000000
 1.475000 0.000000 0.000000
 1.477500 0.000000 0.000000
 1.480000 0.000000 0.000000
 1.482500 0.000000 0.000000
 1.485000 0.000000 0.000000
 1.487500 0.000000 0.000000
 1.490000 0.000000 0.000000
 1.492500 0.000000 0.000000
 1.495000 0.000000 0.000000
 1.497500 0.000000 0.000000
 1.500000 0.000000 0.000000
 1.502500 0.000000 0.000000
 1.505000 0.000000 0.000000
 1.507500 0.000000 0.000000
 1.510000 0.000000 0.000000
 1.512500 0.000000 0.000000
 1.515000 0.000000 0.000000
 1.517500 0.000000 0.000000
 1.520000 0.000000 0.000000
 1.522500 0.000000 0.000000
 1.525000 0.000000 0.000000
 1.527500 0.000000 0.000000
 1.530000 0.000000 0.000000
 1.532500 0.000000 0.000000
 1.535000 0.000000 0.000000
 1.537500 0.000000 0.000000
 1.540000 0.000000 0.000000
 1.542500 0.000000 0.000000
 1.545000 0.000000 0.000000
 1.547500 0.000000 0.000000
 1.550000 0.000000 0.000000
 1.552500 0.000000 0.000000
 1.555000 0.000000 0.000000
 1.557500 0.000000 0.000000
 1.560000 0.000000 0.000000
 1.562500 0.000000 0.000000
 1.565000 0.000000 0.000000
 1.567500 0.000000 0.000000
 1.570000 0.000000 0.000000
 1.572500 0.000000 0.000000
 1.575000 0.000000 0.000000
 1.577500 0.000000 0.000000
 1.580000 0.000000 0.000000
 1.582500 0.000000 0.000000
 1.585000 0.000000 0.000000
 1.587500 0.000000 0.000000
 1.590000 0.000000 0.000000
 1.592500 0.000000 0.000000
 1.595000 0.000000 0.000000
 1.597500 0.000000 0.000000
 1.600000 0.000000 0.000000
 1.602500 0.000000 0.000000
 1.605000 0.000000 0.000000
 1.607500 0.000000 0.000000
 1.610000 0.000000 0.000000
 1.612500 0.000000 0.000000
 1.615000 0.000000 0.000000
 1.617500 0.000000 0.000000
 1.620000 0.000000 0.000000
 1.622500 0.000000 0.000000
 1.625000 0.000000 0.000000
 1.627500 0.000000 0.000000
 1.630000 0.000000 0.000000
 1.632500 0.000000 0.000000
 1.635000 0.000000 0.000000
 1.637500 0.000000 0.000000
 1.640000 0.000000 0.000000
 1.642500 0.000000 0.000000
 1.645000 0.000000 0.000000
 1.647500 0.000000 0.000000
 1.650000 0.000000 0.000000
 1.652500 0.000000 0.000000
 1.655000 0.000000 0.000000
 1.657500 0.000000 0.000000
 1.660000 0.000000 0.000000
 1.662500 0.000000 0.000000
 1.665000 0.000000 0.000000
 1.667500 0.000000 0.000000
 1.670000 0.000000 0.000000
 1.672500 0.000000 0.000000
 1.675000 0.000000 0.000000
 1.677500 0.000000 0.000000
 1.680000 0.000000 0.000000
 1.682500 0.000000 0.000000
 1.685000 0.000000 0.000000
 1.687500 0.000000 0.000000
 1.690000 0.000000 0.000000
 1.692500 0.000000 0.000000
 1.695000 0.000000 0.000000
 1.697500 0.000000 0.000000
 1.700000 0.000000 0.000000
 1.702500 0.000000 0.000000
 1.705000 0.000000 0.000000
 1.707500 0.000000 0.000000
 1.710000 0.000000 0.000000
 1.712500 0.000000 0.000000
 1.715000 0.000000 0.000000
 1.717500 0.000000 0.000000
 1.720000 0.000000 0.000000
 1.722500 0.000000 0.000000
 1.725000 0.000000 0.000000
 1.727500 0.000000 0.000000
 1.730000 0.000000 0.000000
 1.732500 0.000000 0.000000
 1.735000 0.000000 0.000000
 1.737500 0.000000 0.000000
 1.740000 0.000000 0.000000
 1.742500 0.000000 0.000000
 1.745000 0.000000 0.000000
 1.747500 0.000000 0.000000
 1.750000 0.000000 0.000000
 1.752500 0.000000 0.000000
 1.755000 0.000000 0.000000
 1.757500 0.000000 0.000000
 1.760000 0.000000 0.000000
 1.762500 0.000000 0.000000
 1.765000 0.000000 0.000000
 1.767500 0.000000 0.000000
 1.770000 0.000000 0.000000
 1.772500 0.000000 0.000000
 1.775000 0.000000 0.000000
 1.777500 0.000000 0.000000
 1.780000 0.000000 0.000000
 1.782500 0.000000 0.000000
 1.785000 0.000000 0.000000
 1.787500 0.000000 0.000000
 1.790000 0.000000 0.000000
 1.792500 0.000000 0.000000
 1.795000 0.000000 0.000000
 1.797500 0.000000 0.000000
 1.800000 0.000000 0.000000
 1.802500 0.000000 0.000000
 1.805000 0.000000 0.000000
 1.807500 0.000000 0.000000
 1.810000 0.000000 0.000000
 1.812500 0.000000 0.000000
 1.815000 0.000000 0.000000
 1.817500 0.000000 0.000000
 1.820000 0.000000 0.000000
 1.822500 0.000000 0.000000
 1.825000 0.000000 0.000000
 1.827500 0.000000 0.000000
 1.830000 0.000000 0.000000
 1.832500 0.000000 0.000000
 1.835000 0.000000 0.000000
 1.837500 0.000000 0.000000
 1.840000 0.000000 0.000000
 1.842500 0.000000 0.000000
 1.845000 0.000000 0.000000
 1.847500 0.000000 0.000000
 1.850000 0.000000 0.000000
 1.852500 0.000000 0.000000
 1.855000 0.000000 0.000000
 1.857500 0.000000 0.000000
 1.860000 0.000000 0.000000
 1.862500 0.000000 0.000000
 1.865000 0.000000 0.000000
 1.867500 0.000000 0.000000
 1.870000 0.000000 0.000000
 1.872500 0.000000 0.000000
 1.875000 0.000000 0.000000
 1.877500 0.000000 0.000000
 1.880000 0.000000 0.000000
 1.882500 0.000000 0.000000
 1.885000 0.000000 0.000000
 1.887500 0.000000 0.000000
 1.890000 0.000000 0.000000
 1.892500 0.000000 0.000000
 1.895000 0.000000 0.000000
 1.897500 0.000000 0.000000
 1.900000 0.000000 0.000000
 1.902500 0.000000 0.000000
 1.905000 0.000000 0.000000
 1.907500 0.000000 0.000000
 1.910000 0.000000 0.000000
 1.912500 0.000000 0.000000
 1.915000 0.000000 0.000000
 1.917500 0.000000 0.000000
 1.920000 0.000000 0.000000
 1.922500 0.000000 0.000000
 1.925000 0.000000 0.000000
 1.927500 0.000000 0.000000
 1.930000 0.000000 0.000000
 1.932500 0.000000 0.000000
 1.935000 0.000000 0.000000
 1.937500 0.000000 0.000000
 1.940000 0.000000 0.000000
 1.942500 0.000000 0.000000
 1.945000 0.000000 0.000000
 1.947500 0.000000 0.000000
 1.950000 0.000000 0.000000
 1.952500 0.000000 0.000000
 1.955000 0.000000 0.000000
 1.957500 0.000000 0.000000
 1.960000 0.000000 0.000000
 1.962500 0.000000 0.000000
 1.965000 0.000000 0.000000
 1.967500 0.000000 0.000000
 1.970000 0.000000 0.000000
 1.972500 0.000000 0.000000
 1.975000 0.000000 0.000000
 1.977500 0.000000 0.000000
 1.980000 0.000000 0.000000
 1.982500 0.000000 0.000000
 1.985000 0.000000 0.000000
 1.987500 0.000000 0.000000
 1.990000 0.000000 0.000000
 1.992500 0.000000 0.000000
 1.995000 0.000000 0.000000
 1.997500 0.000000 0.000000
 2.000000 0.000000 0.000000
