#! FIELDS es hh dhh_es
#! SET normalisation  2000.000000
#! SET min_es -0.5
#! SET max_es 2
#! SET nbins_es  1000
#! SET periodic_es false
 -0.500000 0.000000 0.000000
 -0.497500 0.000000 0.000000
 -0.495000 0.000000 0.000000
 -0.492500 0.000000 0.000000
 -0.490000 0.000000 0.000000
 -0.487500 0.000000 0.000000
 -0.485000 0.000000 0.000000
 -0.482500 0.000000 0.000000
 -0.480000 0.000000 0.000000
 -0.477500 0.000000 0.000000
 -0.475000 0.000000 0.000000
 -0.472500 0.000000 0.000000
 -0.470000 0.000000 0.000000
 -0.467500 0.000000 0.000000
 -0.465000 0.000000 0.000000
 -0.462500 0.000000 0.000000
 -0.460000 0.000000 0.000000
 -0.457500 0.000000 0.000000
 -0.455000 0.000000 0.000000
 -0.452500 0.000000 0.000000
 -0.450000 0.000000 0.000000
 -0.447500 0.000000 0.000000
 -0.445000 0.000000 0.000000
 -0.442500 0.000000 0.000000
 -0.440000 0.000000 0.000000
 -0.437500 0.000000 0.000000
 -0.435000 0.000000 0.000000
 -0.432500 0.000000 0.000000
 -0.430000 0.000000 0.000000
 -0.427500 0.000000 0.000000
 -0.425000 0.000000 0.000000
 -0.422500 0.000000 0.000000
 -0.420000 0.000000 0.000000
 -0.417500 0.000000 0.000000
 -0.415000 0.000000 0.000000
 -0.412500 0.000000 0.000000
 -0.410000 0.000000 0.000000
 -0.407500 0.000000 0.000000
 -0.405000 0.000000 0.000000
 -0.402500 0.000000 0.000000
 -0.400000 0.000000 0.000000
 -0.397500 0.000000 0.000000
 -0.395000 0.000000 0.000000
 -0.392500 0.000000 0.000000
 -0.390000 0.000000 0.000000
 -0.387500 0.000000 0.000000
 -0.385000 0.000000 0.000000
 -0.382500 0.000000 0.000000
 -0.380000 0.000000 0.000000
 -0.377500 0.000000 0.000000
 -0.375000 0.000000 0.000000
 -0.372500 0.000000 0.000000
 -0.370000 0.000000 0.000000
 -0.367500 0.000000 0.000000
 -0.365000 0.000000 0.000000
 -0.362500 0.000000 0.000000
 -0.360000 0.000000 0.000000
 -0.357500 0.000000 0.000000
 -0.355000 0.000000 0.000000
 -0.352500 0.000000 0.000000
 -0.350000 0.000000 0.000000
 -0.347500 0.000000 0.000000
 -0.345000 0.000000 0.000000
 -0.342500 0.000000 0.000000
 -0.340000 0.000000 0.000000
 -0.337500 0.000000 0.000000
 -0.335000 0.000000 0.000000
 -0.332500 0.000000 0.000000
 -0.330000 0.000000 0.000000
 -0.327500 0.000000 0.000000
 -0.325000 0.000000 0.000000
 -0.322500 0.000000 0.000000
 -0.320000 0.000000 0.000000
 -0.317500 0.000000 0.000000
 -0.315000 0.000000 0.000000
 -0.312500 0.000000 0.000000
 -0.310000 0.000000 0.000000
 -0.307500 0.000000 0.000000
 -0.305000 0.000000 0.000000
 -0.302500 0.000000 0.000000
 -0.300000 0.000000 0.000000
 -0.297500 0.000000 0.000000
 -0.295000 0.000000 0.000000
 -0.292500 0.000000 0.000000
 -0.290000 0.000000 0.000000
 -0.287500 0.000000 0.000000
 -0.285000 0.000000 0.000000
 -0.282500 0.000000 0.000000
 -0.280000 0.000000 0.000000
 -0.277500 0.000000 0.000000
 -0.275000 0.000000 0.000000
 -0.272500 0.000000 0.000000
 -0.270000 0.000000 0.000000
 -0.267500 0.000000 0.000000
 -0.265000 0.000000 0.000000
 -0.262500 0.000000 0.000000
 -0.260000 0.000000 0.000000
 -0.257500 0.000000 0.000000
 -0.255000 0.000000 0.000000
 -0.252500 0.000000 0.000000
 -0.250000 0.000000 0.000000
 -0.247500 0.000000 0.000000
 -0.245000 0.000000 0.000000
 -0.242500 0.000000 0.000000
 -0.240000 0.000000 0.000000
 -0.237500 0.000000 0.000000
 -0.235000 0.000000 0.000000
 -0.232500 0.000000 0.000000
 -0.230000 0.000000 0.000000
 -0.227500 0.000000 0.000000
 -0.225000 0.000000 0.000000
 -0.222500 0.000000 0.000000
 -0.220000 0.000000 0.000000
 -0.217500 0.000000 0.000000
 -0.215000 0.000000 0.000000
 -0.212500 0.000000 0.000000
 -0.210000 0.000000 0.000000
 -0.207500 0.000000 0.000000
 -0.205000 0.000000 0.000000
 -0.202500 0.000000 0.000000
 -0.200000 0.000000 0.000000
 -0.197500 0.000000 0.000000
 -0.195000 0.000000 0.000000
 -0.192500 0.000000 0.000000
 -0.190000 0.000000 0.000000
 -0.187500 0.000000 0.000000
 -0.185000 0.000000 0.000000
 -0.182500 0.000000 0.000000
 -0.180000 0.000000 0.000000
 -0.177500 0.000000 0.000000
 -0.175000 0.000000 0.000000
 -0.172500 0.000000 0.000000
 -0.170000 0.000000 0.000000
 -0.167500 0.000000 0.000000
 -0.165000 0.000000 0.000000
 -0.162500 0.000000 0.000000
 -0.160000 0.000000 0.000000
 -0.157500 0.000000 0.000000
 -0.155000 0.000000 0.000000
 -0.152500 0.000000 0.000000
 -0.150000 0.000000 0.000000
 -0.147500 0.000000 0.000000
 -0.145000 0.000000 0.000000
 -0.142500 0.000000 0.000000
 -0.140000 0.000000 0.000000
 -0.137500 0.000000 0.000000
 -0.135000 0.000000 0.000000
 -0.132500 0.000000 0.000000
 -0.130000 0.000000 0.000000
 -0.127500 0.000000 0.000000
 -0.125000 0.000000 0.000000
 -0.122500 0.000000 0.000000
 -0.120000 0.000000 0.000000
 -0.117500 0.000000 0.000000
 -0.115000 0.000000 0.000000
 -0.112500 0.000000 0.000000
 -0.110000 0.000000 0.000000
 -0.107500 0.000000 0.000000
 -0.105000 0.000000 0.000000
 -0.102500 0.000000 0.000000
 -0.100000 0.000000 0.000000
 -0.097500 0.000000 0.000000
 -0.095000 0.000000 0.000000
 -0.092500 0.000000 0.000000
 -0.090000 0.000000 0.000000
 -0.087500 0.000000 0.000000
 -0.085000 0.000000 0.000000
 -0.082500 0.000000 0.000000
 -0.080000 0.000000 0.000000
 -0.077500 0.000000 0.000000
 -0.075000 0.000000 0.000000
 -0.072500 0.000000 0.000000
 -0.070000 0.000000 0.000000
 -0.067500 0.000000 0.000000
 -0.065000 0.000000 0.000000
 -0.062500 0.000000 0.000000
 -0.060000 0.000000 0.000000
 -0.057500 0.000000 0.000000
 -0.055000 0.000000 0.000000
 -0.052500 0.000000 0.000000
 -0.050000 0.000000 0.000000
 -0.047500 0.000000 0.000000
 -0.045000 0.000000 0.000000
 -0.042500 0.000000 0.000000
 -0.040000 0.000000 0.000000
 -0.037500 0.000000 0.000000
 -0.035000 0.000000 0.000000
 -0.032500 0.000000 0.000000
 -0.030000 0.000000 0.000000
 -0.027500 0.000000 0.000000
 -0.025000 0.000000 0.000000
 -0.022500 0.000000 0.000000
 -0.020000 0.000000 0.000000
 -0.017500 0.000000 0.000000
 -0.015000 0.000000 0.000000
 -0.012500 0.000000 0.000000
 -0.010000 0.000000 0.000000
 -0.007500 0.000000 0.000000
 -0.005000 0.000000 0.000000
 -0.002500 0.000000 0.000000
 0.000000 0.000000 0.000000
 0.002500 0.000000 0.000000
 0.005000 0.000000 0.000000
 0.007500 0.000000 0.000000
 0.010000 0.000000 0.000000
 0.012500 0.000000 0.000000
 0.015000 0.000000 0.000000
 0.017500 0.000000 0.000000
 0.020000 0.000000 0.000000
 0.022500 0.000000 0.000000
 0.025000 0.000000 0.000000
 0.027500 0.000000 0.000000
 0.030000 0.000000 0.000000
 0.032500 0.000000 0.000000
 0.035000 0.000000 0.000000
 0.037500 0.000000 0.000000
 0.040000 0.000000 0.000000
 0.042500 0.000000 0.000000
 0.045000 0.000000 0.000000
 0.047500 0.000000 0.000000
 0.050000 0.000000 0.000000
 0.052500 0.000000 0.000000
 0.055000 0.000000 0.000000
 0.057500 0.000000 0.000000
 0.060000 0.000000 0.000000
 0.062500 0.000000 0.000000
 0.065000 0.000000 0.000000
 0.067500 0.000000 0.000000
 0.070000 0.000000 0.000000
 0.072500 0.000000 0.000000
 0.075000 0.000000 0.000000
 0.077500 0.000000 0.000000
 0.080000 0.000000 0.000000
 0.082500 0.000000 0.000000
 0.085000 0.000000 0.000000
 0.087500 0.000000 0.000000
 0.090000 0.000000 0.000000
 0.092500 0.000000 0.000000
 0.095000 0.000000 0.000000
 0.097500 0.000000 0.000000
 0.100000 0.000000 0.000000
 0.102500 0.000000 0.000000
 0.105000 0.000000 0.000000
 0.107500 0.000000 0.000000
 0.110000 0.000000 0.000000
 0.112500 0.000000 0.000000
 0.115000 0.000000 0.000000
 0.117500 0.000000 0.000000
 0.120000 0.000000 0.000000
 0.122500 0.000000 0.000000
 0.125000 0.000000 0.000000
 0.127500 0.000000 0.000000
 0.130000 0.000000 0.000000
 0.132500 0.000000 0.000000
 0.135000 0.000000 0.000000
 0.137500 0.000000 0.000000
 0.140000 0.000000 0.000000
 0.142500 0.000000 0.000000
 0.145000 0.000000 0.000000
 0.147500 0.000000 0.000000
 0.150000 0.000000 0.000000
 0.152500 0.000000 0.000000
 0.155000 0.000000 0.000000
 0.157500 0.000000 0.000000
 0.160000 0.000000 0.000000
 0.162500 0.000000 0.000000
 0.165000 0.000000 0.000000
 0.167500 0.000000 0.000000
 0.170000 0.000000 0.000000
 0.172500 0.000000 0.000000
 0.175000 0.000000 0.000000
 0.177500 0.000000 0.000000
 0.180000 0.000000 0.000000
 0.182500 0.000000 0.000000
 0.185000 0.000000 0.000000
 0.187500 0.000000 0.000000
 0.190000 0.000000 0.000000
 0.192500 0.000000 0.000000
 0.195000 0.000000 0.000000
 0.197500 0.000000 0.000000
 0.200000 0.000000 0.000000
 0.202500 0.000000 0.000000
 0.205000 0.000000 0.000000
 0.207500 0.000000 0.000000
 0.210000 0.000000 0.000041
 0.212500 0.000000 0.000096
 0.215000 0.000001 0.000214
 0.217500 0.000001 0.000443
 0.220000 0.000003 0.000882
 0.222500 0.000006 0.001630
 0.225000 0.000012 0.002788
 0.227500 0.000021 0.004460
 0.230000 0.000034 0.006694
 0.232500 0.000054 0.009364
 0.235000 0.000082 0.012279
 0.237500 0.000116 0.015080
 0.240000 0.000157 0.017347
 0.242500 0.000202 0.018778
 0.245000 0.000250 0.019327
 0.247500 0.000298 0.019179
 0.250000 0.000346 0.018858
 0.252500 0.000393 0.019062
 0.255000 0.000442 0.020629
 0.257500 0.000498 0.024072
 0.260000 0.000565 0.029577
 0.262500 0.000648 0.036844
 0.265000 0.000751 0.045288
 0.267500 0.000875 0.054202
 0.270000 0.001022 0.063044
 0.272500 0.001191 0.072099
 0.275000 0.001385 0.082541
 0.277500 0.001608 0.096156
 0.280000 0.001871 0.114806
 0.282500 0.002189 0.140052
 0.285000 0.002578 0.172149
 0.287500 0.003056 0.210309
 0.290000 0.003635 0.253033
 0.292500 0.004325 0.298509
 0.295000 0.005132 0.346001
 0.297500 0.006059 0.395382
 0.300000 0.007115 0.448196
 0.302500 0.008308 0.505919
 0.305000 0.009653 0.569744
 0.307500 0.011167 0.640488
 0.310000 0.012867 0.718545
 0.312500 0.014772 0.804172
 0.315000 0.016900 0.897748
 0.317500 0.019274 1.000075
 0.320000 0.021916 1.112491
 0.322500 0.024855 1.236352
 0.325000 0.028117 1.372093
 0.327500 0.031737 1.521635
 0.330000 0.035751 1.687917
 0.332500 0.040206 1.874992
 0.335000 0.045161 2.088203
 0.337500 0.050687 2.331852
 0.340000 0.056864 2.608385
 0.342500 0.063773 2.916963
 0.345000 0.071490 3.253819
 0.347500 0.080077 3.611864
 0.350000 0.089584 3.986467
 0.352500 0.100039 4.370609
 0.355000 0.111463 4.759438
 0.357500 0.123859 5.147300
 0.360000 0.137222 5.530353
 0.362500 0.151532 5.903192
 0.365000 0.166760 6.263307
 0.367500 0.182873 6.612069
 0.370000 0.199852 6.956363
 0.372500 0.217702 7.310733
 0.375000 0.236473 7.695693
 0.377500 0.256270 8.137421
 0.380000 0.277273 8.662261
 0.382500 0.299716 9.289377
 0.385000 0.323864 10.026571
 0.387500 0.349983 10.863614
 0.390000 0.378293 11.771607
 0.392500 0.408918 12.707288
 0.395000 0.441872 13.623378
 0.397500 0.477048 14.479065
 0.400000 0.514257 15.248129
 0.402500 0.553274 15.924559
 0.405000 0.593887 16.528719
 0.407500 0.635951 17.094143
 0.410000 0.679428 17.664289
 0.412500 0.724386 18.283721
 0.415000 0.770987 18.983048
 0.417500 0.819453 19.775246
 0.420000 0.870011 20.652319
 0.422500 0.922835 21.582982
 0.425000 0.978016 22.526537
 0.427500 1.035528 23.442356
 0.430000 1.095255 24.292710
 0.432500 1.157006 25.061712
 0.435000 1.220581 25.752840
 0.437500 1.285798 26.381164
 0.440000 1.352523 26.964842
 0.442500 1.420667 27.518659
 0.445000 1.490172 28.051203
 0.447500 1.560976 28.557438
 0.450000 1.632997 29.027091
 0.452500 1.706139 29.452535
 0.455000 1.780283 29.825131
 0.457500 1.855284 30.143952
 0.460000 1.931014 30.407634
 0.462500 2.007333 30.618926
 0.465000 2.084125 30.790514
 0.467500 2.161309 30.939990
 0.470000 2.238855 31.087093
 0.472500 2.316788 31.251289
 0.475000 2.395146 31.430464
 0.477500 2.473940 31.593154
 0.480000 2.553067 31.687323
 0.482500 2.632269 31.651151
 0.485000 2.711163 31.435833
 0.487500 2.789275 31.031574
 0.490000 2.866166 30.473706
 0.492500 2.941540 29.840333
 0.495000 3.015334 29.229299
 0.497500 3.087726 28.736615
 0.500000 3.159086 28.405818
 0.502500 3.229824 28.239045
 0.505000 3.300258 28.158683
 0.507500 3.370472 28.037024
 0.510000 3.440177 27.732296
 0.512500 3.508749 27.122950
 0.515000 3.575333 26.138299
 0.517500 3.638982 24.788675
 0.520000 3.698892 23.168055
 0.522500 3.754541 21.419740
 0.525000 3.805807 19.696974
 0.527500 3.852936 18.126275
 0.530000 3.896405 16.783254
 0.532500 3.936808 15.672730
 0.535000 3.974673 14.743500
 0.537500 4.010349 13.911190
 0.540000 4.043956 13.079992
 0.542500 4.075409 12.180733
 0.545000 4.104471 11.167345
 0.547500 4.130842 10.030516
 0.550000 4.154216 8.793469
 0.552500 4.174410 7.500085
 0.555000 4.191361 6.215990
 0.557500 4.205169 5.001748
 0.560000 4.216071 3.898345
 0.562500 4.224356 2.915006
 0.565000 4.230294 2.008263
 0.567500 4.233980 1.102213
 0.570000 4.235298 0.099731
 0.572500 4.233912 -1.072418
 0.575000 4.229316 -2.452448
 0.577500 4.221031 -4.017915
 0.580000 4.208677 -5.684407
 0.582500 4.192144 -7.340425
 0.585000 4.171609 -8.861427
 0.587500 4.147529 -10.158568
 0.590000 4.120539 -11.188242
 0.592500 4.091300 -11.956764
 0.595000 4.060409 -12.524582
 0.597500 4.028259 -12.969217
 0.600000 3.995047 -13.380501
 0.602500 3.960782 -13.827863
 0.605000 3.925314 -14.349825
 0.607500 3.888428 -14.960747
 0.610000 3.849898 -15.660930
 0.612500 3.809506 -16.440504
 0.615000 3.767067 -17.296423
 0.617500 3.722403 -18.225974
 0.620000 3.675346 -19.206254
 0.622500 3.625789 -20.211695
 0.625000 3.573743 -21.180244
 0.627500 3.519419 -22.031036
 0.630000 3.463207 -22.678385
 0.632500 3.405700 -23.059452
 0.635000 3.347578 -23.174786
 0.637500 3.289446 -23.083048
 0.640000 3.231695 -22.897309
 0.642500 3.174378 -22.749712
 0.645000 3.117267 -22.756973
 0.647500 3.059876 -22.975543
 0.650000 3.001677 -23.384255
 0.652500 2.942313 -23.903471
 0.655000 2.881657 -24.394019
 0.657500 2.819947 -24.726316
 0.660000 2.757716 -24.802694
 0.662500 2.695657 -24.593127
 0.665000 2.634425 -24.152741
 0.667500 2.574477 -23.593079
 0.670000 2.515941 -23.050058
 0.672500 2.458614 -22.643236
 0.675000 2.402063 -22.445572
 0.677500 2.345736 -22.461002
 0.680000 2.289164 -22.631579
 0.682500 2.232061 -22.868205
 0.685000 2.174380 -23.077701
 0.687500 2.116297 -23.187142
 0.690000 2.058120 -23.155340
 0.692500 2.000209 -22.972058
 0.695000 1.942933 -22.664152
 0.697500 1.886544 -22.258879
 0.700000 1.831257 -21.803994
 0.702500 1.777151 -21.329329
 0.705000 1.724226 -20.860885
 0.707500 1.672435 -20.431623
 0.710000 1.621658 -20.049487
 0.712500 1.571772 -19.719440
 0.715000 1.522668 -19.420521
 0.717500 1.474313 -19.114136
 0.720000 1.426785 -18.757375
 0.722500 1.380257 -18.308669
 0.725000 1.334986 -17.763379
 0.727500 1.291189 -17.137727
 0.730000 1.249009 -16.484211
 0.732500 1.208429 -15.868226
 0.735000 1.169293 -15.347306
 0.737500 1.131316 -14.943615
 0.740000 1.094193 -14.652198
 0.742500 1.057698 -14.449900
 0.745000 1.021654 -14.284101
 0.747500 0.986025 -14.113968
 0.750000 0.950865 -13.908676
 0.752500 0.916278 -13.653688
 0.755000 0.882393 -13.356985
 0.757500 0.849293 -13.030234
 0.760000 0.817026 -12.693596
 0.762500 0.785594 -12.368725
 0.765000 0.754962 -12.059902
 0.767500 0.725092 -11.760378
 0.770000 0.695988 -11.443375
 0.772500 0.667725 -11.081672
 0.775000 0.640450 -10.653020
 0.777500 0.614341 -10.151988
 0.780000 0.589557 -9.602804
 0.782500 0.566164 -9.049601
 0.785000 0.544106 -8.549874
 0.787500 0.523181 -8.149543
 0.790000 0.503099 -7.877378
 0.792500 0.483545 -7.730037
 0.795000 0.464234 -7.674228
 0.797500 0.445003 -7.660778
 0.800000 0.425812 -7.633412
 0.802500 0.406759 -7.550317
 0.805000 0.388017 -7.381403
 0.807500 0.369807 -7.124683
 0.810000 0.352338 -6.798023
 0.812500 0.335747 -6.431070
 0.815000 0.320087 -6.061295
 0.817500 0.305317 -5.727107
 0.820000 0.291309 -5.451765
 0.822500 0.277907 -5.247970
 0.825000 0.264940 -5.101114
 0.827500 0.252295 -4.985756
 0.830000 0.239934 -4.864894
 0.832500 0.227916 -4.709018
 0.835000 0.216357 -4.500428
 0.837500 0.205387 -4.237988
 0.840000 0.195124 -3.944342
 0.842500 0.185604 -3.645675
 0.845000 0.176806 -3.377509
 0.847500 0.168617 -3.158058
 0.850000 0.160905 -3.001192
 0.852500 0.153514 -2.900735
 0.855000 0.146315 -2.844506
 0.857500 0.139219 -2.815917
 0.860000 0.132178 -2.798761
 0.862500 0.125184 -2.777101
 0.865000 0.118262 -2.740474
 0.867500 0.111461 -2.680274
 0.870000 0.104844 -2.590035
 0.872500 0.098494 -2.472063
 0.875000 0.092475 -2.327310
 0.877500 0.086843 -2.164822
 0.880000 0.081625 -1.997173
 0.882500 0.076819 -1.837442
 0.885000 0.072391 -1.697845
 0.887500 0.068282 -1.583671
 0.890000 0.064425 -1.494996
 0.892500 0.060762 -1.428577
 0.895000 0.057243 -1.379003
 0.897500 0.053835 -1.340099
 0.900000 0.050518 -1.305715
 0.902500 0.047285 -1.270563
 0.905000 0.044147 -1.231601
 0.907500 0.041118 -1.183755
 0.910000 0.038221 -1.124329
 0.912500 0.035489 -1.054370
 0.915000 0.032941 -0.977408
 0.917500 0.030589 -0.900276
 0.920000 0.028422 -0.829705
 0.922500 0.026417 -0.771662
 0.925000 0.024541 -0.727103
 0.927500 0.022762 -0.692908
 0.930000 0.021063 -0.661746
 0.932500 0.019447 -0.625926
 0.935000 0.017934 -0.578705
 0.937500 0.016556 -0.518527
 0.940000 0.015342 -0.447184
 0.942500 0.014314 -0.372633
 0.945000 0.013468 -0.302750
 0.947500 0.012781 -0.246723
 0.950000 0.012211 -0.210608
 0.952500 0.011704 -0.197124
 0.955000 0.011202 -0.205246
 0.957500 0.010658 -0.230756
 0.960000 0.010036 -0.266119
 0.962500 0.009321 -0.303121
 0.965000 0.008521 -0.334072
 0.967500 0.007658 -0.352316
 0.970000 0.006768 -0.354732
 0.972500 0.005893 -0.341657
 0.975000 0.005069 -0.315361
 0.977500 0.004322 -0.279853
 0.980000 0.003671 -0.240045
 0.982500 0.003120 -0.199998
 0.985000 0.002666 -0.162925
 0.987500 0.002299 -0.130965
 0.990000 0.002005 -0.104501
 0.992500 0.001769 -0.084216
 0.995000 0.001577 -0.068995
 0.997500 0.001418 -0.058706
 1.000000 0.001279 -0.051955
 1.002500 0.001153 -0.048099
 1.005000 0.001035 -0.046208
 1.007500 0.000920 -0.045377
 1.010000 0.000807 -0.044772
 1.012500 0.000696 -0.043615
 1.015000 0.000589 -0.041304
 1.017500 0.000490 -0.037677
 1.020000 0.000401 -0.032959
 1.022500 0.000325 -0.027775
 1.025000 0.000262 -0.022729
 1.027500 0.000211 -0.018290
 1.030000 0.000169 -0.014890
 1.032500 0.000135 -0.012308
 1.035000 0.000107 -0.010498
 1.037500 0.000082 -0.009061
 1.040000 0.000061 -0.007670
 1.042500 0.000044 -0.006267
 1.045000 0.000030 -0.004848
 1.047500 0.000019 -0.003544
 1.050000 0.000012 -0.002447
 1.052500 0.000007 -0.001536
 1.055000 0.000004 -0.000931
 1.057500 0.000002 -0.000525
 1.060000 0.000001 -0.000276
 1.062500 0.000000 -0.000136
 1.065000 0.000000 -0.000062
 1.067500 0.000000 0.000000
 1.070000 0.000000 0.000000
 1.072500 0.000000 0.000000
 1.075000 0.000000 0.000000
 1.077500 0.000000 0.000000
 1.080000 0.000000 0.000000
 1.082500 0.000000 0.000000
 1.085000 0.000000 0.000000
 1.087500 0.000000 0.000000
 1.090000 0.000000 0.000000
 1.092500 0.000000 0.000000
 1.095000 0.000000 0.000000
 1.097500 0.000000 0.000000
 1.100000 0.000000 0.000000
 1.102500 0.000000 0.000000
 1.105000 0.000000 0.000000
 1.107500 0.000000 0.000000
 1.110000 0.000000 0.000000
 1.112500 0.000000 0.000000
 1.115000 0.000000 0.000000
 1.117500 0.000000 0.000000
 1.120000 0.000000 0.000000
 1.122500 0.000000 0.000000
 1.125000 0.000000 0.000000
 1.127500 0.000000 0.000000
 1.130000 0.000000 0.000000
 1.132500 0.000000 0.000000
 1.135000 0.000000 0.000000
 1.137500 0.000000 0.000000
 1.140000 0.000000 0.000000
 1.142500 0.000000 0.000000
 1.145000 0.000000 0.000000
 1.147500 0.000000 0.000000
 1.150000 0.000000 0.000000
 1.152500 0.000000 0.000000
 1.155000 0.000000 0.000000
 1.157500 0.000000 0.000000
 1.160000 0.000000 0.000000
 1.162500 0.000000 0.000000
 1.165000 0.000000 0.000000
 1.167500 0.000000 0.000000
 1.170000 0.000000 0.000000
 1.172500 0.000000 0.000000
 1.175000 0.000000 0.000000
 1.177500 0.000000 0.000000
 1.180000 0.000000 0.000000
 1.182500 0.000000 0.000000
 1.185000 0.000000 0.000000
 1.187500 0.000000 0.000000
 1.190000 0.000000 0.000000
 1.192500 0.000000 0.000000
 1.195000 0.000000 0.000000
 1.197500 0.000000 0.000000
 1.200000 0.000000 0.000000
 1.202500 0.000000 0.000000
 1.205000 0.000000 0.000000
 1.207500 0.000000 0.000000
 1.210000 0.000000 0.000000
 1.212500 0.000000 0.000000
 1.215000 0.000000 0.000000
 1.217500 0.000000 0.000000
 1.220000 0.000000 0.000000
 1.222500 0.000000 0.000000
 1.225000 0.000000 0.000000
 1.227500 0.000000 0.000000
 1.230000 0.000000 0.000000
 1.232500 0.000000 0.000000
 1.235000 0.000000 0.000000
 1.237500 0.000000 0.000000
 1.240000 0.000000 0.000000
 1.242500 0.000000 0.000000
 1.245000 0.000000 0.000000
 1.247500 0.000000 0.000000
 1.250000 0.000000 0.000000
 1.252500 0.000000 0.000000
 1.255000 0.000000 0.000000
 1.257500 0.000000 0.000000
 1.260000 0.000000 0.000000
 1.262500 0.000000 0.000000
 1.265000 0.000000 0.000000
 1.267500 0.000000 0.000000
 1.270000 0.000000 0.000000
 1.272500 0.000000 0.000000
 1.275000 0.000000 0.000000
 1.277500 0.000000 0.000000
 1.280000 0.000000 0.000000
 1.282500 0.000000 0.000000
 1.285000 0.000000 0.000000
 1.287500 0.000000 0.000000
 1.290000 0.000000 0.000000
 1.292500 0.000000 0.000000
 1.295000 0.000000 0.000000
 1.297500 0.000000 0.000000
 1.300000 0.000000 0.000000
 1.302500 0.000000 0.000000
 1.305000 0.000000 0.000000
 1.307500 0.000000 0.000000
 1.310000 0.000000 0.000000
 1.312500 0.000000 0.000000
 1.315000 0.000000 0.000000
 1.317500 0.000000 0.000000
 1.320000 0.000000 0.000000
 1.322500 0.000000 0.000000
 1.325000 0.000000 0.000000
 1.327500 0.000000 0.000000
 1.330000 0.000000 0.000000
 1.332500 0.000000 0.000000
 1.335000 0.000000 0.000000
 1.337500 0.000000 0.000000
 1.340000 0.000000 0.000000
 1.342500 0.000000 0.000000
 1.345000 0.000000 0.000000
 1.347500 0.000000 0.000000
 1.350000 0.000000 0.000000
 1.352500 0.000000 0.000000
 1.355000 0.000000 0.000000
 1.357500 0.000000 0.000000
 1.360000 0.000000 0.000000
 1.362500 0.000000 0.000000
 1.365000 0.000000 0.000000
 1.367500 0.000000 0.000000
 1.370000 0.000000 0.000000
 1.372500 0.000000 0.000000
 1.375000 0.000000 0.000000
 1.377500 0.000000 0.000000
 1.380000 0.000000 0.000000
 1.382500 0.000000 0.000000
 1.385000 0.000000 0.000000
 1.387500 0.000000 0.000000
 1.390000 0.000000 0.000000
 1.392500 0.000000 0.000000
 1.395000 0.000000 0.000000
 1.397500 0.000000 0.000000
 1.400000 0.000000 0.000000
 1.402500 0.000000 0.000000
 1.405000 0.000000 0.000000
 1.407500 0.000000 0.000000
 1.410000 0.000000 0.000000
 1.412500 0.000000 0.000000
 1.415000 0.000000 0.000000
 1.417500 0.000000 0.000000
 1.420000 0.000000 0.000000
 1.422500 0.000000 0.000000
 1.425000 0.000000 0.000000
 1.427500 0.000000 0.000000
 1.430000 0.000000 0.000000
 1.432500 0.000000 0.000000
 1.435000 0.000000 0.000000
 1.437500 0.000000 0.000000
 1.440000 0.000000 0.000000
 1.442500 0.000000 0.000000
 1.445000 0.000000 0.000000
 1.447500 0.000000 0.000000
 1.450000 0.000000 0.000000
 1.452500 0.000000 0.000000
 1.455000 0.000000 0.000000
 1.457500 0.000000 0.000000
 1.460000 0.000000 0.000000
 1.462500 0.000000 0.000000
 1.465000 0.000000 0.000000
 1.467500 0.000000 0.000000
 1.470000 0.000000 0.000000
 1.472500 0.000000 0.000000
 1.475000 0.000000 0.000000
 1.477500 0.000000 0.000000
 1.480000 0.000000 0.000000
 1.482500 0.000000 0.000000
 1.485000 0.000000 0.000000
 1.487500 0.000000 0.000000
 1.490000 0.000000 0.000000
 1.492500 0.000000 0.000000
 1.495000 0.000000 0.000000
 1.497500 0.000000 0.000000
 1.500000 0.000000 0.000000
 1.502500 0.000000 0.000000
 1.505000 0.000000 0.000000
 1.507500 0.000000 0.000000
 1.510000 0.000000 0.000000
 1.512500 0.000000 0.000000
 1.515000 0.000000 0.000000
 1.517500 0.000000 0.000000
 1.520000 0.000000 0.000000
 1.522500 0.000000 0.000000
 1.525000 0.000000 0.000000
 1.527500 0.000000 0.000000
 1.530000 0.000000 0.000000
 1.532500 0.000000 0.000000
 1.535000 0.000000 0.000000
 1.537500 0.000000 0.000000
 1.540000 0.000000 0.000000
 1.542500 0.000000 0.000000
 1.545000 0.000000 0.000000
 1.547500 0.000000 0.000000
 1.550000 0.000000 0.000000
 1.552500 0.000000 0.000000
 1.555000 0.000000 0.000000
 1.557500 0.000000 0.000000
 1.560000 0.000000 0.000000
 1.562500 0.000000 0.000000
 1.565000 0.000000 0.000000
 1.567500 0.000000 0.000000
 1.570000 0.000000 0.000000
 1.572500 0.000000 0.000000
 1.575000 0.000000 0.000000
 1.577500 0.000000 0.000000
 1.580000 0.000000 0.000000
 1.582500 0.000000 0.000000
 1.585000 0.000000 0.000000
 1.587500 0.000000 0.000000
 1.590000 0.000000 0.000000
 1.592500 0.000000 0.000000
 1.595000 0.000000 0.000000
 1.597500 0.000000 0.000000
 1.600000 0.000000 0.000000
 1.602500 0.000000 0.000000
 1.605000 0.000000 0.000000
 1.607500 0.000000 0.000000
 1.610000 0.000000 0.000000
 1.612500 0.000000 0.000000
 1.615000 0.000000 0.000000
 1.617500 0.000000 0.000000
 1.620000 0.000000 0.000000
 1.622500 0.000000 0.000000
 1.625000 0.000000 0.000000
 1.627500 0.000000 0.000000
 1.630000 0.000000 0.000000
 1.632500 0.000000 0.000000
 1.635000 0.000000 0.000000
 1.637500 0.000000 0.000000
 1.640000 0.000000 0.000000
 1.642500 0.000000 0.000000
 1.645000 0.000000 0.000000
 1.647500 0.000000 0.000000
 1.650000 0.000000 0.000000
 1.652500 0.000000 0.000000
 1.655000 0.000000 0.000000
 1.657500 0.000000 0.000000
 1.660000 0.000000 0.000000
 1.662500 0.000000 0.000000
 1.665000 0.000000 0.000000
 1.667500 0.000000 0.000000
 1.670000 0.000000 0.000000
 1.672500 0.000000 0.000000
 1.675000 0.000000 0.000000
 1.677500 0.000000 0.000000
 1.680000 0.000000 0.000000
 1.682500 0.000000 0.000000
 1.685000 0.000000 0.000000
 1.687500 0.000000 0.000000
 1.690000 0.000000 0.000000
 1.692500 0.000000 0.000000
 1.695000 0.000000 0.000000
 1.697500 0.000000 0.000000
 1.700000 0.000000 0.000000
 1.702500 0.000000 0.000000
 1.705000 0.000000 0.000000
 1.707500 0.000000 0.000000
 1.710000 0.000000 0.000000
 1.712500 0.000000 0.000000
 1.715000 0.000000 0.000000
 1.717500 0.000000 0.000000
 1.720000 0.000000 0.000000
 1.722500 0.000000 0.000000
 1.725000 0.000000 0.000000
 1.727500 0.000000 0.000000
 1.730000 0.000000 0.000000
 1.732500 0.000000 0.000000
 1.735000 0.000000 0.000000
 1.737500 0.000000 0.000000
 1.740000 0.000000 0.000000
 1.742500 0.000000 0.000000
 1.745000 0.000000 0.000000
 1.747500 0.000000 0.000000
 1.750000 0.000000 0.000000
 1.752500 0.000000 0.000000
 1.755000 0.000000 0.000000
 1.757500 0.000000 0.000000
 1.760000 0.000000 0.000000
 1.762500 0.000000 0.000000
 1.765000 0.000000 0.000000
 1.767500 0.000000 0.000000
 1.770000 0.000000 0.000000
 1.772500 0.000000 0.000000
 1.775000 0.000000 0.000000
 1.777500 0.000000 0.000000
 1.780000 0.000000 0.000000
 1.782500 0.000000 0.000000
 1.785000 0.000000 0.000000
 1.787500 0.000000 0.000000
 1.790000 0.000000 0.000000
 1.792500 0.000000 0.000000
 1.795000 0.000000 0.000000
 1.797500 0.000000 0.000000
 1.800000 0.000000 0.000000
 1.802500 0.000000 0.000000
 1.805000 0.000000 0.000000
 1.807500 0.000000 0.000000
 1.810000 0.000000 0.000000
 1.812500 0.000000 0.000000
 1.815000 0.000000 0.000000
 1.817500 0.000000 0.000000
 1.820000 0.000000 0.000000
 1.822500 0.000000 0.000000
 1.825000 0.000000 0.000000
 1.827500 0.000000 0.000000
 1.830000 0.000000 0.000000
 1.832500 0.000000 0.000000
 1.835000 0.000000 0.000000
 1.837500 0.000000 0.000000
 1.840000 0.000000 0.000000
 1.842500 0.000000 0.000000
 1.845000 0.000000 0.000000
 1.847500 0.000000 0.000000
 1.850000 0.000000 0.000000
 1.852500 0.000000 0.000000
 1.855000 0.000000 0.000000
 1.857500 0.000000 0.000000
 1.860000 0.000000 0.000000
 1.862500 0.000000 0.000000
 1.865000 0.000000 0.000000
 1.867500 0.000000 0.000000
 1.870000 0.000000 0.000000
 1.872500 0.000000 0.000000
 1.875000 0.000000 0.000000
 1.877500 0.000000 0.000000
 1.880000 0.000000 0.000000
 1.882500 0.000000 0.000000
 1.885000 0.000000 0.000000
 1.887500 0.000000 0.000000
 1.890000 0.000000 0.000000
 1.892500 0.000000 0.000000
 1.895000 0.000000 0.000000
 1.897500 0.000000 0.000000
 1.900000 0.000000 0.000000
 1.902500 0.000000 0.000000
 1.905000 0.000000 0.000000
 1.907500 0.000000 0.000000
 1.910000 0.000000 0.000000
 1.912500 0.000000 0.000000
 1.915000 0.000000 0.000000
 1.917500 0.000000 0.000000
 1.920000 0.000000 0.000000
 1.922500 0.000000 0.000000
 1.925000 0.000000 0.000000
 1.927500 0.000000 0.000000
 1.930000 0.000000 0.000000
 1.932500 0.000000 0.000000
 1.935000 0.000000 0.000000
 1.937500 0.000000 0.000000
 1.940000 0.000000 0.000000
 1.942500 0.000000 0.000000
 1.945000 0.000000 0.000000
 1.947500 0.000000 0.000000
 1.950000 0.000000 0.000000
 1.952500 0.000000 0.000000
 1.955000 0.000000 0.000000
 1.957500 0.000000 0.000000
 1.960000 0.000000 0.000000
 1.962500 0.000000 0.000000
 1.965000 0.000000 0.000000
 1.967500 0.000000 0.000000
 1.970000 0.000000 0.000000
 1.972500 0.000000 0.000000
 1.975000 0.000000 0.000000
 1.977500 0.000000 0.000000
 1.980000 0.000000 0.000000
 1.982500 0.000000 0.000000
 1.985000 0.000000 0.000000
 1.987500 0.000000 0.000000
 1.990000 0.000000 0.000000
 1.992500 0.000000 0.000000
 1.995000 0.000000 0.000000
 1.997500 0.000000 0.000000
 2.000000 0.000000 0.000000
