#! FIELDS es hh dhh_es
#! SET normalisation  2000.000000
#! SET min_es -0.5
#! SET max_es 2
#! SET nbins_es  1000
#! SET periodic_es false
 -0.500000 0.000000 0.000000
 -0.497500 0.000000 0.000000
 -0.495000 0.000000 0.000000
 -0.492500 0.000000 0.000000
 -0.490000 0.000000 0.000000
 -0.487500 0.000000 0.000000
 -0.485000 0.000000 0.000000
 -0.482500 0.000000 0.000000
 -0.480000 0.000000 0.000000
 -0.477500 0.000000 0.000000
 -0.475000 0.000000 0.000000
 -0.472500 0.000000 0.000000
 -0.470000 0.000000 0.000000
 -0.467500 0.000000 0.000000
 -0.465000 0.000000 0.000000
 -0.462500 0.000000 0.000000
 -0.460000 0.000000 0.000000
 -0.457500 0.000000 0.000000
 -0.455000 0.000000 0.000000
 -0.452500 0.000000 0.000000
 -0.450000 0.000000 0.000000
 -0.447500 0.000000 0.000000
 -0.445000 0.000000 0.000000
 -0.442500 0.000000 0.000000
 -0.440000 0.000000 0.000000
 -0.437500 0.000000 0.000000
 -0.435000 0.000000 0.000000
 -0.432500 0.000000 0.000000
 -0.430000 0.000000 0.000000
 -0.427500 0.000000 0.000000
 -0.425000 0.000000 0.000000
 -0.422500 0.000000 0.000000
 -0.420000 0.000000 0.000000
 -0.417500 0.000000 0.000000
 -0.415000 0.000000 0.000000
 -0.412500 0.000000 0.000000
 -0.410000 0.000000 0.000000
 -0.407500 0.000000 0.000000
 -0.405000 0.000000 0.000000
 -0.402500 0.000000 0.000000
 -0.400000 0.000000 0.000000
 -0.397500 0.000000 0.000000
 -0.395000 0.000000 0.000000
 -0.392500 0.000000 0.000000
 -0.390000 0.000000 0.000000
 -0.387500 0.000000 0.000000
 -0.385000 0.000000 0.000000
 -0.382500 0.000000 0.000000
 -0.380000 0.000000 0.000000
 -0.377500 0.000000 0.000000
 -0.375000 0.000000 0.000000
 -0.372500 0.000000 0.000000
 -0.370000 0.000000 0.000000
 -0.367500 0.000000 0.000000
 -0.365000 0.000000 0.000000
 -0.362500 0.000000 0.000000
 -0.360000 0.000000 0.000000
 -0.357500 0.000000 0.000000
 -0.355000 0.000000 0.000000
 -0.352500 0.000000 0.000000
 -0.350000 0.000000 0.000000
 -0.347500 0.000000 0.000000
 -0.345000 0.000000 0.000000
 -0.342500 0.000000 0.000000
 -0.340000 0.000000 0.000000
 -0.337500 0.000000 0.000000
 -0.335000 0.000000 0.000000
 -0.332500 0.000000 0.000000
 -0.330000 0.000000 0.000000
 -0.327500 0.000000 0.000000
 -0.325000 0.000000 0.000000
 -0.322500 0.000000 0.000000
 -0.320000 0.000000 0.000000
 -0.317500 0.000000 0.000000
 -0.315000 0.000000 0.000000
 -0.312500 0.000000 0.000000
 -0.310000 0.000000 0.000000
 -0.307500 0.000000 0.000000
 -0.305000 0.000000 0.000000
 -0.302500 0.000000 0.000000
 -0.300000 0.000000 0.000000
 -0.297500 0.000000 0.000000
 -0.295000 0.000000 0.000000
 -0.292500 0.000000 0.000000
 -0.290000 0.000000 0.000000
 -0.287500 0.000000 0.000000
 -0.285000 0.000000 0.000000
 -0.282500 0.000000 0.000000
 -0.280000 0.000000 0.000000
 -0.277500 0.000000 0.000000
 -0.275000 0.000000 0.000000
 -0.272500 0.000000 0.000000
 -0.270000 0.000000 0.000000
 -0.267500 0.000000 0.000000
 -0.265000 0.000000 0.000000
 -0.262500 0.000000 0.000000
 -0.260000 0.000000 0.000000
 -0.257500 0.000000 0.000000
 -0.255000 0.000000 0.000000
 -0.252500 0.000000 0.000000
 -0.250000 0.000000 0.000000
 -0.247500 0.000000 0.000000
 -0.245000 0.000000 0.000000
 -0.242500 0.000000 0.000000
 -0.240000 0.000000 0.000000
 -0.237500 0.000000 0.000000
 -0.235000 0.000000 0.000000
 -0.232500 0.000000 0.000000
 -0.230000 0.000000 0.000000
 -0.227500 0.000000 0.000000
 -0.225000 0.000000 0.000000
 -0.222500 0.000000 0.000000
 -0.220000 0.000000 0.000000
 -0.217500 0.000000 0.000000
 -0.215000 0.000000 0.000000
 -0.212500 0.000000 0.000000
 -0.210000 0.000000 0.000000
 -0.207500 0.000000 0.000000
 -0.205000 0.000000 0.000000
 -0.202500 0.000000 0.000000
 -0.200000 0.000000 0.000000
 -0.197500 0.000000 0.000000
 -0.195000 0.000000 0.000000
 -0.192500 0.000000 0.000000
 -0.190000 0.000000 0.000000
 -0.187500 0.000000 0.000000
 -0.185000 0.000000 0.000000
 -0.182500 0.000000 0.000000
 -0.180000 0.000000 0.000000
 -0.177500 0.000000 0.000000
 -0.175000 0.000000 0.000000
 -0.172500 0.000000 0.000000
 -0.170000 0.000000 0.000000
 -0.167500 0.000000 0.000000
 -0.165000 0.000000 0.000000
 -0.162500 0.000000 0.000000
 -0.160000 0.000000 0.000000
 -0.157500 0.000000 0.000000
 -0.155000 0.000000 0.000000
 -0.152500 0.000000 0.000000
 -0.150000 0.000000 0.000000
 -0.147500 0.000000 0.000000
 -0.145000 0.000000 0.000000
 -0.142500 0.000000 0.000000
 -0.140000 0.000000 0.000000
 -0.137500 0.000000 0.000000
 -0.135000 0.000000 0.000000
 -0.132500 0.000000 0.000000
 -0.130000 0.000000 0.000000
 -0.127500 0.000000 0.000000
 -0.125000 0.000000 0.000000
 -0.122500 0.000000 0.000000
 -0.120000 0.000000 0.000000
 -0.117500 0.000000 0.000000
 -0.115000 0.000000 0.000000
 -0.112500 0.000000 0.000000
 -0.110000 0.000000 0.000000
 -0.107500 0.000000 0.000000
 -0.105000 0.000000 0.000000
 -0.102500 0.000000 0.000000
 -0.100000 0.000000 0.000000
 -0.097500 0.000000 0.000000
 -0.095000 0.000000 0.000000
 -0.092500 0.000000 0.000000
 -0.090000 0.000000 0.000000
 -0.087500 0.000000 0.000000
 -0.085000 0.000000 0.000000
 -0.082500 0.000000 0.000000
 -0.080000 0.000000 0.000000
 -0.077500 0.000000 0.000000
 -0.075000 0.000000 0.000000
 -0.072500 0.000000 0.000000
 -0.070000 0.000000 0.000000
 -0.067500 0.000000 0.000000
 -0.065000 0.000000 0.000000
 -0.062500 0.000000 0.000000
 -0.060000 0.000000 0.000000
 -0.057500 0.000000 0.000000
 -0.055000 0.000000 0.000000
 -0.052500 0.000000 0.000000
 -0.050000 0.000000 0.000000
 -0.047500 0.000000 0.000000
 -0.045000 0.000000 0.000000
 -0.042500 0.000000 0.000000
 -0.040000 0.000000 0.000000
 -0.037500 0.000000 0.000000
 -0.035000 0.000000 0.000000
 -0.032500 0.000000 0.000000
 -0.030000 0.000000 0.000000
 -0.027500 0.000000 0.000000
 -0.025000 0.000000 0.000015
 -0.022500 0.000000 0.000116
 -0.020000 0.000001 0.000423
 -0.017500 0.000003 0.001076
 -0.015000 0.000009 0.002994
 -0.012500 0.000023 0.007320
 -0.010000 0.000053 0.016261
 -0.007500 0.000117 0.033932
 -0.005000 0.000244 0.067006
 -0.002500 0.000485 0.126183
 0.000000 0.000925 0.226878
 0.002500 0.001692 0.390535
 0.005000 0.002979 0.645639
 0.007500 0.005057 1.027188
 0.010000 0.008291 1.575422
 0.012500 0.013153 2.333350
 0.015000 0.020219 3.342435
 0.017500 0.030162 4.637930
 0.020000 0.043734 6.244738
 0.022500 0.061728 8.172029
 0.025000 0.084939 10.411650
 0.027500 0.114119 12.937025
 0.030000 0.149927 15.703682
 0.032500 0.192897 18.654478
 0.035000 0.243417 21.726026
 0.037500 0.301696 24.848839
 0.040000 0.367778 27.955507
 0.042500 0.441546 30.984387
 0.045000 0.522731 33.877793
 0.047500 0.610933 36.585468
 0.050000 0.705622 39.057690
 0.052500 0.806153 41.247690
 0.055000 0.911758 43.107260
 0.057500 1.021556 44.593869
 0.060000 1.134572 45.675847
 0.062500 1.249770 46.340127
 0.065000 1.366121 46.600455
 0.067500 1.482657 46.494866
 0.070000 1.598532 46.083357
 0.072500 1.713067 45.433877
 0.075000 1.825741 44.610875
 0.077500 1.936204 43.670842
 0.080000 2.044197 42.647693
 0.082500 2.149549 41.565834
 0.085000 2.252132 40.438248
 0.087500 2.351833 39.269200
 0.090000 2.448567 38.069253
 0.092500 2.542255 36.842131
 0.095000 2.632834 35.585127
 0.097500 2.720221 34.287244
 0.100000 2.804252 32.910091
 0.102500 2.884695 31.413708
 0.105000 2.961188 29.762682
 0.107500 3.033339 27.943356
 0.110000 3.100764 25.993331
 0.112500 3.163213 23.991296
 0.115000 3.220680 22.031008
 0.117500 3.273387 20.208906
 0.120000 3.321771 18.586053
 0.122500 3.366378 17.181542
 0.125000 3.407699 15.969825
 0.127500 3.446172 14.895483
 0.130000 3.482075 13.916290
 0.132500 3.515602 12.995376
 0.135000 3.546876 12.122231
 0.137500 3.576019 11.298441
 0.140000 3.603154 10.511634
 0.142500 3.628358 9.758666
 0.145000 3.651693 9.018893
 0.147500 3.673161 8.274801
 0.150000 3.692765 7.532485
 0.152500 3.710526 6.801787
 0.155000 3.726498 6.116410
 0.157500 3.740825 5.483429
 0.160000 3.753643 4.917644
 0.162500 3.765115 4.414246
 0.165000 3.775402 3.961922
 0.167500 3.784623 3.570883
 0.170000 3.792945 3.245731
 0.172500 3.800537 2.990017
 0.175000 3.807561 2.798809
 0.177500 3.814146 2.613683
 0.180000 3.820195 2.366380
 0.182500 3.825448 1.957847
 0.185000 3.829398 1.316041
 0.187500 3.831403 0.417218
 0.190000 3.830872 -0.701145
 0.192500 3.827369 -1.938305
 0.195000 3.820772 -3.161572
 0.197500 3.811264 -4.249253
 0.200000 3.799276 -5.120568
 0.202500 3.785403 -5.774530
 0.205000 3.770121 -6.255475
 0.207500 3.753760 -6.645266
 0.210000 3.736443 -7.032550
 0.212500 3.718108 -7.466321
 0.215000 3.698614 -7.952202
 0.217500 3.677876 -8.458860
 0.220000 3.655918 -8.907265
 0.222500 3.632974 -9.236872
 0.225000 3.609399 -9.415625
 0.227500 3.585541 -9.459265
 0.230000 3.561659 -9.452788
 0.232500 3.537735 -9.505714
 0.235000 3.513486 -9.736051
 0.237500 3.488368 -10.217109
 0.240000 3.461708 -10.961277
 0.242500 3.432898 -11.926071
 0.245000 3.401482 -13.021673
 0.247500 3.367275 -14.147983
 0.250000 3.330317 -15.214100
 0.252500 3.290833 -16.154120
 0.255000 3.249184 -16.939383
 0.257500 3.205771 -17.566301
 0.260000 3.160973 -18.049750
 0.262500 3.115122 -18.419765
 0.265000 3.068453 -18.719706
 0.267500 3.021076 -18.993619
 0.270000 2.972987 -19.296943
 0.272500 2.924056 -19.667433
 0.275000 2.874093 -20.129024
 0.277500 2.822872 -20.668243
 0.280000 2.770247 -21.230796
 0.282500 2.716261 -21.747776
 0.285000 2.661140 -22.128286
 0.287500 2.605335 -22.291552
 0.290000 2.549444 -22.185964
 0.292500 2.494149 -21.824759
 0.295000 2.440027 -21.267335
 0.297500 2.387437 -20.617257
 0.300000 2.336467 -19.993157
 0.302500 2.286924 -19.491095
 0.305000 2.238432 -19.162084
 0.307500 2.190545 -19.000944
 0.310000 2.142891 -18.968283
 0.312500 2.095231 -18.997847
 0.315000 2.047483 -19.031042
 0.317500 1.999697 -19.028984
 0.320000 1.951991 -18.962184
 0.322500 1.904552 -18.822860
 0.325000 1.857565 -18.596884
 0.327500 1.811256 -18.287886
 0.330000 1.765826 -17.894009
 0.332500 1.721486 -17.427792
 0.335000 1.678390 -16.904238
 0.337500 1.636662 -16.341508
 0.340000 1.596367 -15.758300
 0.342500 1.557539 -15.175669
 0.345000 1.520150 -14.608858
 0.347500 1.484136 -14.086889
 0.350000 1.449346 -13.635890
 0.352500 1.415567 -13.281476
 0.355000 1.382539 -13.045552
 0.357500 1.349963 -12.918132
 0.360000 1.317590 -12.875295
 0.362500 1.285266 -12.875873
 0.365000 1.252945 -12.870049
 0.367500 1.220694 -12.817980
 0.370000 1.188658 -12.702101
 0.372500 1.156995 -12.521019
 0.375000 1.125847 -12.293974
 0.377500 1.095307 -12.041120
 0.380000 1.065421 -11.774894
 0.382500 1.036227 -11.484167
 0.385000 1.007809 -11.152691
 0.387500 0.980304 -10.759224
 0.390000 0.953874 -10.289109
 0.392500 0.928695 -9.760699
 0.395000 0.904876 -9.218396
 0.397500 0.882370 -8.722238
 0.400000 0.860983 -8.332987
 0.402500 0.840389 -8.092240
 0.405000 0.820201 -8.011019
 0.407500 0.800048 -8.056585
 0.410000 0.779687 -8.167436
 0.412500 0.759048 -8.273049
 0.415000 0.738226 -8.301379
 0.417500 0.717473 -8.217838
 0.420000 0.697086 -8.012188
 0.422500 0.677335 -7.713123
 0.425000 0.658401 -7.368565
 0.427500 0.640338 -7.035426
 0.430000 0.623048 -6.751137
 0.432500 0.606379 -6.543563
 0.435000 0.590138 -6.407585
 0.437500 0.574168 -6.325458
 0.440000 0.558368 -6.266396
 0.442500 0.542714 -6.204176
 0.445000 0.527235 -6.124405
 0.447500 0.511985 -6.024151
 0.450000 0.497008 -5.909409
 0.452500 0.482325 -5.790162
 0.455000 0.467940 -5.674218
 0.457500 0.453840 -5.567418
 0.460000 0.440000 -5.463804
 0.462500 0.426419 -5.362516
 0.465000 0.413095 -5.255436
 0.467500 0.400053 -5.138626
 0.470000 0.387324 -5.006157
 0.472500 0.374947 -4.856087
 0.475000 0.362963 -4.694866
 0.477500 0.351389 -4.529877
 0.480000 0.340221 -4.372732
 0.482500 0.329423 -4.237704
 0.485000 0.318931 -4.128996
 0.487500 0.308683 -4.043780
 0.490000 0.298631 -3.968685
 0.492500 0.288775 -3.882762
 0.495000 0.279167 -3.769731
 0.497500 0.269889 -3.616821
 0.500000 0.261045 -3.430203
 0.502500 0.252696 -3.223604
 0.505000 0.244857 -3.025536
 0.507500 0.237474 -2.863341
 0.510000 0.230432 -2.757759
 0.512500 0.223582 -2.709200
 0.515000 0.216791 -2.707147
 0.517500 0.209974 -2.727853
 0.520000 0.203107 -2.743355
 0.522500 0.196232 -2.731645
 0.525000 0.189434 -2.679570
 0.527500 0.182817 -2.587816
 0.530000 0.176472 -2.467054
 0.532500 0.170448 -2.334628
 0.535000 0.164751 -2.210120
 0.537500 0.159339 -2.107944
 0.540000 0.154145 -2.035922
 0.542500 0.149098 -1.991113
 0.545000 0.144145 -1.960038
 0.547500 0.139266 -1.927037
 0.550000 0.134484 -1.878855
 0.552500 0.129852 -1.810036
 0.555000 0.125419 -1.720105
 0.557500 0.121230 -1.615467
 0.560000 0.117311 -1.509496
 0.562500 0.113649 -1.410036
 0.565000 0.110218 -1.325040
 0.567500 0.106979 -1.259723
 0.570000 0.103879 -1.213039
 0.572500 0.100874 -1.183996
 0.575000 0.097925 -1.168791
 0.577500 0.095000 -1.163170
 0.580000 0.092080 -1.163874
 0.582500 0.089155 -1.166383
 0.585000 0.086226 -1.166561
 0.587500 0.083306 -1.161378
 0.590000 0.080408 -1.146538
 0.592500 0.077564 -1.121227
 0.595000 0.074796 -1.082884
 0.597500 0.072141 -1.032294
 0.600000 0.069625 -0.971987
 0.602500 0.067270 -0.904500
 0.605000 0.065089 -0.834338
 0.607500 0.063080 -0.765860
 0.610000 0.061237 -0.704177
 0.612500 0.059536 -0.651592
 0.615000 0.057953 -0.611630
 0.617500 0.056451 -0.587505
 0.620000 0.054986 -0.582014
 0.622500 0.053508 -0.597884
 0.625000 0.051965 -0.635381
 0.627500 0.050305 -0.689087
 0.630000 0.048502 -0.749303
 0.632500 0.046553 -0.803296
 0.635000 0.044491 -0.836321
 0.637500 0.042383 -0.839973
 0.640000 0.040309 -0.810092
 0.642500 0.038348 -0.750372
 0.645000 0.036564 -0.670842
 0.647500 0.034989 -0.585996
 0.650000 0.033618 -0.509925
 0.652500 0.032411 -0.455736
 0.655000 0.031303 -0.431251
 0.657500 0.030220 -0.437017
 0.660000 0.029091 -0.466832
 0.662500 0.027868 -0.509277
 0.665000 0.026536 -0.550847
 0.667500 0.025114 -0.580143
 0.670000 0.023643 -0.589664
 0.672500 0.022177 -0.577701
 0.675000 0.020765 -0.546534
 0.677500 0.019448 -0.502896
 0.680000 0.018251 -0.451767
 0.682500 0.017186 -0.397284
 0.685000 0.016260 -0.342154
 0.687500 0.015473 -0.285100
 0.690000 0.014831 -0.226405
 0.692500 0.014337 -0.166679
 0.695000 0.013991 -0.108957
 0.697500 0.013781 -0.058978
 0.700000 0.013679 -0.023467
 0.702500 0.013640 -0.008938
 0.705000 0.013608 -0.019104
 0.707500 0.013520 -0.052952
 0.710000 0.013325 -0.104841
 0.712500 0.012987 -0.164206
 0.715000 0.012503 -0.220951
 0.717500 0.011891 -0.264914
 0.720000 0.011191 -0.290138
 0.722500 0.010454 -0.295497
 0.725000 0.009726 -0.283218
 0.727500 0.009046 -0.258314
 0.730000 0.008438 -0.225950
 0.732500 0.007916 -0.191366
 0.735000 0.007479 -0.157828
 0.737500 0.007122 -0.128421
 0.740000 0.006830 -0.104990
 0.742500 0.006589 -0.088649
 0.745000 0.006378 -0.079998
 0.747500 0.006180 -0.078340
 0.750000 0.005979 -0.082136
 0.752500 0.005763 -0.089739
 0.755000 0.005527 -0.098440
 0.757500 0.005271 -0.106262
 0.760000 0.004997 -0.111502
 0.762500 0.004714 -0.113823
 0.765000 0.004430 -0.112542
 0.767500 0.004153 -0.107985
 0.770000 0.003891 -0.100059
 0.772500 0.003653 -0.088917
 0.775000 0.003448 -0.074715
 0.777500 0.003281 -0.057926
 0.780000 0.003159 -0.039419
 0.782500 0.003083 -0.020628
 0.785000 0.003053 -0.003845
 0.787500 0.003060 0.008777
 0.790000 0.003090 0.015001
 0.792500 0.003127 0.013291
 0.795000 0.003150 0.003646
 0.797500 0.003139 -0.012820
 0.800000 0.003081 -0.033497
 0.802500 0.002970 -0.054604
 0.805000 0.002811 -0.072170
 0.807500 0.002614 -0.083360
 0.810000 0.002399 -0.086909
 0.812500 0.002185 -0.083748
 0.815000 0.001984 -0.075810
 0.817500 0.001807 -0.065752
 0.820000 0.001655 -0.055681
 0.822500 0.001527 -0.047241
 0.825000 0.001417 -0.040798
 0.827500 0.001320 -0.036359
 0.830000 0.001233 -0.033709
 0.832500 0.001150 -0.032488
 0.835000 0.001069 -0.032389
 0.837500 0.000987 -0.032982
 0.840000 0.000903 -0.033592
 0.842500 0.000819 -0.033611
 0.845000 0.000736 -0.032245
 0.847500 0.000659 -0.029161
 0.850000 0.000591 -0.024282
 0.852500 0.000538 -0.018245
 0.855000 0.000500 -0.012247
 0.857500 0.000476 -0.007415
 0.860000 0.000461 -0.004770
 0.862500 0.000449 -0.004671
 0.865000 0.000435 -0.006763
 0.867500 0.000414 -0.010027
 0.870000 0.000385 -0.013049
 0.872500 0.000350 -0.014573
 0.875000 0.000314 -0.014060
 0.877500 0.000281 -0.011541
 0.880000 0.000257 -0.007750
 0.882500 0.000243 -0.003760
 0.885000 0.000237 -0.000618
 0.887500 0.000238 0.001038
 0.890000 0.000241 0.001003
 0.892500 0.000242 -0.000478
 0.895000 0.000238 -0.002851
 0.897500 0.000227 -0.005526
 0.900000 0.000211 -0.007989
 0.902500 0.000188 -0.009835
 0.905000 0.000162 -0.010976
 0.907500 0.000134 -0.011230
 0.910000 0.000106 -0.010757
 0.912500 0.000080 -0.009640
 0.915000 0.000058 -0.008104
 0.917500 0.000040 -0.006394
 0.920000 0.000026 -0.004734
 0.922500 0.000016 -0.003286
 0.925000 0.000009 -0.002138
 0.927500 0.000005 -0.001286
 0.930000 0.000003 -0.000737
 0.932500 0.000001 -0.000378
 0.935000 0.000001 -0.000191
 0.937500 0.000000 -0.000091
 0.940000 0.000000 -0.000040
 0.942500 0.000000 0.000000
 0.945000 0.000000 0.000000
 0.947500 0.000000 0.000000
 0.950000 0.000000 0.000000
 0.952500 0.000000 0.000000
 0.955000 0.000000 0.000000
 0.957500 0.000000 0.000000
 0.960000 0.000000 0.000000
 0.962500 0.000000 0.000000
 0.965000 0.000000 0.000000
 0.967500 0.000000 0.000000
 0.970000 0.000000 0.000000
 0.972500 0.000000 0.000000
 0.975000 0.000000 0.000000
 0.977500 0.000000 0.000000
 0.980000 0.000000 0.000000
 0.982500 0.000000 0.000000
 0.985000 0.000000 0.000000
 0.987500 0.000000 0.000000
 0.990000 0.000000 0.000000
 0.992500 0.000000 0.000000
 0.995000 0.000000 0.000000
 0.997500 0.000000 0.000000
 1.000000 0.000000 0.000000
 1.002500 0.000000 0.000000
 1.005000 0.000000 0.000000
 1.007500 0.000000 0.000000
 1.010000 0.000000 0.000000
 1.012500 0.000000 0.000000
 1.015000 0.000000 0.000000
 1.017500 0.000000 0.000000
 1.020000 0.000000 0.000000
 1.022500 0.000000 0.000000
 1.025000 0.000000 0.000000
 1.027500 0.000000 0.000000
 1.030000 0.000000 0.000000
 1.032500 0.000000 0.000000
 1.035000 0.000000 0.000000
 1.037500 0.000000 0.000000
 1.040000 0.000000 0.000000
 1.042500 0.000000 0.000000
 1.045000 0.000000 0.000000
 1.047500 0.000000 0.000000
 1.050000 0.000000 0.000000
 1.052500 0.000000 0.000000
 1.055000 0.000000 0.000000
 1.057500 0.000000 0.000000
 1.060000 0.000000 0.000000
 1.062500 0.000000 0.000000
 1.065000 0.000000 0.000000
 1.067500 0.000000 0.000000
 1.070000 0.000000 0.000000
 1.072500 0.000000 0.000000
 1.075000 0.000000 0.000000
 1.077500 0.000000 0.000000
 1.080000 0.000000 0.000000
 1.082500 0.000000 0.000000
 1.085000 0.000000 0.000000
 1.087500 0.000000 0.000000
 1.090000 0.000000 0.000000
 1.092500 0.000000 0.000000
 1.095000 0.000000 0.000000
 1.097500 0.000000 0.000000
 1.100000 0.000000 0.000000
 1.102500 0.000000 0.000000
 1.105000 0.000000 0.000000
 1.107500 0.000000 0.000000
 1.110000 0.000000 0.000000
 1.112500 0.000000 0.000000
 1.115000 0.000000 0.000000
 1.117500 0.000000 0.000000
 1.120000 0.000000 0.000000
 1.122500 0.000000 0.000000
 1.125000 0.000000 0.000000
 1.127500 0.000000 0.000000
 1.130000 0.000000 0.000000
 1.132500 0.000000 0.000000
 1.135000 0.000000 0.000000
 1.137500 0.000000 0.000000
 1.140000 0.000000 0.000000
 1.142500 0.000000 0.000000
 1.145000 0.000000 0.000000
 1.147500 0.000000 0.000000
 1.150000 0.000000 0.000000
 1.152500 0.000000 0.000000
 1.155000 0.000000 0.000000
 1.157500 0.000000 0.000000
 1.160000 0.000000 0.000000
 1.162500 0.000000 0.000000
 1.165000 0.000000 0.000000
 1.167500 0.000000 0.000000
 1.170000 0.000000 0.000000
 1.172500 0.000000 0.000000
 1.175000 0.000000 0.000000
 1.177500 0.000000 0.000000
 1.180000 0.000000 0.000000
 1.182500 0.000000 0.000000
 1.185000 0.000000 0.000000
 1.187500 0.000000 0.000000
 1.190000 0.000000 0.000000
 1.192500 0.000000 0.000000
 1.195000 0.000000 0.000000
 1.197500 0.000000 0.000000
 1.200000 0.000000 0.000000
 1.202500 0.000000 0.000000
 1.205000 0.000000 0.000000
 1.207500 0.000000 0.000000
 1.210000 0.000000 0.000000
 1.212500 0.000000 0.000000
 1.215000 0.000000 0.000000
 1.217500 0.000000 0.000000
 1.220000 0.000000 0.000000
 1.222500 0.000000 0.000000
 1.225000 0.000000 0.000000
 1.227500 0.000000 0.000000
 1.230000 0.000000 0.000000
 1.232500 0.000000 0.000000
 1.235000 0.000000 0.000000
 1.237500 0.000000 0.000000
 1.240000 0.000000 0.000000
 1.242500 0.000000 0.000000
 1.245000 0.000000 0.000000
 1.247500 0.000000 0.000000
 1.250000 0.000000 0.000000
 1.252500 0.000000 0.000000
 1.255000 0.000000 0.000000
 1.257500 0.000000 0.000000
 1.260000 0.000000 0.000000
 1.262500 0.000000 0.000000
 1.265000 0.000000 0.000000
 1.267500 0.000000 0.000000
 1.270000 0.000000 0.000000
 1.272500 0.000000 0.000000
 1.275000 0.000000 0.000000
 1.277500 0.000000 0.000000
 1.280000 0.000000 0.000000
 1.282500 0.000000 0.000000
 1.285000 0.000000 0.000000
 1.287500 0.000000 0.000000
 1.290000 0.000000 0.000000
 1.292500 0.000000 0.000000
 1.295000 0.000000 0.000000
 1.297500 0.000000 0.000000
 1.300000 0.000000 0.000000
 1.302500 0.000000 0.000000
 1.305000 0.000000 0.000000
 1.307500 0.000000 0.000000
 1.310000 0.000000 0.000000
 1.312500 0.000000 0.000000
 1.315000 0.000000 0.000000
 1.317500 0.000000 0.000000
 1.320000 0.000000 0.000000
 1.322500 0.000000 0.000000
 1.325000 0.000000 0.000000
 1.327500 0.000000 0.000000
 1.330000 0.000000 0.000000
 1.332500 0.000000 0.000000
 1.335000 0.000000 0.000000
 1.337500 0.000000 0.000000
 1.340000 0.000000 0.000000
 1.342500 0.000000 0.000000
 1.345000 0.000000 0.000000
 1.347500 0.000000 0.000000
 1.350000 0.000000 0.000000
 1.352500 0.000000 0.000000
 1.355000 0.000000 0.000000
 1.357500 0.000000 0.000000
 1.360000 0.000000 0.000000
 1.362500 0.000000 0.000000
 1.365000 0.000000 0.000000
 1.367500 0.000000 0.000000
 1.370000 0.000000 0.000000
 1.372500 0.000000 0.000000
 1.375000 0.000000 0.000000
 1.377500 0.000000 0.000000
 1.380000 0.000000 0.000000
 1.382500 0.000000 0.000000
 1.385000 0.000000 0.000000
 1.387500 0.000000 0.000000
 1.390000 0.000000 0.000000
 1.392500 0.000000 0.000000
 1.395000 0.000000 0.000000
 1.397500 0.000000 0.000000
 1.400000 0.000000 0.000000
 1.402500 0.000000 0.000000
 1.405000 0.000000 0.000000
 1.407500 0.000000 0.000000
 1.410000 0.000000 0.000000
 1.412500 0.000000 0.000000
 1.415000 0.000000 0.000000
 1.417500 0.000000 0.000000
 1.420000 0.000000 0.000000
 1.422500 0.000000 0.000000
 1.425000 0.000000 0.000000
 1.427500 0.000000 0.000000
 1.430000 0.000000 0.000000
 1.432500 0.000000 0.000000
 1.435000 0.000000 0.000000
 1.437500 0.000000 0.000000
 1.440000 0.000000 0.000000
 1.442500 0.000000 0.000000
 1.445000 0.000000 0.000000
 1.447500 0.000000 0.000000
 1.450000 0.000000 0.000000
 1.452500 0.000000 0.000000
 1.455000 0.000000 0.000000
 1.457500 0.000000 0.000000
 1.460000 0.000000 0.000000
 1.462500 0.000000 0.000000
 1.465000 0.000000 0.000000
 1.467500 0.000000 0.000000
 1.470000 0.000000 0.000000
 1.472500 0.000000 0.000000
 1.475000 0.000000 0.000000
 1.477500 0.000000 0.000000
 1.480000 0.000000 0.000000
 1.482500 0.000000 0.000000
 1.485000 0.000000 0.000000
 1.487500 0.000000 0.000000
 1.490000 0.000000 0.000000
 1.492500 0.000000 0.000000
 1.495000 0.000000 0.000000
 1.497500 0.000000 0.000000
 1.500000 0.000000 0.000000
 1.502500 0.000000 0.000000
 1.505000 0.000000 0.000000
 1.507500 0.000000 0.000000
 1.510000 0.000000 0.000000
 1.512500 0.000000 0.000000
 1.515000 0.000000 0.000000
 1.517500 0.000000 0.000000
 1.520000 0.000000 0.000000
 1.522500 0.000000 0.000000
 1.525000 0.000000 0.000000
 1.527500 0.000000 0.000000
 1.530000 0.000000 0.000000
 1.532500 0.000000 0.000000
 1.535000 0.000000 0.000000
 1.537500 0.000000 0.000000
 1.540000 0.000000 0.000000
 1.542500 0.000000 0.000000
 1.545000 0.000000 0.000000
 1.547500 0.000000 0.000000
 1.550000 0.000000 0.000000
 1.552500 0.000000 0.000000
 1.555000 0.000000 0.000000
 1.557500 0.000000 0.000000
 1.560000 0.000000 0.000000
 1.562500 0.000000 0.000000
 1.565000 0.000000 0.000000
 1.567500 0.000000 0.000000
 1.570000 0.000000 0.000000
 1.572500 0.000000 0.000000
 1.575000 0.000000 0.000000
 1.577500 0.000000 0.000000
 1.580000 0.000000 0.000000
 1.582500 0.000000 0.000000
 1.585000 0.000000 0.000000
 1.587500 0.000000 0.000000
 1.590000 0.000000 0.000000
 1.592500 0.000000 0.000000
 1.595000 0.000000 0.000000
 1.597500 0.000000 0.000000
 1.600000 0.000000 0.000000
 1.602500 0.000000 0.000000
 1.605000 0.000000 0.000000
 1.607500 0.000000 0.000000
 1.610000 0.000000 0.000000
 1.612500 0.000000 0.000000
 1.615000 0.000000 0.000000
 1.617500 0.000000 0.000000
 1.620000 0.000000 0.000000
 1.622500 0.000000 0.000000
 1.625000 0.000000 0.000000
 1.627500 0.000000 0.000000
 1.630000 0.000000 0.000000
 1.632500 0.000000 0.000000
 1.635000 0.000000 0.000000
 1.637500 0.000000 0.000000
 1.640000 0.000000 0.000000
 1.642500 0.000000 0.000000
 1.645000 0.000000 0.000000
 1.647500 0.000000 0.000000
 1.650000 0.000000 0.000000
 1.652500 0.000000 0.000000
 1.655000 0.000000 0.000000
 1.657500 0.000000 0.000000
 1.660000 0.000000 0.000000
 1.662500 0.000000 0.000000
 1.665000 0.000000 0.000000
 1.667500 0.000000 0.000000
 1.670000 0.000000 0.000000
 1.672500 0.000000 0.000000
 1.675000 0.000000 0.000000
 1.677500 0.000000 0.000000
 1.680000 0.000000 0.000000
 1.682500 0.000000 0.000000
 1.685000 0.000000 0.000000
 1.687500 0.000000 0.000000
 1.690000 0.000000 0.000000
 1.692500 0.000000 0.000000
 1.695000 0.000000 0.000000
 1.697500 0.000000 0.000000
 1.700000 0.000000 0.000000
 1.702500 0.000000 0.000000
 1.705000 0.000000 0.000000
 1.707500 0.000000 0.000000
 1.710000 0.000000 0.000000
 1.712500 0.000000 0.000000
 1.715000 0.000000 0.000000
 1.717500 0.000000 0.000000
 1.720000 0.000000 0.000000
 1.722500 0.000000 0.000000
 1.725000 0.000000 0.000000
 1.727500 0.000000 0.000000
 1.730000 0.000000 0.000000
 1.732500 0.000000 0.000000
 1.735000 0.000000 0.000000
 1.737500 0.000000 0.000000
 1.740000 0.000000 0.000000
 1.742500 0.000000 0.000000
 1.745000 0.000000 0.000000
 1.747500 0.000000 0.000000
 1.750000 0.000000 0.000000
 1.752500 0.000000 0.000000
 1.755000 0.000000 0.000000
 1.757500 0.000000 0.000000
 1.760000 0.000000 0.000000
 1.762500 0.000000 0.000000
 1.765000 0.000000 0.000000
 1.767500 0.000000 0.000000
 1.770000 0.000000 0.000000
 1.772500 0.000000 0.000000
 1.775000 0.000000 0.000000
 1.777500 0.000000 0.000000
 1.780000 0.000000 0.000000
 1.782500 0.000000 0.000000
 1.785000 0.000000 0.000000
 1.787500 0.000000 0.000000
 1.790000 0.000000 0.000000
 1.792500 0.000000 0.000000
 1.795000 0.000000 0.000000
 1.797500 0.000000 0.000000
 1.800000 0.000000 0.000000
 1.802500 0.000000 0.000000
 1.805000 0.000000 0.000000
 1.807500 0.000000 0.000000
 1.810000 0.000000 0.000000
 1.812500 0.000000 0.000000
 1.815000 0.000000 0.000000
 1.817500 0.000000 0.000000
 1.820000 0.000000 0.000000
 1.822500 0.000000 0.000000
 1.825000 0.000000 0.000000
 1.827500 0.000000 0.000000
 1.830000 0.000000 0.000000
 1.832500 0.000000 0.000000
 1.835000 0.000000 0.000000
 1.837500 0.000000 0.000000
 1.840000 0.000000 0.000000
 1.842500 0.000000 0.000000
 1.845000 0.000000 0.000000
 1.847500 0.000000 0.000000
 1.850000 0.000000 0.000000
 1.852500 0.000000 0.000000
 1.855000 0.000000 0.000000
 1.857500 0.000000 0.000000
 1.860000 0.000000 0.000000
 1.862500 0.000000 0.000000
 1.865000 0.000000 0.000000
 1.867500 0.000000 0.000000
 1.870000 0.000000 0.000000
 1.872500 0.000000 0.000000
 1.875000 0.000000 0.000000
 1.877500 0.000000 0.000000
 1.880000 0.000000 0.000000
 1.882500 0.000000 0.000000
 1.885000 0.000000 0.000000
 1.887500 0.000000 0.000000
 1.890000 0.000000 0.000000
 1.892500 0.000000 0.000000
 1.895000 0.000000 0.000000
 1.897500 0.000000 0.000000
 1.900000 0.000000 0.000000
 1.902500 0.000000 0.000000
 1.905000 0.000000 0.000000
 1.907500 0.000000 0.000000
 1.910000 0.000000 0.000000
 1.912500 0.000000 0.000000
 1.915000 0.000000 0.000000
 1.917500 0.000000 0.000000
 1.920000 0.000000 0.000000
 1.922500 0.000000 0.000000
 1.925000 0.000000 0.000000
 1.927500 0.000000 0.000000
 1.930000 0.000000 0.000000
 1.932500 0.000000 0.000000
 1.935000 0.000000 0.000000
 1.937500 0.000000 0.000000
 1.940000 0.000000 0.000000
 1.942500 0.000000 0.000000
 1.945000 0.000000 0.000000
 1.947500 0.000000 0.000000
 1.950000 0.000000 0.000000
 1.952500 0.000000 0.000000
 1.955000 0.000000 0.000000
 1.957500 0.000000 0.000000
 1.960000 0.000000 0.000000
 1.962500 0.000000 0.000000
 1.965000 0.000000 0.000000
 1.967500 0.000000 0.000000
 1.970000 0.000000 0.000000
 1.972500 0.000000 0.000000
 1.975000 0.000000 0.000000
 1.977500 0.000000 0.000000
 1.980000 0.000000 0.000000
 1.982500 0.000000 0.000000
 1.985000 0.000000 0.000000
 1.987500 0.000000 0.000000
 1.990000 0.000000 0.000000
 1.992500 0.000000 0.000000
 1.995000 0.000000 0.000000
 1.997500 0.000000 0.000000
 2.000000 0.000000 0.000000
