#! FIELDS es hh dhh_es
#! SET normalisation  2000.000000
#! SET min_es -0.5
#! SET max_es 2
#! SET nbins_es  1000
#! SET periodic_es false
 -0.500000 0.000000 0.000000
 -0.497500 0.000000 0.000000
 -0.495000 0.000000 0.000000
 -0.492500 0.000000 0.000000
 -0.490000 0.000000 0.000000
 -0.487500 0.000000 0.000000
 -0.485000 0.000000 0.000000
 -0.482500 0.000000 0.000000
 -0.480000 0.000000 0.000000
 -0.477500 0.000000 0.000000
 -0.475000 0.000000 0.000000
 -0.472500 0.000000 0.000000
 -0.470000 0.000000 0.000000
 -0.467500 0.000000 0.000000
 -0.465000 0.000000 0.000000
 -0.462500 0.000000 0.000000
 -0.460000 0.000000 0.000000
 -0.457500 0.000000 0.000000
 -0.455000 0.000000 0.000000
 -0.452500 0.000000 0.000000
 -0.450000 0.000000 0.000000
 -0.447500 0.000000 0.000000
 -0.445000 0.000000 0.000000
 -0.442500 0.000000 0.000000
 -0.440000 0.000000 0.000000
 -0.437500 0.000000 0.000000
 -0.435000 0.000000 0.000000
 -0.432500 0.000000 0.000000
 -0.430000 0.000000 0.000000
 -0.427500 0.000000 0.000000
 -0.425000 0.000000 0.000000
 -0.422500 0.000000 0.000000
 -0.420000 0.000000 0.000000
 -0.417500 0.000000 0.000000
 -0.415000 0.000000 0.000000
 -0.412500 0.000000 0.000000
 -0.410000 0.000000 0.000000
 -0.407500 0.000000 0.000000
 -0.405000 0.000000 0.000000
 -0.402500 0.000000 0.000000
 -0.400000 0.000000 0.000000
 -0.397500 0.000000 0.000000
 -0.395000 0.000000 0.000000
 -0.392500 0.000000 0.000000
 -0.390000 0.000000 0.000000
 -0.387500 0.000000 0.000000
 -0.385000 0.000000 0.000000
 -0.382500 0.000000 0.000000
 -0.380000 0.000000 0.000000
 -0.377500 0.000000 0.000000
 -0.375000 0.000000 0.000000
 -0.372500 0.000000 0.000000
 -0.370000 0.000000 0.000000
 -0.367500 0.000000 0.000000
 -0.365000 0.000000 0.000000
 -0.362500 0.000000 0.000000
 -0.360000 0.000000 0.000000
 -0.357500 0.000000 0.000000
 -0.355000 0.000000 0.000000
 -0.352500 0.000000 0.000000
 -0.350000 0.000000 0.000000
 -0.347500 0.000000 0.000000
 -0.345000 0.000000 0.000000
 -0.342500 0.000000 0.000000
 -0.340000 0.000000 0.000000
 -0.337500 0.000000 0.000000
 -0.335000 0.000000 0.000000
 -0.332500 0.000000 0.000000
 -0.330000 0.000000 0.000000
 -0.327500 0.000000 0.000000
 -0.325000 0.000000 0.000000
 -0.322500 0.000000 0.000000
 -0.320000 0.000000 0.000000
 -0.317500 0.000000 0.000000
 -0.315000 0.000000 0.000000
 -0.312500 0.000000 0.000000
 -0.310000 0.000000 0.000000
 -0.307500 0.000000 0.000000
 -0.305000 0.000000 0.000000
 -0.302500 0.000000 0.000000
 -0.300000 0.000000 0.000000
 -0.297500 0.000000 0.000000
 -0.295000 0.000000 0.000000
 -0.292500 0.000000 0.000000
 -0.290000 0.000000 0.000000
 -0.287500 0.000000 0.000000
 -0.285000 0.000000 0.000000
 -0.282500 0.000000 0.000000
 -0.280000 0.000000 0.000000
 -0.277500 0.000000 0.000000
 -0.275000 0.000000 0.000000
 -0.272500 0.000000 0.000000
 -0.270000 0.000000 0.000000
 -0.267500 0.000000 0.000000
 -0.265000 0.000000 0.000000
 -0.262500 0.000000 0.000000
 -0.260000 0.000000 0.000000
 -0.257500 0.000000 0.000000
 -0.255000 0.000000 0.000000
 -0.252500 0.000000 0.000000
 -0.250000 0.000000 0.000000
 -0.247500 0.000000 0.000000
 -0.245000 0.000000 0.000000
 -0.242500 0.000000 0.000000
 -0.240000 0.000000 0.000000
 -0.237500 0.000000 0.000000
 -0.235000 0.000000 0.000000
 -0.232500 0.000000 0.000000
 -0.230000 0.000000 0.000000
 -0.227500 0.000000 0.000000
 -0.225000 0.000000 0.000000
 -0.222500 0.000000 0.000000
 -0.220000 0.000000 0.000000
 -0.217500 0.000000 0.000000
 -0.215000 0.000000 0.000000
 -0.212500 0.000000 0.000000
 -0.210000 0.000000 0.000000
 -0.207500 0.000000 0.000000
 -0.205000 0.000000 0.000000
 -0.202500 0.000000 0.000000
 -0.200000 0.000000 0.000000
 -0.197500 0.000000 0.000000
 -0.195000 0.000000 0.000000
 -0.192500 0.000000 0.000000
 -0.190000 0.000000 0.000000
 -0.187500 0.000000 0.000000
 -0.185000 0.000000 0.000000
 -0.182500 0.000000 0.000000
 -0.180000 0.000000 0.000000
 -0.177500 0.000000 0.000000
 -0.175000 0.000000 0.000000
 -0.172500 0.000000 0.000000
 -0.170000 0.000000 0.000000
 -0.167500 0.000000 0.000000
 -0.165000 0.000000 0.000000
 -0.162500 0.000000 0.000000
 -0.160000 0.000000 0.000000
 -0.157500 0.000000 0.000000
 -0.155000 0.000000 0.000000
 -0.152500 0.000000 0.000000
 -0.150000 0.000000 0.000000
 -0.147500 0.000000 0.000000
 -0.145000 0.000000 0.000000
 -0.142500 0.000000 0.000000
 -0.140000 0.000000 0.000000
 -0.137500 0.000000 0.000000
 -0.135000 0.000000 0.000000
 -0.132500 0.000000 0.000000
 -0.130000 0.000000 0.000000
 -0.127500 0.000000 0.000000
 -0.125000 0.000000 0.000000
 -0.122500 0.000000 0.000000
 -0.120000 0.000000 0.000000
 -0.117500 0.000000 0.000000
 -0.115000 0.000000 0.000000
 -0.112500 0.000000 0.000000
 -0.110000 0.000000 0.000000
 -0.107500 0.000000 0.000000
 -0.105000 0.000000 0.000000
 -0.102500 0.000000 0.000000
 -0.100000 0.000000 0.000000
 -0.097500 0.000000 0.000000
 -0.095000 0.000000 0.000000
 -0.092500 0.000000 0.000000
 -0.090000 0.000000 0.000000
 -0.087500 0.000000 0.000000
 -0.085000 0.000000 0.000000
 -0.082500 0.000000 0.000000
 -0.080000 0.000000 0.000000
 -0.077500 0.000000 0.000000
 -0.075000 0.000000 0.000000
 -0.072500 0.000000 0.000000
 -0.070000 0.000000 0.000000
 -0.067500 0.000000 0.000000
 -0.065000 0.000000 0.000000
 -0.062500 0.000000 0.000000
 -0.060000 0.000000 0.000000
 -0.057500 0.000000 0.000000
 -0.055000 0.000000 0.000000
 -0.052500 0.000000 0.000000
 -0.050000 0.000000 0.000000
 -0.047500 0.000000 0.000000
 -0.045000 0.000000 0.000000
 -0.042500 0.000000 0.000000
 -0.040000 0.000000 0.000000
 -0.037500 0.000000 0.000000
 -0.035000 0.000000 0.000000
 -0.032500 0.000000 0.000000
 -0.030000 0.000000 0.000000
 -0.027500 0.000000 0.000000
 -0.025000 0.000000 0.000000
 -0.022500 0.000000 0.000000
 -0.020000 0.000000 0.000000
 -0.017500 0.000000 0.000000
 -0.015000 0.000000 0.000000
 -0.012500 0.000000 0.000000
 -0.010000 0.000000 0.000000
 -0.007500 0.000000 0.000000
 -0.005000 0.000000 0.000000
 -0.002500 0.000000 0.000000
 0.000000 0.000000 0.000000
 0.002500 0.000000 0.000000
 0.005000 0.000000 0.000000
 0.007500 0.000000 0.000000
 0.010000 0.000000 0.000000
 0.012500 0.000000 0.000000
 0.015000 0.000000 0.000000
 0.017500 0.000000 0.000000
 0.020000 0.000000 0.000000
 0.022500 0.000000 0.000000
 0.025000 0.000000 0.000000
 0.027500 0.000000 0.000000
 0.030000 0.000000 0.000000
 0.032500 0.000000 0.000000
 0.035000 0.000000 0.000000
 0.037500 0.000000 0.000000
 0.040000 0.000000 0.000000
 0.042500 0.000000 0.000000
 0.045000 0.000000 0.000000
 0.047500 0.000000 0.000000
 0.050000 0.000000 0.000000
 0.052500 0.000000 0.000000
 0.055000 0.000000 0.000000
 0.057500 0.000000 0.000000
 0.060000 0.000000 0.000000
 0.062500 0.000000 0.000000
 0.065000 0.000000 0.000000
 0.067500 0.000000 0.000000
 0.070000 0.000000 0.000000
 0.072500 0.000000 0.000000
 0.075000 0.000000 0.000000
 0.077500 0.000000 0.000000
 0.080000 0.000000 0.000000
 0.082500 0.000000 0.000000
 0.085000 0.000000 0.000000
 0.087500 0.000000 0.000000
 0.090000 0.000000 0.000000
 0.092500 0.000000 0.000000
 0.095000 0.000000 0.000000
 0.097500 0.000000 0.000000
 0.100000 0.000000 0.000000
 0.102500 0.000000 0.000000
 0.105000 0.000000 0.000000
 0.107500 0.000000 0.000000
 0.110000 0.000000 0.000000
 0.112500 0.000000 0.000000
 0.115000 0.000000 0.000000
 0.117500 0.000000 0.000000
 0.120000 0.000000 0.000000
 0.122500 0.000000 0.000000
 0.125000 0.000000 0.000000
 0.127500 0.000000 0.000000
 0.130000 0.000000 0.000000
 0.132500 0.000000 0.000000
 0.135000 0.000000 0.000000
 0.137500 0.000000 0.000000
 0.140000 0.000000 0.000000
 0.142500 0.000000 0.000000
 0.145000 0.000000 0.000000
 0.147500 0.000000 0.000000
 0.150000 0.000000 0.000000
 0.152500 0.000000 0.000000
 0.155000 0.000000 0.000000
 0.157500 0.000000 0.000000
 0.160000 0.000000 0.000000
 0.162500 0.000000 0.000000
 0.165000 0.000000 0.000000
 0.167500 0.000000 0.000000
 0.170000 0.000000 0.000000
 0.172500 0.000000 0.000000
 0.175000 0.000000 0.000000
 0.177500 0.000000 0.000000
 0.180000 0.000000 0.000000
 0.182500 0.000000 0.000000
 0.185000 0.000000 0.000000
 0.187500 0.000000 0.000000
 0.190000 0.000000 0.000000
 0.192500 0.000000 0.000000
 0.195000 0.000000 0.000000
 0.197500 0.000000 0.000000
 0.200000 0.000000 0.000000
 0.202500 0.000000 0.000000
 0.205000 0.000000 0.000000
 0.207500 0.000000 0.000000
 0.210000 0.000000 0.000000
 0.212500 0.000000 0.000000
 0.215000 0.000000 0.000000
 0.217500 0.000000 0.000000
 0.220000 0.000000 0.000000
 0.222500 0.000000 0.000000
 0.225000 0.000000 0.000000
 0.227500 0.000000 0.000000
 0.230000 0.000000 0.000000
 0.232500 0.000000 0.000000
 0.235000 0.000000 0.000000
 0.237500 0.000000 0.000000
 0.240000 0.000000 0.000000
 0.242500 0.000000 0.000000
 0.245000 0.000000 0.000000
 0.247500 0.000000 0.000000
 0.250000 0.000000 0.000000
 0.252500 0.000000 0.000000
 0.255000 0.000000 0.000000
 0.257500 0.000000 0.000000
 0.260000 0.000000 0.000000
 0.262500 0.000000 0.000000
 0.265000 0.000000 0.000000
 0.267500 0.000000 0.000000
 0.270000 0.000000 0.000000
 0.272500 0.000000 0.000000
 0.275000 0.000000 0.000000
 0.277500 0.000000 0.000000
 0.280000 0.000000 0.000000
 0.282500 0.000000 0.000000
 0.285000 0.000000 0.000000
 0.287500 0.000000 0.000000
 0.290000 0.000000 0.000000
 0.292500 0.000000 0.000000
 0.295000 0.000000 0.000000
 0.297500 0.000000 0.000000
 0.300000 0.000000 0.000000
 0.302500 0.000000 0.000000
 0.305000 0.000000 0.000000
 0.307500 0.000000 0.000000
 0.310000 0.000000 0.000000
 0.312500 0.000000 0.000000
 0.315000 0.000000 0.000000
 0.317500 0.000000 0.000000
 0.320000 0.000000 0.000000
 0.322500 0.000000 0.000000
 0.325000 0.000000 0.000000
 0.327500 0.000000 0.000000
 0.330000 0.000000 0.000000
 0.332500 0.000000 0.000000
 0.335000 0.000000 0.000000
 0.337500 0.000000 0.000000
 0.340000 0.000000 0.000000
 0.342500 0.000000 0.000000
 0.345000 0.000000 0.000000
 0.347500 0.000000 0.000000
 0.350000 0.000000 0.000000
 0.352500 0.000000 0.000000
 0.355000 0.000000 0.000000
 0.357500 0.000000 0.000000
 0.360000 0.000000 0.000000
 0.362500 0.000000 0.000000
 0.365000 0.000000 0.000000
 0.367500 0.000000 0.000000
 0.370000 0.000000 0.000000
 0.372500 0.000000 0.000000
 0.375000 0.000000 0.000000
 0.377500 0.000000 0.000000
 0.380000 0.000000 0.000000
 0.382500 0.000000 0.000000
 0.385000 0.000000 0.000014
 0.387500 0.000000 0.000035
 0.390000 0.000000 0.000079
 0.392500 0.000001 0.000188
 0.395000 0.000001 0.000384
 0.397500 0.000003 0.000752
 0.400000 0.000005 0.001371
 0.402500 0.000010 0.002327
 0.405000 0.000017 0.003711
 0.407500 0.000029 0.005559
 0.410000 0.000045 0.007825
 0.412500 0.000068 0.010366
 0.415000 0.000097 0.012888
 0.417500 0.000132 0.015105
 0.420000 0.000172 0.016637
 0.422500 0.000215 0.017199
 0.425000 0.000258 0.016717
 0.427500 0.000298 0.015439
 0.430000 0.000335 0.013976
 0.432500 0.000368 0.013094
 0.435000 0.000402 0.013839
 0.437500 0.000440 0.017025
 0.440000 0.000489 0.023001
 0.442500 0.000558 0.031594
 0.445000 0.000649 0.041733
 0.447500 0.000767 0.052201
 0.450000 0.000910 0.061775
 0.452500 0.001075 0.070080
 0.455000 0.001261 0.077845
 0.457500 0.001466 0.086835
 0.460000 0.001699 0.099295
 0.462500 0.001968 0.117061
 0.465000 0.002290 0.141082
 0.467500 0.002680 0.170885
 0.470000 0.003149 0.204405
 0.472500 0.003704 0.238828
 0.475000 0.004343 0.271117
 0.477500 0.005057 0.298942
 0.480000 0.005835 0.321969
 0.482500 0.006667 0.341811
 0.485000 0.007548 0.362440
 0.487500 0.008487 0.389361
 0.490000 0.009508 0.427783
 0.492500 0.010643 0.481912
 0.495000 0.011936 0.553585
 0.497500 0.013430 0.642043
 0.500000 0.015163 0.744849
 0.502500 0.017169 0.858973
 0.505000 0.019474 0.983278
 0.507500 0.022101 1.117237
 0.510000 0.025076 1.261529
 0.512500 0.028427 1.418043
 0.515000 0.032184 1.586219
 0.517500 0.036377 1.765604
 0.520000 0.041029 1.953511
 0.522500 0.046160 2.146698
 0.525000 0.051777 2.342858
 0.527500 0.057887 2.540054
 0.530000 0.064492 2.737747
 0.532500 0.071593 2.935666
 0.535000 0.079189 3.134105
 0.537500 0.087286 3.336400
 0.540000 0.095903 3.549908
 0.542500 0.105078 3.785934
 0.545000 0.114887 4.059574
 0.547500 0.125447 4.387887
 0.550000 0.136910 4.784310
 0.552500 0.149460 5.257264
 0.555000 0.163290 5.806363
 0.557500 0.178582 6.423613
 0.560000 0.195480 7.087886
 0.562500 0.214074 7.773044
 0.565000 0.234374 8.446422
 0.567500 0.256309 9.075154
 0.570000 0.279733 9.635039
 0.572500 0.304463 10.117465
 0.575000 0.330310 10.533222
 0.577500 0.357146 10.913289
 0.580000 0.384939 11.303520
 0.582500 0.413770 11.753032
 0.585000 0.443839 12.298879
 0.587500 0.475424 12.962966
 0.590000 0.508812 13.740891
 0.592500 0.544271 14.610666
 0.595000 0.581983 15.540190
 0.597500 0.622064 16.498410
 0.600000 0.664557 17.466363
 0.602500 0.709473 18.436394
 0.605000 0.756817 19.407200
 0.607500 0.806586 20.377095
 0.610000 0.858773 21.339985
 0.612500 0.913346 22.280680
 0.615000 0.970232 23.188873
 0.617500 1.029339 24.059158
 0.620000 1.090574 24.892750
 0.622500 1.153869 25.704532
 0.625000 1.219176 26.510277
 0.627500 1.286503 27.314083
 0.630000 1.355838 28.117956
 0.632500 1.427173 28.912457
 0.635000 1.500471 29.688626
 0.637500 1.575677 30.435265
 0.640000 1.652704 31.149489
 0.642500 1.731473 31.826638
 0.645000 1.811880 32.460702
 0.647500 1.893815 33.046036
 0.650000 1.977146 33.578788
 0.652500 2.061733 34.056124
 0.655000 2.147453 34.488494
 0.657500 2.234212 34.895730
 0.660000 2.321970 35.288942
 0.662500 2.410703 35.672825
 0.665000 2.500362 36.036100
 0.667500 2.590864 36.336996
 0.670000 2.681991 36.530824
 0.672500 2.773406 36.570625
 0.675000 2.864700 36.426953
 0.677500 2.955400 36.106315
 0.680000 3.045100 35.638479
 0.682500 3.133499 35.075950
 0.685000 3.220428 34.473010
 0.687500 3.305828 33.866871
 0.690000 3.389723 33.272027
 0.692500 3.472131 32.685337
 0.695000 3.553075 32.100863
 0.697500 3.632553 31.516735
 0.700000 3.710569 30.941077
 0.702500 3.787150 30.374739
 0.705000 3.862324 29.814901
 0.707500 3.936063 29.224823
 0.710000 4.008225 28.550829
 0.712500 4.078528 27.738670
 0.715000 4.146571 26.747113
 0.717500 4.211899 25.569756
 0.720000 4.274068 24.235711
 0.722500 4.332743 22.784923
 0.725000 4.387687 21.266654
 0.727500 4.438770 19.704476
 0.730000 4.485893 18.096836
 0.732500 4.528922 16.441235
 0.735000 4.567729 14.728578
 0.737500 4.602188 12.973653
 0.740000 4.632235 11.209496
 0.742500 4.657908 9.483923
 0.745000 4.679350 7.836821
 0.747500 4.696757 6.264412
 0.750000 4.710308 4.743868
 0.752500 4.720058 3.223779
 0.755000 4.725926 1.640604
 0.757500 4.727703 -0.054975
 0.760000 4.725079 -1.874304
 0.762500 4.717752 -3.797248
 0.765000 4.705537 -5.777114
 0.767500 4.688372 -7.734449
 0.770000 4.666413 -9.602032
 0.772500 4.639963 -11.307344
 0.775000 4.609490 -12.802950
 0.777500 4.575564 -14.071095
 0.780000 4.538746 -15.120985
 0.782500 4.499541 -15.984769
 0.785000 4.458318 -16.738773
 0.787500 4.415258 -17.474558
 0.790000 4.370285 -18.278550
 0.792500 4.323140 -19.220296
 0.795000 4.273421 -20.331633
 0.797500 4.220718 -21.593687
 0.800000 4.164731 -22.949342
 0.802500 4.105332 -24.308402
 0.805000 4.042617 -25.582759
 0.807500 3.976886 -26.719157
 0.810000 3.908510 -27.693988
 0.812500 3.837878 -28.532826
 0.815000 3.765285 -29.272903
 0.817500 3.690924 -29.953870
 0.820000 3.614909 -30.592929
 0.822500 3.537357 -31.179117
 0.825000 3.458447 -31.689167
 0.827500 3.378398 -32.073807
 0.830000 3.297576 -32.311216
 0.832500 3.216356 -32.387900
 0.835000 3.135139 -32.310410
 0.837500 3.054288 -32.094638
 0.840000 2.974136 -31.763328
 0.842500 2.894949 -31.332227
 0.845000 2.816934 -30.828054
 0.847500 2.740234 -30.298334
 0.850000 2.664831 -29.806061
 0.852500 2.590539 -29.423576
 0.855000 2.516994 -29.218604
 0.857500 2.443702 -29.232192
 0.860000 2.370119 -29.438005
 0.862500 2.295859 -29.766845
 0.865000 2.220753 -30.095380
 0.867500 2.144980 -30.296034
 0.870000 2.068973 -30.261280
 0.872500 1.993403 -29.955603
 0.875000 1.918928 -29.392730
 0.877500 1.846122 -28.640944
 0.880000 1.775352 -27.782728
 0.882500 1.706789 -26.889411
 0.885000 1.640458 -26.005283
 0.887500 1.576313 -25.146786
 0.890000 1.514289 -24.314646
 0.892500 1.454319 -23.502372
 0.895000 1.396364 -22.711755
 0.897500 1.340358 -21.944954
 0.900000 1.286236 -21.205813
 0.902500 1.233921 -20.499470
 0.905000 1.183347 -19.825267
 0.907500 1.134431 -19.175130
 0.910000 1.087120 -18.552074
 0.912500 1.041340 -17.953840
 0.915000 0.997021 -17.389818
 0.917500 0.954067 -16.867060
 0.920000 0.912368 -16.389271
 0.922500 0.871807 -15.958933
 0.925000 0.832266 -15.570816
 0.927500 0.793662 -15.221190
 0.930000 0.755912 -14.887665
 0.932500 0.718993 -14.551950
 0.935000 0.682943 -14.194818
 0.937500 0.647834 -13.795976
 0.940000 0.613788 -13.349383
 0.942500 0.580926 -12.857572
 0.945000 0.549337 -12.331833
 0.947500 0.519083 -11.798071
 0.950000 0.490163 -11.273214
 0.952500 0.462533 -10.768028
 0.955000 0.436140 -10.284630
 0.957500 0.410937 -9.817032
 0.960000 0.386898 -9.357283
 0.962500 0.364007 -8.899481
 0.965000 0.342259 -8.444763
 0.967500 0.321638 -8.002257
 0.970000 0.302104 -7.580496
 0.972500 0.283591 -7.187691
 0.975000 0.266022 -6.830474
 0.977500 0.249302 -6.507729
 0.980000 0.233355 -6.216933
 0.982500 0.218107 -5.944634
 0.985000 0.203535 -5.678811
 0.987500 0.189640 -5.402946
 0.990000 0.176459 -5.104446
 0.992500 0.164057 -4.782253
 0.995000 0.152488 -4.442919
 0.997500 0.141775 -4.101888
 1.000000 0.131900 -3.777951
 1.002500 0.122800 -3.486955
 1.005000 0.114376 -3.237248
 1.007500 0.106524 -3.028675
 1.010000 0.099152 -2.854808
 1.012500 0.092184 -2.704628
 1.015000 0.085573 -2.568100
 1.017500 0.079295 -2.439881
 1.020000 0.073331 -2.317319
 1.022500 0.067666 -2.199970
 1.025000 0.062291 -2.088168
 1.027500 0.057190 -1.979517
 1.030000 0.052361 -1.871636
 1.032500 0.047809 -1.759478
 1.035000 0.043548 -1.639587
 1.037500 0.039598 -1.510217
 1.040000 0.035981 -1.373784
 1.042500 0.032710 -1.235296
 1.045000 0.029782 -1.101891
 1.047500 0.027172 -0.980191
 1.050000 0.024847 -0.877359
 1.052500 0.022753 -0.795938
 1.055000 0.020835 -0.735599
 1.057500 0.019045 -0.693879
 1.060000 0.017342 -0.665499
 1.062500 0.015701 -0.642863
 1.065000 0.014116 -0.620683
 1.067500 0.012592 -0.593169
 1.070000 0.011148 -0.557988
 1.072500 0.009801 -0.514490
 1.075000 0.008572 -0.465464
 1.077500 0.007470 -0.413877
 1.080000 0.006496 -0.363681
 1.082500 0.005643 -0.317932
 1.085000 0.004897 -0.277833
 1.087500 0.004244 -0.243124
 1.090000 0.003673 -0.213133
 1.092500 0.003173 -0.185798
 1.095000 0.002739 -0.159930
 1.097500 0.002369 -0.135695
 1.100000 0.002056 -0.113559
 1.102500 0.001796 -0.094608
 1.105000 0.001577 -0.080004
 1.107500 0.001389 -0.070334
 1.110000 0.001220 -0.064898
 1.112500 0.001061 -0.062608
 1.115000 0.000905 -0.061545
 1.117500 0.000752 -0.060041
 1.120000 0.000605 -0.056885
 1.122500 0.000469 -0.051603
 1.125000 0.000348 -0.044453
 1.127500 0.000247 -0.036190
 1.130000 0.000167 -0.027710
 1.132500 0.000107 -0.019943
 1.135000 0.000065 -0.013579
 1.137500 0.000038 -0.008649
 1.140000 0.000021 -0.005175
 1.142500 0.000011 -0.002907
 1.145000 0.000005 -0.001489
 1.147500 0.000002 -0.000732
 1.150000 0.000001 -0.000322
 1.152500 0.000000 -0.000114
 1.155000 0.000000 0.000000
 1.157500 0.000000 0.000000
 1.160000 0.000000 0.000000
 1.162500 0.000000 0.000000
 1.165000 0.000000 0.000000
 1.167500 0.000000 0.000000
 1.170000 0.000000 0.000000
 1.172500 0.000000 0.000000
 1.175000 0.000000 0.000000
 1.177500 0.000000 0.000000
 1.180000 0.000000 0.000000
 1.182500 0.000000 0.000000
 1.185000 0.000000 0.000000
 1.187500 0.000000 0.000000
 1.190000 0.000000 0.000000
 1.192500 0.000000 0.000000
 1.195000 0.000000 0.000000
 1.197500 0.000000 0.000000
 1.200000 0.000000 0.000000
 1.202500 0.000000 0.000000
 1.205000 0.000000 0.000000
 1.207500 0.000000 0.000000
 1.210000 0.000000 0.000000
 1.212500 0.000000 0.000000
 1.215000 0.000000 0.000000
 1.217500 0.000000 0.000000
 1.220000 0.000000 0.000000
 1.222500 0.000000 0.000000
 1.225000 0.000000 0.000000
 1.227500 0.000000 0.000000
 1.230000 0.000000 0.000000
 1.232500 0.000000 0.000000
 1.235000 0.000000 0.000000
 1.237500 0.000000 0.000000
 1.240000 0.000000 0.000000
 1.242500 0.000000 0.000000
 1.245000 0.000000 0.000000
 1.247500 0.000000 0.000000
 1.250000 0.000000 0.000000
 1.252500 0.000000 0.000000
 1.255000 0.000000 0.000000
 1.257500 0.000000 0.000000
 1.260000 0.000000 0.000000
 1.262500 0.000000 0.000000
 1.265000 0.000000 0.000000
 1.267500 0.000000 0.000000
 1.270000 0.000000 0.000000
 1.272500 0.000000 0.000000
 1.275000 0.000000 0.000000
 1.277500 0.000000 0.000000
 1.280000 0.000000 0.000000
 1.282500 0.000000 0.000000
 1.285000 0.000000 0.000000
 1.287500 0.000000 0.000000
 1.290000 0.000000 0.000000
 1.292500 0.000000 0.000000
 1.295000 0.000000 0.000000
 1.297500 0.000000 0.000000
 1.300000 0.000000 0.000000
 1.302500 0.000000 0.000000
 1.305000 0.000000 0.000000
 1.307500 0.000000 0.000000
 1.310000 0.000000 0.000000
 1.312500 0.000000 0.000000
 1.315000 0.000000 0.000000
 1.317500 0.000000 0.000000
 1.320000 0.000000 0.000000
 1.322500 0.000000 0.000000
 1.325000 0.000000 0.000000
 1.327500 0.000000 0.000000
 1.330000 0.000000 0.000000
 1.332500 0.000000 0.000000
 1.335000 0.000000 0.000000
 1.337500 0.000000 0.000000
 1.340000 0.000000 0.000000
 1.342500 0.000000 0.000000
 1.345000 0.000000 0.000000
 1.347500 0.000000 0.000000
 1.350000 0.000000 0.000000
 1.352500 0.000000 0.000000
 1.355000 0.000000 0.000000
 1.357500 0.000000 0.000000
 1.360000 0.000000 0.000000
 1.362500 0.000000 0.000000
 1.365000 0.000000 0.000000
 1.367500 0.000000 0.000000
 1.370000 0.000000 0.000000
 1.372500 0.000000 0.000000
 1.375000 0.000000 0.000000
 1.377500 0.000000 0.000000
 1.380000 0.000000 0.000000
 1.382500 0.000000 0.000000
 1.385000 0.000000 0.000000
 1.387500 0.000000 0.000000
 1.390000 0.000000 0.000000
 1.392500 0.000000 0.000000
 1.395000 0.000000 0.000000
 1.397500 0.000000 0.000000
 1.400000 0.000000 0.000000
 1.402500 0.000000 0.000000
 1.405000 0.000000 0.000000
 1.407500 0.000000 0.000000
 1.410000 0.000000 0.000000
 1.412500 0.000000 0.000000
 1.415000 0.000000 0.000000
 1.417500 0.000000 0.000000
 1.420000 0.000000 0.000000
 1.422500 0.000000 0.000000
 1.425000 0.000000 0.000000
 1.427500 0.000000 0.000000
 1.430000 0.000000 0.000000
 1.432500 0.000000 0.000000
 1.435000 0.000000 0.000000
 1.437500 0.000000 0.000000
 1.440000 0.000000 0.000000
 1.442500 0.000000 0.000000
 1.445000 0.000000 0.000000
 1.447500 0.000000 0.000000
 1.450000 0.000000 0.000000
 1.452500 0.000000 0.000000
 1.455000 0.000000 0.000000
 1.457500 0.000000 0.000000
 1.460000 0.000000 0.000000
 1.462500 0.000000 0.000000
 1.465000 0.000000 0.000000
 1.467500 0.000000 0.000000
 1.470000 0.000000 0.000000
 1.472500 0.000000 0.000000
 1.475000 0.000000 0.000000
 1.477500 0.000000 0.000000
 1.480000 0.000000 0.000000
 1.482500 0.000000 0.000000
 1.485000 0.000000 0.000000
 1.487500 0.000000 0.000000
 1.490000 0.000000 0.000000
 1.492500 0.000000 0.000000
 1.495000 0.000000 0.000000
 1.497500 0.000000 0.000000
 1.500000 0.000000 0.000000
 1.502500 0.000000 0.000000
 1.505000 0.000000 0.000000
 1.507500 0.000000 0.000000
 1.510000 0.000000 0.000000
 1.512500 0.000000 0.000000
 1.515000 0.000000 0.000000
 1.517500 0.000000 0.000000
 1.520000 0.000000 0.000000
 1.522500 0.000000 0.000000
 1.525000 0.000000 0.000000
 1.527500 0.000000 0.000000
 1.530000 0.000000 0.000000
 1.532500 0.000000 0.000000
 1.535000 0.000000 0.000000
 1.537500 0.000000 0.000000
 1.540000 0.000000 0.000000
 1.542500 0.000000 0.000000
 1.545000 0.000000 0.000000
 1.547500 0.000000 0.000000
 1.550000 0.000000 0.000000
 1.552500 0.000000 0.000000
 1.555000 0.000000 0.000000
 1.557500 0.000000 0.000000
 1.560000 0.000000 0.000000
 1.562500 0.000000 0.000000
 1.565000 0.000000 0.000000
 1.567500 0.000000 0.000000
 1.570000 0.000000 0.000000
 1.572500 0.000000 0.000000
 1.575000 0.000000 0.000000
 1.577500 0.000000 0.000000
 1.580000 0.000000 0.000000
 1.582500 0.000000 0.000000
 1.585000 0.000000 0.000000
 1.587500 0.000000 0.000000
 1.590000 0.000000 0.000000
 1.592500 0.000000 0.000000
 1.595000 0.000000 0.000000
 1.597500 0.000000 0.000000
 1.600000 0.000000 0.000000
 1.602500 0.000000 0.000000
 1.605000 0.000000 0.000000
 1.607500 0.000000 0.000000
 1.610000 0.000000 0.000000
 1.612500 0.000000 0.000000
 1.615000 0.000000 0.000000
 1.617500 0.000000 0.000000
 1.620000 0.000000 0.000000
 1.622500 0.000000 0.000000
 1.625000 0.000000 0.000000
 1.627500 0.000000 0.000000
 1.630000 0.000000 0.000000
 1.632500 0.000000 0.000000
 1.635000 0.000000 0.000000
 1.637500 0.000000 0.000000
 1.640000 0.000000 0.000000
 1.642500 0.000000 0.000000
 1.645000 0.000000 0.000000
 1.647500 0.000000 0.000000
 1.650000 0.000000 0.000000
 1.652500 0.000000 0.000000
 1.655000 0.000000 0.000000
 1.657500 0.000000 0.000000
 1.660000 0.000000 0.000000
 1.662500 0.000000 0.000000
 1.665000 0.000000 0.000000
 1.667500 0.000000 0.000000
 1.670000 0.000000 0.000000
 1.672500 0.000000 0.000000
 1.675000 0.000000 0.000000
 1.677500 0.000000 0.000000
 1.680000 0.000000 0.000000
 1.682500 0.000000 0.000000
 1.685000 0.000000 0.000000
 1.687500 0.000000 0.000000
 1.690000 0.000000 0.000000
 1.692500 0.000000 0.000000
 1.695000 0.000000 0.000000
 1.697500 0.000000 0.000000
 1.700000 0.000000 0.000000
 1.702500 0.000000 0.000000
 1.705000 0.000000 0.000000
 1.707500 0.000000 0.000000
 1.710000 0.000000 0.000000
 1.712500 0.000000 0.000000
 1.715000 0.000000 0.000000
 1.717500 0.000000 0.000000
 1.720000 0.000000 0.000000
 1.722500 0.000000 0.000000
 1.725000 0.000000 0.000000
 1.727500 0.000000 0.000000
 1.730000 0.000000 0.000000
 1.732500 0.000000 0.000000
 1.735000 0.000000 0.000000
 1.737500 0.000000 0.000000
 1.740000 0.000000 0.000000
 1.742500 0.000000 0.000000
 1.745000 0.000000 0.000000
 1.747500 0.000000 0.000000
 1.750000 0.000000 0.000000
 1.752500 0.000000 0.000000
 1.755000 0.000000 0.000000
 1.757500 0.000000 0.000000
 1.760000 0.000000 0.000000
 1.762500 0.000000 0.000000
 1.765000 0.000000 0.000000
 1.767500 0.000000 0.000000
 1.770000 0.000000 0.000000
 1.772500 0.000000 0.000000
 1.775000 0.000000 0.000000
 1.777500 0.000000 0.000000
 1.780000 0.000000 0.000000
 1.782500 0.000000 0.000000
 1.785000 0.000000 0.000000
 1.787500 0.000000 0.000000
 1.790000 0.000000 0.000000
 1.792500 0.000000 0.000000
 1.795000 0.000000 0.000000
 1.797500 0.000000 0.000000
 1.800000 0.000000 0.000000
 1.802500 0.000000 0.000000
 1.805000 0.000000 0.000000
 1.807500 0.000000 0.000000
 1.810000 0.000000 0.000000
 1.812500 0.000000 0.000000
 1.815000 0.000000 0.000000
 1.817500 0.000000 0.000000
 1.820000 0.000000 0.000000
 1.822500 0.000000 0.000000
 1.825000 0.000000 0.000000
 1.827500 0.000000 0.000000
 1.830000 0.000000 0.000000
 1.832500 0.000000 0.000000
 1.835000 0.000000 0.000000
 1.837500 0.000000 0.000000
 1.840000 0.000000 0.000000
 1.842500 0.000000 0.000000
 1.845000 0.000000 0.000000
 1.847500 0.000000 0.000000
 1.850000 0.000000 0.000000
 1.852500 0.000000 0.000000
 1.855000 0.000000 0.000000
 1.857500 0.000000 0.000000
 1.860000 0.000000 0.000000
 1.862500 0.000000 0.000000
 1.865000 0.000000 0.000000
 1.867500 0.000000 0.000000
 1.870000 0.000000 0.000000
 1.872500 0.000000 0.000000
 1.875000 0.000000 0.000000
 1.877500 0.000000 0.000000
 1.880000 0.000000 0.000000
 1.882500 0.000000 0.000000
 1.885000 0.000000 0.000000
 1.887500 0.000000 0.000000
 1.890000 0.000000 0.000000
 1.892500 0.000000 0.000000
 1.895000 0.000000 0.000000
 1.897500 0.000000 0.000000
 1.900000 0.000000 0.000000
 1.902500 0.000000 0.000000
 1.905000 0.000000 0.000000
 1.907500 0.000000 0.000000
 1.910000 0.000000 0.000000
 1.912500 0.000000 0.000000
 1.915000 0.000000 0.000000
 1.917500 0.000000 0.000000
 1.920000 0.000000 0.000000
 1.922500 0.000000 0.000000
 1.925000 0.000000 0.000000
 1.927500 0.000000 0.000000
 1.930000 0.000000 0.000000
 1.932500 0.000000 0.000000
 1.935000 0.000000 0.000000
 1.937500 0.000000 0.000000
 1.940000 0.000000 0.000000
 1.942500 0.000000 0.000000
 1.945000 0.000000 0.000000
 1.947500 0.000000 0.000000
 1.950000 0.000000 0.000000
 1.952500 0.000000 0.000000
 1.955000 0.000000 0.000000
 1.957500 0.000000 0.000000
 1.960000 0.000000 0.000000
 1.962500 0.000000 0.000000
 1.965000 0.000000 0.000000
 1.967500 0.000000 0.000000
 1.970000 0.000000 0.000000
 1.972500 0.000000 0.000000
 1.975000 0.000000 0.000000
 1.977500 0.000000 0.000000
 1.980000 0.000000 0.000000
 1.982500 0.000000 0.000000
 1.985000 0.000000 0.000000
 1.987500 0.000000 0.000000
 1.990000 0.000000 0.000000
 1.992500 0.000000 0.000000
 1.995000 0.000000 0.000000
 1.997500 0.000000 0.000000
 2.000000 0.000000 0.000000
