#! FIELDS es hh dhh_es
#! SET normalisation  2000.000000
#! SET min_es -0.5
#! SET max_es 2
#! SET nbins_es  1000
#! SET periodic_es false
 -0.500000 0.000000 0.000000
 -0.497500 0.000000 0.000000
 -0.495000 0.000000 0.000000
 -0.492500 0.000000 0.000000
 -0.490000 0.000000 0.000000
 -0.487500 0.000000 0.000000
 -0.485000 0.000000 0.000000
 -0.482500 0.000000 0.000000
 -0.480000 0.000000 0.000000
 -0.477500 0.000000 0.000000
 -0.475000 0.000000 0.000000
 -0.472500 0.000000 0.000000
 -0.470000 0.000000 0.000000
 -0.467500 0.000000 0.000000
 -0.465000 0.000000 0.000000
 -0.462500 0.000000 0.000000
 -0.460000 0.000000 0.000000
 -0.457500 0.000000 0.000000
 -0.455000 0.000000 0.000000
 -0.452500 0.000000 0.000000
 -0.450000 0.000000 0.000000
 -0.447500 0.000000 0.000000
 -0.445000 0.000000 0.000000
 -0.442500 0.000000 0.000000
 -0.440000 0.000000 0.000000
 -0.437500 0.000000 0.000000
 -0.435000 0.000000 0.000000
 -0.432500 0.000000 0.000000
 -0.430000 0.000000 0.000000
 -0.427500 0.000000 0.000000
 -0.425000 0.000000 0.000000
 -0.422500 0.000000 0.000000
 -0.420000 0.000000 0.000000
 -0.417500 0.000000 0.000000
 -0.415000 0.000000 0.000000
 -0.412500 0.000000 0.000000
 -0.410000 0.000000 0.000000
 -0.407500 0.000000 0.000000
 -0.405000 0.000000 0.000000
 -0.402500 0.000000 0.000000
 -0.400000 0.000000 0.000000
 -0.397500 0.000000 0.000000
 -0.395000 0.000000 0.000000
 -0.392500 0.000000 0.000000
 -0.390000 0.000000 0.000000
 -0.387500 0.000000 0.000000
 -0.385000 0.000000 0.000000
 -0.382500 0.000000 0.000000
 -0.380000 0.000000 0.000000
 -0.377500 0.000000 0.000000
 -0.375000 0.000000 0.000000
 -0.372500 0.000000 0.000000
 -0.370000 0.000000 0.000000
 -0.367500 0.000000 0.000000
 -0.365000 0.000000 0.000000
 -0.362500 0.000000 0.000000
 -0.360000 0.000000 0.000000
 -0.357500 0.000000 0.000000
 -0.355000 0.000000 0.000000
 -0.352500 0.000000 0.000000
 -0.350000 0.000000 0.000000
 -0.347500 0.000000 0.000000
 -0.345000 0.000000 0.000000
 -0.342500 0.000000 0.000000
 -0.340000 0.000000 0.000000
 -0.337500 0.000000 0.000000
 -0.335000 0.000000 0.000000
 -0.332500 0.000000 0.000000
 -0.330000 0.000000 0.000000
 -0.327500 0.000000 0.000000
 -0.325000 0.000000 0.000000
 -0.322500 0.000000 0.000000
 -0.320000 0.000000 0.000000
 -0.317500 0.000000 0.000000
 -0.315000 0.000000 0.000000
 -0.312500 0.000000 0.000000
 -0.310000 0.000000 0.000000
 -0.307500 0.000000 0.000000
 -0.305000 0.000000 0.000000
 -0.302500 0.000000 0.000000
 -0.300000 0.000000 0.000000
 -0.297500 0.000000 0.000000
 -0.295000 0.000000 0.000000
 -0.292500 0.000000 0.000000
 -0.290000 0.000000 0.000000
 -0.287500 0.000000 0.000000
 -0.285000 0.000000 0.000000
 -0.282500 0.000000 0.000000
 -0.280000 0.000000 0.000000
 -0.277500 0.000000 0.000000
 -0.275000 0.000000 0.000000
 -0.272500 0.000000 0.000000
 -0.270000 0.000000 0.000000
 -0.267500 0.000000 0.000000
 -0.265000 0.000000 0.000000
 -0.262500 0.000000 0.000000
 -0.260000 0.000000 0.000000
 -0.257500 0.000000 0.000000
 -0.255000 0.000000 0.000000
 -0.252500 0.000000 0.000000
 -0.250000 0.000000 0.000000
 -0.247500 0.000000 0.000000
 -0.245000 0.000000 0.000000
 -0.242500 0.000000 0.000000
 -0.240000 0.000000 0.000000
 -0.237500 0.000000 0.000000
 -0.235000 0.000000 0.000000
 -0.232500 0.000000 0.000000
 -0.230000 0.000000 0.000000
 -0.227500 0.000000 0.000000
 -0.225000 0.000000 0.000000
 -0.222500 0.000000 0.000000
 -0.220000 0.000000 0.000000
 -0.217500 0.000000 0.000000
 -0.215000 0.000000 0.000000
 -0.212500 0.000000 0.000000
 -0.210000 0.000000 0.000000
 -0.207500 0.000000 0.000000
 -0.205000 0.000000 0.000000
 -0.202500 0.000000 0.000000
 -0.200000 0.000000 0.000000
 -0.197500 0.000000 0.000000
 -0.195000 0.000000 0.000000
 -0.192500 0.000000 0.000000
 -0.190000 0.000000 0.000000
 -0.187500 0.000000 0.000000
 -0.185000 0.000000 0.000000
 -0.182500 0.000000 0.000000
 -0.180000 0.000000 0.000000
 -0.177500 0.000000 0.000000
 -0.175000 0.000000 0.000000
 -0.172500 0.000000 0.000000
 -0.170000 0.000000 0.000000
 -0.167500 0.000000 0.000000
 -0.165000 0.000000 0.000000
 -0.162500 0.000000 0.000000
 -0.160000 0.000000 0.000000
 -0.157500 0.000000 0.000000
 -0.155000 0.000000 0.000000
 -0.152500 0.000000 0.000000
 -0.150000 0.000000 0.000000
 -0.147500 0.000000 0.000000
 -0.145000 0.000000 0.000000
 -0.142500 0.000000 0.000000
 -0.140000 0.000000 0.000000
 -0.137500 0.000000 0.000000
 -0.135000 0.000000 0.000000
 -0.132500 0.000000 0.000000
 -0.130000 0.000000 0.000000
 -0.127500 0.000000 0.000000
 -0.125000 0.000000 0.000000
 -0.122500 0.000000 0.000000
 -0.120000 0.000000 0.000000
 -0.117500 0.000000 0.000000
 -0.115000 0.000000 0.000000
 -0.112500 0.000000 0.000000
 -0.110000 0.000000 0.000000
 -0.107500 0.000000 0.000000
 -0.105000 0.000000 0.000000
 -0.102500 0.000000 0.000000
 -0.100000 0.000000 0.000000
 -0.097500 0.000000 0.000000
 -0.095000 0.000000 0.000000
 -0.092500 0.000000 0.000000
 -0.090000 0.000000 0.000000
 -0.087500 0.000000 0.000000
 -0.085000 0.000000 0.000000
 -0.082500 0.000000 0.000000
 -0.080000 0.000000 0.000000
 -0.077500 0.000000 0.000000
 -0.075000 0.000000 0.000000
 -0.072500 0.000000 0.000000
 -0.070000 0.000000 0.000000
 -0.067500 0.000000 0.000000
 -0.065000 0.000000 0.000000
 -0.062500 0.000000 0.000000
 -0.060000 0.000000 0.000000
 -0.057500 0.000000 0.000000
 -0.055000 0.000000 0.000000
 -0.052500 0.000000 0.000000
 -0.050000 0.000000 0.000000
 -0.047500 0.000000 0.000000
 -0.045000 0.000000 0.000000
 -0.042500 0.000000 0.000000
 -0.040000 0.000000 0.000000
 -0.037500 0.000000 0.000000
 -0.035000 0.000000 0.000000
 -0.032500 0.000000 0.000052
 -0.030000 0.000019 0.007485
 -0.027500 0.000128 0.048600
 -0.025000 0.000457 0.165937
 -0.022500 0.001278 0.442089
 -0.020000 0.003152 1.028740
 -0.017500 0.007158 2.190720
 -0.015000 0.015200 4.335283
 -0.012500 0.030436 8.045613
 -0.010000 0.057647 14.043124
 -0.007500 0.103530 23.104364
 -0.005000 0.176604 35.875672
 -0.002500 0.286570 52.620186
 0.000000 0.443087 72.982749
 0.002500 0.653899 95.799543
 0.005000 0.922879 119.142013
 0.007500 1.248341 140.557530
 0.010000 1.622290 157.532550
 0.012500 2.030899 168.011964
 0.015000 2.456282 170.852291
 0.017500 2.879081 166.031686
 0.020000 3.281213 154.565283
 0.022500 3.648144 138.198195
 0.025000 3.970138 118.957142
 0.027500 4.242469 98.756132
 0.030000 4.464721 79.109572
 0.032500 4.639662 61.040102
 0.035000 4.772040 45.118542
 0.037500 4.867557 31.567522
 0.040000 4.932176 20.388787
 0.042500 4.971681 11.451403
 0.045000 4.991433 4.546018
 0.047500 4.996154 -0.588292
 0.050000 4.989857 -4.251154
 0.052500 4.975793 -6.786279
 0.055000 4.956396 -8.517361
 0.057500 4.933332 -9.729526
 0.060000 4.907610 -10.643588
 0.062500 4.879773 -11.426228
 0.065000 4.850001 -12.176142
 0.067500 4.818329 -12.951017
 0.070000 4.784648 -13.756214
 0.072500 4.748947 -14.553349
 0.075000 4.711318 -15.290088
 0.077500 4.671992 -15.873461
 0.080000 4.631458 -16.261012
 0.082500 4.590230 -16.433491
 0.085000 4.548798 -16.439657
 0.087500 4.507454 -16.380517
 0.090000 4.466205 -16.384548
 0.092500 4.424771 -16.549968
 0.095000 4.382666 -16.910127
 0.097500 4.339467 -17.421424
 0.100000 4.294915 -17.962637
 0.102500 4.249126 -18.396001
 0.105000 4.202510 -18.606495
 0.107500 4.155714 -18.544692
 0.110000 4.109395 -18.230857
 0.112500 4.064117 -17.727879
 0.115000 4.020233 -17.122288
 0.117500 3.977918 -16.485139
 0.120000 3.937203 -15.858902
 0.122500 3.898023 -15.261218
 0.125000 3.860284 -14.713085
 0.127500 3.823809 -14.248270
 0.130000 3.788353 -13.917955
 0.132500 3.753503 -13.767479
 0.135000 3.718759 -13.833719
 0.137500 3.683581 -14.114615
 0.140000 3.647472 -14.575229
 0.142500 3.610066 -15.146184
 0.145000 3.571178 -15.741777
 0.147500 3.530858 -16.300103
 0.150000 3.489242 -16.757281
 0.152500 3.446643 -17.096285
 0.155000 3.403372 -17.291639
 0.157500 3.359798 -17.331097
 0.160000 3.316338 -17.204983
 0.162500 3.273419 -16.902083
 0.165000 3.231474 -16.430555
 0.167500 3.190890 -15.827366
 0.170000 3.151908 -15.147654
 0.172500 3.114641 -14.480152
 0.175000 3.078952 -13.895134
 0.177500 3.044554 -13.463765
 0.180000 3.010997 -13.218710
 0.182500 2.977794 -13.187169
 0.185000 2.944414 -13.355970
 0.187500 2.910385 -13.711773
 0.190000 2.875289 -14.197099
 0.192500 2.838870 -14.764897
 0.195000 2.800997 -15.348271
 0.197500 2.761710 -15.886616
 0.200000 2.721181 -16.340713
 0.202500 2.679646 -16.690714
 0.205000 2.637367 -16.950662
 0.207500 2.594517 -17.146700
 0.210000 2.551216 -17.322914
 0.212500 2.507463 -17.515950
 0.215000 2.463173 -17.747619
 0.217500 2.418234 -18.039094
 0.220000 2.372495 -18.394571
 0.222500 2.325787 -18.810210
 0.225000 2.277966 -19.286582
 0.227500 2.228886 -19.819617
 0.230000 2.178411 -20.400260
 0.232500 2.126435 -21.018147
 0.235000 2.072894 -21.650490
 0.237500 2.017782 -22.271993
 0.240000 1.961167 -22.845729
 0.242500 1.903232 -23.326350
 0.245000 1.844270 -23.659461
 0.247500 1.784722 -23.788827
 0.250000 1.725151 -23.672168
 0.252500 1.666197 -23.295923
 0.255000 1.608493 -22.684383
 0.257500 1.552554 -21.899462
 0.260000 1.498708 -21.030428
 0.262500 1.447042 -20.166574
 0.265000 1.397459 -19.383489
 0.267500 1.349697 -18.705345
 0.270000 1.303504 -18.129117
 0.272500 1.258673 -17.612727
 0.275000 1.215124 -17.098290
 0.277500 1.172912 -16.538573
 0.280000 1.132193 -15.904125
 0.282500 1.093159 -15.197208
 0.285000 1.055963 -14.444543
 0.287500 1.020671 -13.682116
 0.290000 0.987258 -12.954388
 0.292500 0.955598 -12.288378
 0.295000 0.925511 -11.698755
 0.297500 0.896812 -11.183686
 0.300000 0.869321 -10.732061
 0.302500 0.842897 -10.331140
 0.305000 0.817421 -9.969934
 0.307500 0.792809 -9.643543
 0.310000 0.768986 -9.346107
 0.312500 0.745879 -9.063923
 0.315000 0.723468 -8.793164
 0.317500 0.701739 -8.524604
 0.320000 0.680684 -8.249561
 0.322500 0.660331 -7.970716
 0.325000 0.640680 -7.690761
 0.327500 0.621724 -7.417375
 0.330000 0.603432 -7.163976
 0.332500 0.585740 -6.937035
 0.335000 0.568577 -6.742884
 0.337500 0.551866 -6.576709
 0.340000 0.535554 -6.425192
 0.342500 0.519623 -6.269851
 0.345000 0.504099 -6.098123
 0.347500 0.489028 -5.905724
 0.350000 0.474462 -5.702132
 0.352500 0.460407 -5.498461
 0.355000 0.446848 -5.312695
 0.357500 0.433725 -5.147394
 0.360000 0.420992 -4.998109
 0.362500 0.408630 -4.854131
 0.365000 0.396639 -4.699491
 0.367500 0.385053 -4.529358
 0.370000 0.373907 -4.350173
 0.372500 0.363208 -4.178314
 0.375000 0.352916 -4.026229
 0.377500 0.342964 -3.907643
 0.380000 0.333265 -3.825027
 0.382500 0.323737 -3.770697
 0.385000 0.314320 -3.735291
 0.387500 0.304984 -3.705856
 0.390000 0.295728 -3.671584
 0.392500 0.286574 -3.621888
 0.395000 0.277568 -3.550595
 0.397500 0.268773 -3.455106
 0.400000 0.260250 -3.333990
 0.402500 0.252055 -3.195763
 0.405000 0.244216 -3.051963
 0.407500 0.236726 -2.920239
 0.410000 0.229539 -2.814050
 0.412500 0.222575 -2.741014
 0.415000 0.215752 -2.702131
 0.417500 0.208992 -2.688003
 0.420000 0.202251 -2.684324
 0.422500 0.195522 -2.676976
 0.425000 0.188833 -2.654527
 0.427500 0.182226 -2.608963
 0.430000 0.175760 -2.540215
 0.432500 0.169492 -2.454917
 0.435000 0.163453 -2.358425
 0.437500 0.157662 -2.259360
 0.440000 0.152115 -2.164465
 0.442500 0.146793 -2.079815
 0.445000 0.141668 -2.009469
 0.447500 0.136699 -1.953769
 0.450000 0.131854 -1.911050
 0.452500 0.127103 -1.875301
 0.455000 0.122441 -1.839279
 0.457500 0.117881 -1.794228
 0.460000 0.113455 -1.729902
 0.462500 0.109218 -1.644812
 0.465000 0.105219 -1.540394
 0.467500 0.101496 -1.426035
 0.470000 0.098058 -1.316246
 0.472500 0.094875 -1.224917
 0.475000 0.091888 -1.160358
 0.477500 0.089025 -1.123734
 0.480000 0.086227 -1.108097
 0.482500 0.083459 -1.097800
 0.485000 0.080726 -1.077484
 0.487500 0.078067 -1.037183
 0.490000 0.075536 -0.975949
 0.492500 0.073176 -0.903175
 0.495000 0.070999 -0.833937
 0.497500 0.068975 -0.782549
 0.500000 0.067046 -0.758370
 0.502500 0.065143 -0.761947
 0.505000 0.063204 -0.785236
 0.507500 0.061196 -0.815698
 0.510000 0.059116 -0.841319
 0.512500 0.056986 -0.854686
 0.515000 0.054840 -0.853767
 0.517500 0.052712 -0.841053
 0.520000 0.050628 -0.820687
 0.522500 0.048598 -0.796901
 0.525000 0.046631 -0.772902
 0.527500 0.044722 -0.748590
 0.530000 0.042875 -0.724873
 0.532500 0.041090 -0.698854
 0.535000 0.039376 -0.667838
 0.537500 0.037747 -0.629582
 0.540000 0.036222 -0.584243
 0.542500 0.034818 -0.533151
 0.545000 0.033546 -0.481029
 0.547500 0.032401 -0.432403
 0.550000 0.031369 -0.391846
 0.552500 0.030426 -0.361444
 0.555000 0.029545 -0.341610
 0.557500 0.028701 -0.330803
 0.560000 0.027876 -0.327223
 0.562500 0.027052 -0.329338
 0.565000 0.026217 -0.337431
 0.567500 0.025354 -0.351832
 0.570000 0.024446 -0.372625
 0.572500 0.023480 -0.398673
 0.575000 0.022445 -0.426819
 0.577500 0.021343 -0.451129
 0.580000 0.020191 -0.466422
 0.582500 0.019019 -0.467300
 0.585000 0.017865 -0.449944
 0.587500 0.016779 -0.414204
 0.590000 0.015802 -0.363507
 0.592500 0.014965 -0.302875
 0.595000 0.014286 -0.239065
 0.597500 0.013762 -0.178929
 0.600000 0.013378 -0.128028
 0.602500 0.013108 -0.089034
 0.605000 0.012919 -0.062679
 0.607500 0.012779 -0.050065
 0.610000 0.012654 -0.050312
 0.612500 0.012513 -0.063322
 0.615000 0.012324 -0.087810
 0.617500 0.012063 -0.121247
 0.620000 0.011711 -0.159201
 0.622500 0.011265 -0.195866
 0.625000 0.010735 -0.224944
 0.627500 0.010149 -0.241400
 0.630000 0.009539 -0.242724
 0.632500 0.008945 -0.229743
 0.635000 0.008398 -0.205639
 0.637500 0.007920 -0.176012
 0.640000 0.007516 -0.146497
 0.642500 0.007181 -0.121612
 0.645000 0.006900 -0.104049
 0.647500 0.006652 -0.094259
 0.650000 0.006421 -0.090801
 0.652500 0.006193 -0.091759
 0.655000 0.005958 -0.095013
 0.657500 0.005715 -0.098831
 0.660000 0.005462 -0.102191
 0.662500 0.005202 -0.105136
 0.665000 0.004936 -0.106757
 0.667500 0.004667 -0.107611
 0.670000 0.004398 -0.107114
 0.672500 0.004132 -0.104782
 0.675000 0.003875 -0.100119
 0.677500 0.003633 -0.092743
 0.680000 0.003413 -0.081913
 0.682500 0.003225 -0.067796
 0.685000 0.003075 -0.051527
 0.687500 0.002967 -0.034245
 0.690000 0.002902 -0.017839
 0.692500 0.002875 -0.004300
 0.695000 0.002877 0.005680
 0.697500 0.002899 0.011711
 0.700000 0.002931 0.014153
 0.702500 0.002966 0.013523
 0.705000 0.002996 0.010385
 0.707500 0.003015 0.004686
 0.710000 0.003017 -0.003126
 0.712500 0.002996 -0.013367
 0.715000 0.002948 -0.025774
 0.717500 0.002866 -0.039485
 0.720000 0.002749 -0.053596
 0.722500 0.002598 -0.066520
 0.725000 0.002419 -0.076537
 0.727500 0.002219 -0.081982
 0.730000 0.002013 -0.082116
 0.732500 0.001813 -0.076884
 0.735000 0.001632 -0.067401
 0.737500 0.001477 -0.055599
 0.740000 0.001353 -0.043591
 0.742500 0.001258 -0.033229
 0.745000 0.001185 -0.025357
 0.747500 0.001128 -0.020290
 0.750000 0.001081 -0.017390
 0.752500 0.001039 -0.015759
 0.755000 0.001001 -0.014713
 0.757500 0.000965 -0.013988
 0.760000 0.000930 -0.013956
 0.762500 0.000894 -0.014798
 0.765000 0.000854 -0.016832
 0.767500 0.000808 -0.019796
 0.770000 0.000755 -0.023071
 0.772500 0.000693 -0.025961
 0.775000 0.000625 -0.027874
 0.777500 0.000555 -0.028407
 0.780000 0.000485 -0.027290
 0.782500 0.000420 -0.024321
 0.785000 0.000364 -0.019621
 0.787500 0.000323 -0.013328
 0.790000 0.000298 -0.006192
 0.792500 0.000291 0.000779
 0.795000 0.000301 0.006361
 0.797500 0.000321 0.009394
 0.800000 0.000345 0.009202
 0.802500 0.000364 0.005780
 0.805000 0.000371 -0.000098
 0.807500 0.000363 -0.006977
 0.810000 0.000337 -0.013212
 0.812500 0.000298 -0.017385
 0.815000 0.000252 -0.018679
 0.817500 0.000207 -0.017038
 0.820000 0.000169 -0.013038
 0.822500 0.000143 -0.007601
 0.825000 0.000131 -0.001913
 0.827500 0.000133 0.002995
 0.830000 0.000145 0.006320
 0.832500 0.000163 0.007649
 0.835000 0.000182 0.007016
 0.837500 0.000197 0.004865
 0.840000 0.000205 0.001918
 0.842500 0.000206 -0.001014
 0.845000 0.000200 -0.003418
 0.847500 0.000190 -0.004988
 0.850000 0.000176 -0.005837
 0.852500 0.000161 -0.006219
 0.855000 0.000145 -0.006461
 0.857500 0.000128 -0.006744
 0.860000 0.000111 -0.007056
 0.862500 0.000093 -0.007244
 0.865000 0.000075 -0.007130
 0.867500 0.000058 -0.006620
 0.870000 0.000042 -0.005745
 0.872500 0.000029 -0.004640
 0.875000 0.000019 -0.003484
 0.877500 0.000012 -0.002417
 0.880000 0.000007 -0.001557
 0.882500 0.000004 -0.000946
 0.885000 0.000002 -0.000535
 0.887500 0.000001 -0.000282
 0.890000 0.000000 -0.000139
 0.892500 0.000000 -0.000064
 0.895000 0.000000 0.000000
 0.897500 0.000000 0.000000
 0.900000 0.000000 0.000000
 0.902500 0.000000 0.000000
 0.905000 0.000000 0.000000
 0.907500 0.000000 0.000000
 0.910000 0.000000 0.000000
 0.912500 0.000000 0.000000
 0.915000 0.000000 0.000000
 0.917500 0.000000 0.000000
 0.920000 0.000000 0.000000
 0.922500 0.000000 0.000000
 0.925000 0.000000 0.000000
 0.927500 0.000000 0.000000
 0.930000 0.000000 0.000000
 0.932500 0.000000 0.000000
 0.935000 0.000000 0.000000
 0.937500 0.000000 0.000000
 0.940000 0.000000 0.000000
 0.942500 0.000000 0.000000
 0.945000 0.000000 0.000000
 0.947500 0.000000 0.000000
 0.950000 0.000000 0.000000
 0.952500 0.000000 0.000000
 0.955000 0.000000 0.000000
 0.957500 0.000000 0.000000
 0.960000 0.000000 0.000000
 0.962500 0.000000 0.000000
 0.965000 0.000000 0.000000
 0.967500 0.000000 0.000000
 0.970000 0.000000 0.000000
 0.972500 0.000000 0.000000
 0.975000 0.000000 0.000000
 0.977500 0.000000 0.000000
 0.980000 0.000000 0.000000
 0.982500 0.000000 0.000000
 0.985000 0.000000 0.000000
 0.987500 0.000000 0.000000
 0.990000 0.000000 0.000000
 0.992500 0.000000 0.000000
 0.995000 0.000000 0.000000
 0.997500 0.000000 0.000000
 1.000000 0.000000 0.000000
 1.002500 0.000000 0.000000
 1.005000 0.000000 0.000000
 1.007500 0.000000 0.000000
 1.010000 0.000000 0.000000
 1.012500 0.000000 0.000000
 1.015000 0.000000 0.000000
 1.017500 0.000000 0.000000
 1.020000 0.000000 0.000000
 1.022500 0.000000 0.000000
 1.025000 0.000000 0.000000
 1.027500 0.000000 0.000000
 1.030000 0.000000 0.000000
 1.032500 0.000000 0.000000
 1.035000 0.000000 0.000000
 1.037500 0.000000 0.000000
 1.040000 0.000000 0.000000
 1.042500 0.000000 0.000000
 1.045000 0.000000 0.000000
 1.047500 0.000000 0.000000
 1.050000 0.000000 0.000000
 1.052500 0.000000 0.000000
 1.055000 0.000000 0.000000
 1.057500 0.000000 0.000000
 1.060000 0.000000 0.000000
 1.062500 0.000000 0.000000
 1.065000 0.000000 0.000000
 1.067500 0.000000 0.000000
 1.070000 0.000000 0.000000
 1.072500 0.000000 0.000000
 1.075000 0.000000 0.000000
 1.077500 0.000000 0.000000
 1.080000 0.000000 0.000000
 1.082500 0.000000 0.000000
 1.085000 0.000000 0.000000
 1.087500 0.000000 0.000000
 1.090000 0.000000 0.000000
 1.092500 0.000000 0.000000
 1.095000 0.000000 0.000000
 1.097500 0.000000 0.000000
 1.100000 0.000000 0.000000
 1.102500 0.000000 0.000000
 1.105000 0.000000 0.000000
 1.107500 0.000000 0.000000
 1.110000 0.000000 0.000000
 1.112500 0.000000 0.000000
 1.115000 0.000000 0.000000
 1.117500 0.000000 0.000000
 1.120000 0.000000 0.000000
 1.122500 0.000000 0.000000
 1.125000 0.000000 0.000000
 1.127500 0.000000 0.000000
 1.130000 0.000000 0.000000
 1.132500 0.000000 0.000000
 1.135000 0.000000 0.000000
 1.137500 0.000000 0.000000
 1.140000 0.000000 0.000000
 1.142500 0.000000 0.000000
 1.145000 0.000000 0.000000
 1.147500 0.000000 0.000000
 1.150000 0.000000 0.000000
 1.152500 0.000000 0.000000
 1.155000 0.000000 0.000000
 1.157500 0.000000 0.000000
 1.160000 0.000000 0.000000
 1.162500 0.000000 0.000000
 1.165000 0.000000 0.000000
 1.167500 0.000000 0.000000
 1.170000 0.000000 0.000000
 1.172500 0.000000 0.000000
 1.175000 0.000000 0.000000
 1.177500 0.000000 0.000000
 1.180000 0.000000 0.000000
 1.182500 0.000000 0.000000
 1.185000 0.000000 0.000000
 1.187500 0.000000 0.000000
 1.190000 0.000000 0.000000
 1.192500 0.000000 0.000000
 1.195000 0.000000 0.000000
 1.197500 0.000000 0.000000
 1.200000 0.000000 0.000000
 1.202500 0.000000 0.000000
 1.205000 0.000000 0.000000
 1.207500 0.000000 0.000000
 1.210000 0.000000 0.000000
 1.212500 0.000000 0.000000
 1.215000 0.000000 0.000000
 1.217500 0.000000 0.000000
 1.220000 0.000000 0.000000
 1.222500 0.000000 0.000000
 1.225000 0.000000 0.000000
 1.227500 0.000000 0.000000
 1.230000 0.000000 0.000000
 1.232500 0.000000 0.000000
 1.235000 0.000000 0.000000
 1.237500 0.000000 0.000000
 1.240000 0.000000 0.000000
 1.242500 0.000000 0.000000
 1.245000 0.000000 0.000000
 1.247500 0.000000 0.000000
 1.250000 0.000000 0.000000
 1.252500 0.000000 0.000000
 1.255000 0.000000 0.000000
 1.257500 0.000000 0.000000
 1.260000 0.000000 0.000000
 1.262500 0.000000 0.000000
 1.265000 0.000000 0.000000
 1.267500 0.000000 0.000000
 1.270000 0.000000 0.000000
 1.272500 0.000000 0.000000
 1.275000 0.000000 0.000000
 1.277500 0.000000 0.000000
 1.280000 0.000000 0.000000
 1.282500 0.000000 0.000000
 1.285000 0.000000 0.000000
 1.287500 0.000000 0.000000
 1.290000 0.000000 0.000000
 1.292500 0.000000 0.000000
 1.295000 0.000000 0.000000
 1.297500 0.000000 0.000000
 1.300000 0.000000 0.000000
 1.302500 0.000000 0.000000
 1.305000 0.000000 0.000000
 1.307500 0.000000 0.000000
 1.310000 0.000000 0.000000
 1.312500 0.000000 0.000000
 1.315000 0.000000 0.000000
 1.317500 0.000000 0.000000
 1.320000 0.000000 0.000000
 1.322500 0.000000 0.000000
 1.325000 0.000000 0.000000
 1.327500 0.000000 0.000000
 1.330000 0.000000 0.000000
 1.332500 0.000000 0.000000
 1.335000 0.000000 0.000000
 1.337500 0.000000 0.000000
 1.340000 0.000000 0.000000
 1.342500 0.000000 0.000000
 1.345000 0.000000 0.000000
 1.347500 0.000000 0.000000
 1.350000 0.000000 0.000000
 1.352500 0.000000 0.000000
 1.355000 0.000000 0.000000
 1.357500 0.000000 0.000000
 1.360000 0.000000 0.000000
 1.362500 0.000000 0.000000
 1.365000 0.000000 0.000000
 1.367500 0.000000 0.000000
 1.370000 0.000000 0.000000
 1.372500 0.000000 0.000000
 1.375000 0.000000 0.000000
 1.377500 0.000000 0.000000
 1.380000 0.000000 0.000000
 1.382500 0.000000 0.000000
 1.385000 0.000000 0.000000
 1.387500 0.000000 0.000000
 1.390000 0.000000 0.000000
 1.392500 0.000000 0.000000
 1.395000 0.000000 0.000000
 1.397500 0.000000 0.000000
 1.400000 0.000000 0.000000
 1.402500 0.000000 0.000000
 1.405000 0.000000 0.000000
 1.407500 0.000000 0.000000
 1.410000 0.000000 0.000000
 1.412500 0.000000 0.000000
 1.415000 0.000000 0.000000
 1.417500 0.000000 0.000000
 1.420000 0.000000 0.000000
 1.422500 0.000000 0.000000
 1.425000 0.000000 0.000000
 1.427500 0.000000 0.000000
 1.430000 0.000000 0.000000
 1.432500 0.000000 0.000000
 1.435000 0.000000 0.000000
 1.437500 0.000000 0.000000
 1.440000 0.000000 0.000000
 1.442500 0.000000 0.000000
 1.445000 0.000000 0.000000
 1.447500 0.000000 0.000000
 1.450000 0.000000 0.000000
 1.452500 0.000000 0.000000
 1.455000 0.000000 0.000000
 1.457500 0.000000 0.000000
 1.460000 0.000000 0.000000
 1.462500 0.000000 0.000000
 1.465000 0.000000 0.000000
 1.467500 0.000000 0.000000
 1.470000 0.000000 0.000000
 1.472500 0.000000 0.000000
 1.475000 0.000000 0.000000
 1.477500 0.000000 0.000000
 1.480000 0.000000 0.000000
 1.482500 0.000000 0.000000
 1.485000 0.000000 0.000000
 1.487500 0.000000 0.000000
 1.490000 0.000000 0.000000
 1.492500 0.000000 0.000000
 1.495000 0.000000 0.000000
 1.497500 0.000000 0.000000
 1.500000 0.000000 0.000000
 1.502500 0.000000 0.000000
 1.505000 0.000000 0.000000
 1.507500 0.000000 0.000000
 1.510000 0.000000 0.000000
 1.512500 0.000000 0.000000
 1.515000 0.000000 0.000000
 1.517500 0.000000 0.000000
 1.520000 0.000000 0.000000
 1.522500 0.000000 0.000000
 1.525000 0.000000 0.000000
 1.527500 0.000000 0.000000
 1.530000 0.000000 0.000000
 1.532500 0.000000 0.000000
 1.535000 0.000000 0.000000
 1.537500 0.000000 0.000000
 1.540000 0.000000 0.000000
 1.542500 0.000000 0.000000
 1.545000 0.000000 0.000000
 1.547500 0.000000 0.000000
 1.550000 0.000000 0.000000
 1.552500 0.000000 0.000000
 1.555000 0.000000 0.000000
 1.557500 0.000000 0.000000
 1.560000 0.000000 0.000000
 1.562500 0.000000 0.000000
 1.565000 0.000000 0.000000
 1.567500 0.000000 0.000000
 1.570000 0.000000 0.000000
 1.572500 0.000000 0.000000
 1.575000 0.000000 0.000000
 1.577500 0.000000 0.000000
 1.580000 0.000000 0.000000
 1.582500 0.000000 0.000000
 1.585000 0.000000 0.000000
 1.587500 0.000000 0.000000
 1.590000 0.000000 0.000000
 1.592500 0.000000 0.000000
 1.595000 0.000000 0.000000
 1.597500 0.000000 0.000000
 1.600000 0.000000 0.000000
 1.602500 0.000000 0.000000
 1.605000 0.000000 0.000000
 1.607500 0.000000 0.000000
 1.610000 0.000000 0.000000
 1.612500 0.000000 0.000000
 1.615000 0.000000 0.000000
 1.617500 0.000000 0.000000
 1.620000 0.000000 0.000000
 1.622500 0.000000 0.000000
 1.625000 0.000000 0.000000
 1.627500 0.000000 0.000000
 1.630000 0.000000 0.000000
 1.632500 0.000000 0.000000
 1.635000 0.000000 0.000000
 1.637500 0.000000 0.000000
 1.640000 0.000000 0.000000
 1.642500 0.000000 0.000000
 1.645000 0.000000 0.000000
 1.647500 0.000000 0.000000
 1.650000 0.000000 0.000000
 1.652500 0.000000 0.000000
 1.655000 0.000000 0.000000
 1.657500 0.000000 0.000000
 1.660000 0.000000 0.000000
 1.662500 0.000000 0.000000
 1.665000 0.000000 0.000000
 1.667500 0.000000 0.000000
 1.670000 0.000000 0.000000
 1.672500 0.000000 0.000000
 1.675000 0.000000 0.000000
 1.677500 0.000000 0.000000
 1.680000 0.000000 0.000000
 1.682500 0.000000 0.000000
 1.685000 0.000000 0.000000
 1.687500 0.000000 0.000000
 1.690000 0.000000 0.000000
 1.692500 0.000000 0.000000
 1.695000 0.000000 0.000000
 1.697500 0.000000 0.000000
 1.700000 0.000000 0.000000
 1.702500 0.000000 0.000000
 1.705000 0.000000 0.000000
 1.707500 0.000000 0.000000
 1.710000 0.000000 0.000000
 1.712500 0.000000 0.000000
 1.715000 0.000000 0.000000
 1.717500 0.000000 0.000000
 1.720000 0.000000 0.000000
 1.722500 0.000000 0.000000
 1.725000 0.000000 0.000000
 1.727500 0.000000 0.000000
 1.730000 0.000000 0.000000
 1.732500 0.000000 0.000000
 1.735000 0.000000 0.000000
 1.737500 0.000000 0.000000
 1.740000 0.000000 0.000000
 1.742500 0.000000 0.000000
 1.745000 0.000000 0.000000
 1.747500 0.000000 0.000000
 1.750000 0.000000 0.000000
 1.752500 0.000000 0.000000
 1.755000 0.000000 0.000000
 1.757500 0.000000 0.000000
 1.760000 0.000000 0.000000
 1.762500 0.000000 0.000000
 1.765000 0.000000 0.000000
 1.767500 0.000000 0.000000
 1.770000 0.000000 0.000000
 1.772500 0.000000 0.000000
 1.775000 0.000000 0.000000
 1.777500 0.000000 0.000000
 1.780000 0.000000 0.000000
 1.782500 0.000000 0.000000
 1.785000 0.000000 0.000000
 1.787500 0.000000 0.000000
 1.790000 0.000000 0.000000
 1.792500 0.000000 0.000000
 1.795000 0.000000 0.000000
 1.797500 0.000000 0.000000
 1.800000 0.000000 0.000000
 1.802500 0.000000 0.000000
 1.805000 0.000000 0.000000
 1.807500 0.000000 0.000000
 1.810000 0.000000 0.000000
 1.812500 0.000000 0.000000
 1.815000 0.000000 0.000000
 1.817500 0.000000 0.000000
 1.820000 0.000000 0.000000
 1.822500 0.000000 0.000000
 1.825000 0.000000 0.000000
 1.827500 0.000000 0.000000
 1.830000 0.000000 0.000000
 1.832500 0.000000 0.000000
 1.835000 0.000000 0.000000
 1.837500 0.000000 0.000000
 1.840000 0.000000 0.000000
 1.842500 0.000000 0.000000
 1.845000 0.000000 0.000000
 1.847500 0.000000 0.000000
 1.850000 0.000000 0.000000
 1.852500 0.000000 0.000000
 1.855000 0.000000 0.000000
 1.857500 0.000000 0.000000
 1.860000 0.000000 0.000000
 1.862500 0.000000 0.000000
 1.865000 0.000000 0.000000
 1.867500 0.000000 0.000000
 1.870000 0.000000 0.000000
 1.872500 0.000000 0.000000
 1.875000 0.000000 0.000000
 1.877500 0.000000 0.000000
 1.880000 0.000000 0.000000
 1.882500 0.000000 0.000000
 1.885000 0.000000 0.000000
 1.887500 0.000000 0.000000
 1.890000 0.000000 0.000000
 1.892500 0.000000 0.000000
 1.895000 0.000000 0.000000
 1.897500 0.000000 0.000000
 1.900000 0.000000 0.000000
 1.902500 0.000000 0.000000
 1.905000 0.000000 0.000000
 1.907500 0.000000 0.000000
 1.910000 0.000000 0.000000
 1.912500 0.000000 0.000000
 1.915000 0.000000 0.000000
 1.917500 0.000000 0.000000
 1.920000 0.000000 0.000000
 1.922500 0.000000 0.000000
 1.925000 0.000000 0.000000
 1.927500 0.000000 0.000000
 1.930000 0.000000 0.000000
 1.932500 0.000000 0.000000
 1.935000 0.000000 0.000000
 1.937500 0.000000 0.000000
 1.940000 0.000000 0.000000
 1.942500 0.000000 0.000000
 1.945000 0.000000 0.000000
 1.947500 0.000000 0.000000
 1.950000 0.000000 0.000000
 1.952500 0.000000 0.000000
 1.955000 0.000000 0.000000
 1.957500 0.000000 0.000000
 1.960000 0.000000 0.000000
 1.962500 0.000000 0.000000
 1.965000 0.000000 0.000000
 1.967500 0.000000 0.000000
 1.970000 0.000000 0.000000
 1.972500 0.000000 0.000000
 1.975000 0.000000 0.000000
 1.977500 0.000000 0.000000
 1.980000 0.000000 0.000000
 1.982500 0.000000 0.000000
 1.985000 0.000000 0.000000
 1.987500 0.000000 0.000000
 1.990000 0.000000 0.000000
 1.992500 0.000000 0.000000
 1.995000 0.000000 0.000000
 1.997500 0.000000 0.000000
 2.000000 0.000000 0.000000
