#! FIELDS es hh dhh_es
#! SET normalisation  2000.000000
#! SET min_es -0.5
#! SET max_es 2
#! SET nbins_es  1000
#! SET periodic_es false
 -0.500000 0.000000 0.000000
 -0.497500 0.000000 0.000000
 -0.495000 0.000000 0.000000
 -0.492500 0.000000 0.000000
 -0.490000 0.000000 0.000000
 -0.487500 0.000000 0.000000
 -0.485000 0.000000 0.000000
 -0.482500 0.000000 0.000000
 -0.480000 0.000000 0.000000
 -0.477500 0.000000 0.000000
 -0.475000 0.000000 0.000000
 -0.472500 0.000000 0.000000
 -0.470000 0.000000 0.000000
 -0.467500 0.000000 0.000000
 -0.465000 0.000000 0.000000
 -0.462500 0.000000 0.000000
 -0.460000 0.000000 0.000000
 -0.457500 0.000000 0.000000
 -0.455000 0.000000 0.000000
 -0.452500 0.000000 0.000000
 -0.450000 0.000000 0.000000
 -0.447500 0.000000 0.000000
 -0.445000 0.000000 0.000000
 -0.442500 0.000000 0.000000
 -0.440000 0.000000 0.000000
 -0.437500 0.000000 0.000000
 -0.435000 0.000000 0.000000
 -0.432500 0.000000 0.000000
 -0.430000 0.000000 0.000000
 -0.427500 0.000000 0.000000
 -0.425000 0.000000 0.000000
 -0.422500 0.000000 0.000000
 -0.420000 0.000000 0.000000
 -0.417500 0.000000 0.000000
 -0.415000 0.000000 0.000000
 -0.412500 0.000000 0.000000
 -0.410000 0.000000 0.000000
 -0.407500 0.000000 0.000000
 -0.405000 0.000000 0.000000
 -0.402500 0.000000 0.000000
 -0.400000 0.000000 0.000000
 -0.397500 0.000000 0.000000
 -0.395000 0.000000 0.000000
 -0.392500 0.000000 0.000000
 -0.390000 0.000000 0.000000
 -0.387500 0.000000 0.000000
 -0.385000 0.000000 0.000000
 -0.382500 0.000000 0.000000
 -0.380000 0.000000 0.000000
 -0.377500 0.000000 0.000000
 -0.375000 0.000000 0.000000
 -0.372500 0.000000 0.000000
 -0.370000 0.000000 0.000000
 -0.367500 0.000000 0.000000
 -0.365000 0.000000 0.000000
 -0.362500 0.000000 0.000000
 -0.360000 0.000000 0.000000
 -0.357500 0.000000 0.000000
 -0.355000 0.000000 0.000000
 -0.352500 0.000000 0.000000
 -0.350000 0.000000 0.000000
 -0.347500 0.000000 0.000000
 -0.345000 0.000000 0.000000
 -0.342500 0.000000 0.000000
 -0.340000 0.000000 0.000000
 -0.337500 0.000000 0.000000
 -0.335000 0.000000 0.000000
 -0.332500 0.000000 0.000000
 -0.330000 0.000000 0.000000
 -0.327500 0.000000 0.000000
 -0.325000 0.000000 0.000000
 -0.322500 0.000000 0.000000
 -0.320000 0.000000 0.000000
 -0.317500 0.000000 0.000000
 -0.315000 0.000000 0.000000
 -0.312500 0.000000 0.000000
 -0.310000 0.000000 0.000000
 -0.307500 0.000000 0.000000
 -0.305000 0.000000 0.000000
 -0.302500 0.000000 0.000000
 -0.300000 0.000000 0.000000
 -0.297500 0.000000 0.000000
 -0.295000 0.000000 0.000000
 -0.292500 0.000000 0.000000
 -0.290000 0.000000 0.000000
 -0.287500 0.000000 0.000000
 -0.285000 0.000000 0.000000
 -0.282500 0.000000 0.000000
 -0.280000 0.000000 0.000000
 -0.277500 0.000000 0.000000
 -0.275000 0.000000 0.000000
 -0.272500 0.000000 0.000000
 -0.270000 0.000000 0.000000
 -0.267500 0.000000 0.000000
 -0.265000 0.000000 0.000000
 -0.262500 0.000000 0.000000
 -0.260000 0.000000 0.000000
 -0.257500 0.000000 0.000000
 -0.255000 0.000000 0.000000
 -0.252500 0.000000 0.000000
 -0.250000 0.000000 0.000000
 -0.247500 0.000000 0.000000
 -0.245000 0.000000 0.000000
 -0.242500 0.000000 0.000000
 -0.240000 0.000000 0.000000
 -0.237500 0.000000 0.000000
 -0.235000 0.000000 0.000000
 -0.232500 0.000000 0.000000
 -0.230000 0.000000 0.000000
 -0.227500 0.000000 0.000000
 -0.225000 0.000000 0.000000
 -0.222500 0.000000 0.000000
 -0.220000 0.000000 0.000000
 -0.217500 0.000000 0.000000
 -0.215000 0.000000 0.000000
 -0.212500 0.000000 0.000000
 -0.210000 0.000000 0.000000
 -0.207500 0.000000 0.000000
 -0.205000 0.000000 0.000000
 -0.202500 0.000000 0.000000
 -0.200000 0.000000 0.000000
 -0.197500 0.000000 0.000000
 -0.195000 0.000000 0.000000
 -0.192500 0.000000 0.000000
 -0.190000 0.000000 0.000000
 -0.187500 0.000000 0.000000
 -0.185000 0.000000 0.000000
 -0.182500 0.000000 0.000000
 -0.180000 0.000000 0.000000
 -0.177500 0.000000 0.000000
 -0.175000 0.000000 0.000000
 -0.172500 0.000000 0.000000
 -0.170000 0.000000 0.000000
 -0.167500 0.000000 0.000000
 -0.165000 0.000000 0.000000
 -0.162500 0.000000 0.000000
 -0.160000 0.000000 0.000000
 -0.157500 0.000000 0.000000
 -0.155000 0.000000 0.000000
 -0.152500 0.000000 0.000000
 -0.150000 0.000000 0.000000
 -0.147500 0.000000 0.000000
 -0.145000 0.000000 0.000000
 -0.142500 0.000000 0.000000
 -0.140000 0.000000 0.000000
 -0.137500 0.000000 0.000000
 -0.135000 0.000000 0.000000
 -0.132500 0.000000 0.000000
 -0.130000 0.000000 0.000000
 -0.127500 0.000000 0.000000
 -0.125000 0.000000 0.000000
 -0.122500 0.000000 0.000000
 -0.120000 0.000000 0.000000
 -0.117500 0.000000 0.000000
 -0.115000 0.000000 0.000000
 -0.112500 0.000000 0.000000
 -0.110000 0.000000 0.000000
 -0.107500 0.000000 0.000000
 -0.105000 0.000000 0.000000
 -0.102500 0.000000 0.000000
 -0.100000 0.000000 0.000000
 -0.097500 0.000000 0.000000
 -0.095000 0.000000 0.000000
 -0.092500 0.000000 0.000000
 -0.090000 0.000000 0.000000
 -0.087500 0.000000 0.000000
 -0.085000 0.000000 0.000000
 -0.082500 0.000000 0.000000
 -0.080000 0.000000 0.000000
 -0.077500 0.000000 0.000000
 -0.075000 0.000000 0.000000
 -0.072500 0.000000 0.000000
 -0.070000 0.000000 0.000000
 -0.067500 0.000000 0.000000
 -0.065000 0.000000 0.000000
 -0.062500 0.000000 0.000000
 -0.060000 0.000000 0.000000
 -0.057500 0.000000 0.000000
 -0.055000 0.000000 0.000000
 -0.052500 0.000000 0.000000
 -0.050000 0.000000 0.000000
 -0.047500 0.000000 0.000000
 -0.045000 0.000000 0.000000
 -0.042500 0.000000 0.000000
 -0.040000 0.000000 0.000000
 -0.037500 0.000000 0.000000
 -0.035000 0.000000 0.000000
 -0.032500 0.000723 0.286983
 -0.030000 0.004331 1.640134
 -0.027500 0.012178 4.351121
 -0.025000 0.029848 9.982748
 -0.022500 0.067621 21.029883
 -0.020000 0.143465 41.222520
 -0.017500 0.286190 75.456708
 -0.015000 0.537618 129.068868
 -0.012500 0.951887 206.225626
 -0.010000 1.589596 307.488419
 -0.007500 2.505452 427.179902
 -0.005000 3.730251 551.720083
 -0.002500 5.251305 660.268525
 0.000000 6.998360 728.496722
 0.002500 8.842488 734.999472
 0.005000 10.612394 668.380298
 0.007500 12.126342 532.180286
 0.010000 13.231112 345.291178
 0.012500 13.835460 137.264647
 0.015000 13.927079 -59.802718
 0.017500 13.568071 -219.713355
 0.020000 12.872371 -327.812177
 0.022500 11.974292 -382.286841
 0.025000 10.999102 -391.492962
 0.027500 10.043420 -369.140622
 0.030000 9.167983 -329.518482
 0.032500 8.400713 -284.213740
 0.035000 7.745485 -240.801059
 0.037500 7.192148 -203.069713
 0.040000 6.724724 -172.081382
 0.042500 6.326758 -147.342884
 0.045000 5.982470 -127.166644
 0.047500 5.682305 -111.010657
 0.050000 5.419077 -98.469267
 0.052500 5.184725 -88.189968
 0.055000 4.974167 -79.578721
 0.057500 4.783628 -72.269530
 0.060000 4.610125 -66.004795
 0.062500 4.451264 -60.591235
 0.065000 4.305110 -55.874269
 0.067500 4.170053 -51.744958
 0.070000 4.044706 -48.137581
 0.072500 3.927803 -45.024141
 0.075000 3.818133 -42.379919
 0.077500 3.714541 -40.170978
 0.080000 3.616022 -38.326280
 0.082500 3.521788 -36.746067
 0.085000 3.431320 -35.313746
 0.087500 3.344372 -33.937453
 0.090000 3.260871 -32.572083
 0.092500 3.180774 -31.216667
 0.095000 3.104019 -29.928462
 0.097500 3.030366 -28.746990
 0.100000 2.959498 -27.715664
 0.102500 2.891034 -26.833736
 0.105000 2.824617 -26.075091
 0.107500 2.759986 -25.407912
 0.110000 2.696963 -24.793956
 0.112500 2.635441 -24.216412
 0.115000 2.575334 -23.653551
 0.117500 2.516620 -23.107511
 0.120000 2.459277 -22.562330
 0.122500 2.403318 -21.996371
 0.125000 2.348836 -21.386841
 0.127500 2.295974 -20.707859
 0.130000 2.244904 -19.953266
 0.132500 2.195799 -19.151912
 0.135000 2.148719 -18.341549
 0.137500 2.103608 -17.587803
 0.140000 2.060251 -16.959171
 0.142500 2.018257 -16.502614
 0.145000 1.977167 -16.244513
 0.147500 1.936488 -16.176380
 0.150000 1.895784 -16.258344
 0.152500 1.854756 -16.421192
 0.155000 1.813309 -16.583325
 0.157500 1.771559 -16.652891
 0.160000 1.729836 -16.554903
 0.162500 1.688617 -16.249937
 0.165000 1.648411 -15.747389
 0.167500 1.609659 -15.106554
 0.170000 1.572606 -14.411156
 0.172500 1.537268 -13.753529
 0.175000 1.503449 -13.204204
 0.177500 1.470818 -12.809676
 0.180000 1.438980 -12.566503
 0.182500 1.407575 -12.458940
 0.185000 1.376316 -12.450312
 0.187500 1.344996 -12.495228
 0.190000 1.313538 -12.563679
 0.192500 1.281922 -12.612153
 0.195000 1.250246 -12.613162
 0.197500 1.218644 -12.546068
 0.200000 1.187303 -12.420026
 0.202500 1.156337 -12.255354
 0.205000 1.125785 -12.093010
 0.207500 1.095584 -11.983259
 0.210000 1.065568 -11.955279
 0.212500 1.035510 -12.010408
 0.215000 1.005226 -12.130815
 0.217500 0.974589 -12.285480
 0.220000 0.943562 -12.447936
 0.222500 0.912136 -12.605565
 0.225000 0.880314 -12.770174
 0.227500 0.848048 -12.965275
 0.230000 0.815229 -13.214147
 0.232500 0.781714 -13.526309
 0.235000 0.747365 -13.880049
 0.237500 0.712123 -14.229752
 0.240000 0.676078 -14.514070
 0.242500 0.639479 -14.666651
 0.245000 0.602728 -14.629513
 0.247500 0.566349 -14.364875
 0.250000 0.530926 -13.864679
 0.252500 0.497033 -13.146735
 0.255000 0.465173 -12.255307
 0.257500 0.435701 -11.243827
 0.260000 0.408840 -10.185095
 0.262500 0.384617 -9.142434
 0.265000 0.362923 -8.170776
 0.267500 0.343533 -7.308195
 0.270000 0.326149 -6.568303
 0.272500 0.310465 -5.945577
 0.275000 0.296212 -5.423378
 0.277500 0.283166 -4.978730
 0.280000 0.271160 -4.589888
 0.282500 0.260077 -4.240670
 0.285000 0.249832 -3.924885
 0.287500 0.240342 -3.636435
 0.290000 0.231541 -3.379352
 0.292500 0.223346 -3.152394
 0.295000 0.215682 -2.958024
 0.297500 0.208468 -2.792457
 0.300000 0.201634 -2.656596
 0.302500 0.195110 -2.546140
 0.305000 0.188831 -2.458885
 0.307500 0.182744 -2.394203
 0.310000 0.176797 -2.346947
 0.312500 0.170955 -2.308431
 0.315000 0.165210 -2.268766
 0.317500 0.159580 -2.216178
 0.320000 0.154106 -2.143336
 0.322500 0.148842 -2.049225
 0.325000 0.143832 -1.941143
 0.327500 0.139098 -1.833770
 0.330000 0.134618 -1.740075
 0.332500 0.130343 -1.670643
 0.335000 0.126208 -1.627657
 0.337500 0.122152 -1.609101
 0.340000 0.118122 -1.605328
 0.342500 0.114091 -1.607886
 0.345000 0.110052 -1.610799
 0.347500 0.106010 -1.611824
 0.350000 0.101972 -1.607076
 0.352500 0.097954 -1.593847
 0.355000 0.093985 -1.568706
 0.357500 0.090102 -1.525151
 0.360000 0.086357 -1.458469
 0.362500 0.082806 -1.368637
 0.365000 0.079506 -1.261245
 0.367500 0.076485 -1.146372
 0.370000 0.073748 -1.036655
 0.372500 0.071267 -0.944020
 0.375000 0.068988 -0.874756
 0.377500 0.066852 -0.831574
 0.380000 0.064796 -0.808555
 0.382500 0.062778 -0.800128
 0.385000 0.060770 -0.800671
 0.387500 0.058754 -0.806274
 0.390000 0.056719 -0.816743
 0.392500 0.054650 -0.832595
 0.395000 0.052536 -0.853331
 0.397500 0.050369 -0.875240
 0.400000 0.048153 -0.890450
 0.402500 0.045916 -0.890938
 0.405000 0.043706 -0.868466
 0.407500 0.041585 -0.820001
 0.410000 0.039617 -0.746694
 0.412500 0.037855 -0.655344
 0.415000 0.036334 -0.557689
 0.417500 0.035053 -0.464598
 0.420000 0.033987 -0.387481
 0.422500 0.033085 -0.333745
 0.425000 0.032286 -0.306705
 0.427500 0.031522 -0.304931
 0.430000 0.030735 -0.324115
 0.432500 0.029882 -0.356857
 0.435000 0.028938 -0.395793
 0.437500 0.027895 -0.433571
 0.440000 0.026766 -0.465588
 0.442500 0.025568 -0.487434
 0.445000 0.024332 -0.497512
 0.447500 0.023086 -0.494336
 0.450000 0.021865 -0.478525
 0.452500 0.020698 -0.450654
 0.455000 0.019614 -0.412920
 0.457500 0.018633 -0.368598
 0.460000 0.017767 -0.322732
 0.462500 0.017012 -0.280722
 0.465000 0.016350 -0.248916
 0.467500 0.015749 -0.232400
 0.470000 0.015168 -0.233098
 0.472500 0.014567 -0.247767
 0.475000 0.013918 -0.270447
 0.477500 0.013211 -0.292330
 0.480000 0.012459 -0.305128
 0.482500 0.011694 -0.303000
 0.485000 0.010953 -0.285005
 0.487500 0.010275 -0.254738
 0.490000 0.009682 -0.218489
 0.492500 0.009178 -0.183589
 0.495000 0.008754 -0.156111
 0.497500 0.008386 -0.139131
 0.500000 0.008048 -0.132322
 0.502500 0.007715 -0.133238
 0.505000 0.007376 -0.138004
 0.507500 0.007024 -0.142085
 0.510000 0.006666 -0.142741
 0.512500 0.006311 -0.138588
 0.515000 0.005973 -0.129963
 0.517500 0.005662 -0.118261
 0.520000 0.005381 -0.104949
 0.522500 0.005135 -0.092053
 0.525000 0.004919 -0.080277
 0.527500 0.004730 -0.070388
 0.530000 0.004564 -0.062864
 0.532500 0.004412 -0.057923
 0.535000 0.004271 -0.055493
 0.537500 0.004132 -0.055209
 0.540000 0.003992 -0.055977
 0.542500 0.003851 -0.056303
 0.545000 0.003712 -0.054261
 0.547500 0.003582 -0.048821
 0.550000 0.003469 -0.039876
 0.552500 0.003383 -0.028725
 0.555000 0.003325 -0.017540
 0.557500 0.003293 -0.008464
 0.560000 0.003279 -0.003388
 0.562500 0.003271 -0.003185
 0.565000 0.003258 -0.007415
 0.567500 0.003230 -0.015092
 0.570000 0.003180 -0.025104
 0.572500 0.003104 -0.036024
 0.575000 0.002999 -0.046998
 0.577500 0.002869 -0.057053
 0.580000 0.002715 -0.065098
 0.582500 0.002545 -0.070167
 0.585000 0.002367 -0.071443
 0.587500 0.002190 -0.068757
 0.590000 0.002026 -0.062445
 0.592500 0.001880 -0.053444
 0.595000 0.001759 -0.042921
 0.597500 0.001665 -0.032026
 0.600000 0.001598 -0.021703
 0.602500 0.001555 -0.012550
 0.605000 0.001533 -0.005237
 0.607500 0.001526 -0.000467
 0.610000 0.001528 0.001274
 0.612500 0.001530 -0.000277
 0.615000 0.001523 -0.004978
 0.617500 0.001502 -0.011815
 0.620000 0.001463 -0.019342
 0.622500 0.001406 -0.025948
 0.625000 0.001335 -0.030534
 0.627500 0.001255 -0.032866
 0.630000 0.001172 -0.033228
 0.632500 0.001089 -0.032618
 0.635000 0.001008 -0.031944
 0.637500 0.000929 -0.031862
 0.640000 0.000848 -0.032408
 0.642500 0.000766 -0.033436
 0.645000 0.000681 -0.034225
 0.647500 0.000595 -0.034360
 0.650000 0.000510 -0.033388
 0.652500 0.000429 -0.030963
 0.655000 0.000356 -0.027245
 0.657500 0.000294 -0.022116
 0.660000 0.000246 -0.015873
 0.662500 0.000215 -0.008978
 0.665000 0.000201 -0.001965
 0.667500 0.000204 0.004444
 0.670000 0.000222 0.009366
 0.672500 0.000249 0.012108
 0.675000 0.000280 0.012287
 0.677500 0.000308 0.009868
 0.680000 0.000327 0.005361
 0.682500 0.000334 -0.000337
 0.685000 0.000325 -0.006338
 0.687500 0.000303 -0.011568
 0.690000 0.000269 -0.015374
 0.692500 0.000227 -0.017327
 0.695000 0.000184 -0.017369
 0.697500 0.000142 -0.015811
 0.700000 0.000105 -0.013048
 0.702500 0.000077 -0.009563
 0.705000 0.000058 -0.005786
 0.707500 0.000048 -0.002046
 0.710000 0.000047 0.001416
 0.712500 0.000055 0.004407
 0.715000 0.000069 0.006740
 0.717500 0.000088 0.008281
 0.720000 0.000109 0.008751
 0.722500 0.000131 0.008178
 0.725000 0.000149 0.006541
 0.727500 0.000163 0.004162
 0.730000 0.000169 0.001363
 0.732500 0.000169 -0.001317
 0.735000 0.000163 -0.003411
 0.737500 0.000153 -0.004584
 0.740000 0.000141 -0.004733
 0.742500 0.000130 -0.004026
 0.745000 0.000122 -0.002860
 0.747500 0.000116 -0.001741
 0.750000 0.000112 -0.001117
 0.752500 0.000110 -0.001232
 0.755000 0.000106 -0.002055
 0.757500 0.000099 -0.003309
 0.760000 0.000089 -0.004591
 0.762500 0.000076 -0.005523
 0.765000 0.000062 -0.005861
 0.767500 0.000048 -0.005615
 0.770000 0.000034 -0.004884
 0.772500 0.000023 -0.003860
 0.775000 0.000015 -0.002841
 0.777500 0.000009 -0.001931
 0.780000 0.000005 -0.001216
 0.782500 0.000003 -0.000712
 0.785000 0.000001 -0.000388
 0.787500 0.000001 -0.000197
 0.790000 0.000000 -0.000094
 0.792500 0.000000 -0.000042
 0.795000 0.000000 0.000000
 0.797500 0.000000 0.000000
 0.800000 0.000000 0.000000
 0.802500 0.000000 0.000000
 0.805000 0.000000 0.000000
 0.807500 0.000000 0.000000
 0.810000 0.000000 0.000000
 0.812500 0.000000 0.000000
 0.815000 0.000000 0.000000
 0.817500 0.000000 0.000000
 0.820000 0.000000 0.000000
 0.822500 0.000000 0.000000
 0.825000 0.000000 0.000000
 0.827500 0.000000 0.000000
 0.830000 0.000000 0.000000
 0.832500 0.000000 0.000000
 0.835000 0.000000 0.000000
 0.837500 0.000000 0.000000
 0.840000 0.000000 0.000000
 0.842500 0.000000 0.000000
 0.845000 0.000000 0.000000
 0.847500 0.000000 0.000000
 0.850000 0.000000 0.000000
 0.852500 0.000000 0.000000
 0.855000 0.000000 0.000000
 0.857500 0.000000 0.000000
 0.860000 0.000000 0.000000
 0.862500 0.000000 0.000000
 0.865000 0.000000 0.000000
 0.867500 0.000000 0.000000
 0.870000 0.000000 0.000000
 0.872500 0.000000 0.000000
 0.875000 0.000000 0.000000
 0.877500 0.000000 0.000000
 0.880000 0.000000 0.000000
 0.882500 0.000000 0.000000
 0.885000 0.000000 0.000000
 0.887500 0.000000 0.000000
 0.890000 0.000000 0.000000
 0.892500 0.000000 0.000000
 0.895000 0.000000 0.000000
 0.897500 0.000000 0.000000
 0.900000 0.000000 0.000000
 0.902500 0.000000 0.000000
 0.905000 0.000000 0.000000
 0.907500 0.000000 0.000000
 0.910000 0.000000 0.000000
 0.912500 0.000000 0.000000
 0.915000 0.000000 0.000000
 0.917500 0.000000 0.000000
 0.920000 0.000000 0.000000
 0.922500 0.000000 0.000000
 0.925000 0.000000 0.000000
 0.927500 0.000000 0.000000
 0.930000 0.000000 0.000000
 0.932500 0.000000 0.000000
 0.935000 0.000000 0.000000
 0.937500 0.000000 0.000000
 0.940000 0.000000 0.000000
 0.942500 0.000000 0.000000
 0.945000 0.000000 0.000000
 0.947500 0.000000 0.000000
 0.950000 0.000000 0.000000
 0.952500 0.000000 0.000000
 0.955000 0.000000 0.000000
 0.957500 0.000000 0.000000
 0.960000 0.000000 0.000000
 0.962500 0.000000 0.000000
 0.965000 0.000000 0.000000
 0.967500 0.000000 0.000000
 0.970000 0.000000 0.000000
 0.972500 0.000000 0.000000
 0.975000 0.000000 0.000000
 0.977500 0.000000 0.000000
 0.980000 0.000000 0.000000
 0.982500 0.000000 0.000000
 0.985000 0.000000 0.000000
 0.987500 0.000000 0.000000
 0.990000 0.000000 0.000000
 0.992500 0.000000 0.000000
 0.995000 0.000000 0.000000
 0.997500 0.000000 0.000000
 1.000000 0.000000 0.000000
 1.002500 0.000000 0.000000
 1.005000 0.000000 0.000000
 1.007500 0.000000 0.000000
 1.010000 0.000000 0.000000
 1.012500 0.000000 0.000000
 1.015000 0.000000 0.000000
 1.017500 0.000000 0.000000
 1.020000 0.000000 0.000000
 1.022500 0.000000 0.000000
 1.025000 0.000000 0.000000
 1.027500 0.000000 0.000000
 1.030000 0.000000 0.000000
 1.032500 0.000000 0.000000
 1.035000 0.000000 0.000000
 1.037500 0.000000 0.000000
 1.040000 0.000000 0.000000
 1.042500 0.000000 0.000000
 1.045000 0.000000 0.000000
 1.047500 0.000000 0.000000
 1.050000 0.000000 0.000000
 1.052500 0.000000 0.000000
 1.055000 0.000000 0.000000
 1.057500 0.000000 0.000000
 1.060000 0.000000 0.000000
 1.062500 0.000000 0.000000
 1.065000 0.000000 0.000000
 1.067500 0.000000 0.000000
 1.070000 0.000000 0.000000
 1.072500 0.000000 0.000000
 1.075000 0.000000 0.000000
 1.077500 0.000000 0.000000
 1.080000 0.000000 0.000000
 1.082500 0.000000 0.000000
 1.085000 0.000000 0.000000
 1.087500 0.000000 0.000000
 1.090000 0.000000 0.000000
 1.092500 0.000000 0.000000
 1.095000 0.000000 0.000000
 1.097500 0.000000 0.000000
 1.100000 0.000000 0.000000
 1.102500 0.000000 0.000000
 1.105000 0.000000 0.000000
 1.107500 0.000000 0.000000
 1.110000 0.000000 0.000000
 1.112500 0.000000 0.000000
 1.115000 0.000000 0.000000
 1.117500 0.000000 0.000000
 1.120000 0.000000 0.000000
 1.122500 0.000000 0.000000
 1.125000 0.000000 0.000000
 1.127500 0.000000 0.000000
 1.130000 0.000000 0.000000
 1.132500 0.000000 0.000000
 1.135000 0.000000 0.000000
 1.137500 0.000000 0.000000
 1.140000 0.000000 0.000000
 1.142500 0.000000 0.000000
 1.145000 0.000000 0.000000
 1.147500 0.000000 0.000000
 1.150000 0.000000 0.000000
 1.152500 0.000000 0.000000
 1.155000 0.000000 0.000000
 1.157500 0.000000 0.000000
 1.160000 0.000000 0.000000
 1.162500 0.000000 0.000000
 1.165000 0.000000 0.000000
 1.167500 0.000000 0.000000
 1.170000 0.000000 0.000000
 1.172500 0.000000 0.000000
 1.175000 0.000000 0.000000
 1.177500 0.000000 0.000000
 1.180000 0.000000 0.000000
 1.182500 0.000000 0.000000
 1.185000 0.000000 0.000000
 1.187500 0.000000 0.000000
 1.190000 0.000000 0.000000
 1.192500 0.000000 0.000000
 1.195000 0.000000 0.000000
 1.197500 0.000000 0.000000
 1.200000 0.000000 0.000000
 1.202500 0.000000 0.000000
 1.205000 0.000000 0.000000
 1.207500 0.000000 0.000000
 1.210000 0.000000 0.000000
 1.212500 0.000000 0.000000
 1.215000 0.000000 0.000000
 1.217500 0.000000 0.000000
 1.220000 0.000000 0.000000
 1.222500 0.000000 0.000000
 1.225000 0.000000 0.000000
 1.227500 0.000000 0.000000
 1.230000 0.000000 0.000000
 1.232500 0.000000 0.000000
 1.235000 0.000000 0.000000
 1.237500 0.000000 0.000000
 1.240000 0.000000 0.000000
 1.242500 0.000000 0.000000
 1.245000 0.000000 0.000000
 1.247500 0.000000 0.000000
 1.250000 0.000000 0.000000
 1.252500 0.000000 0.000000
 1.255000 0.000000 0.000000
 1.257500 0.000000 0.000000
 1.260000 0.000000 0.000000
 1.262500 0.000000 0.000000
 1.265000 0.000000 0.000000
 1.267500 0.000000 0.000000
 1.270000 0.000000 0.000000
 1.272500 0.000000 0.000000
 1.275000 0.000000 0.000000
 1.277500 0.000000 0.000000
 1.280000 0.000000 0.000000
 1.282500 0.000000 0.000000
 1.285000 0.000000 0.000000
 1.287500 0.000000 0.000000
 1.290000 0.000000 0.000000
 1.292500 0.000000 0.000000
 1.295000 0.000000 0.000000
 1.297500 0.000000 0.000000
 1.300000 0.000000 0.000000
 1.302500 0.000000 0.000000
 1.305000 0.000000 0.000000
 1.307500 0.000000 0.000000
 1.310000 0.000000 0.000000
 1.312500 0.000000 0.000000
 1.315000 0.000000 0.000000
 1.317500 0.000000 0.000000
 1.320000 0.000000 0.000000
 1.322500 0.000000 0.000000
 1.325000 0.000000 0.000000
 1.327500 0.000000 0.000000
 1.330000 0.000000 0.000000
 1.332500 0.000000 0.000000
 1.335000 0.000000 0.000000
 1.337500 0.000000 0.000000
 1.340000 0.000000 0.000000
 1.342500 0.000000 0.000000
 1.345000 0.000000 0.000000
 1.347500 0.000000 0.000000
 1.350000 0.000000 0.000000
 1.352500 0.000000 0.000000
 1.355000 0.000000 0.000000
 1.357500 0.000000 0.000000
 1.360000 0.000000 0.000000
 1.362500 0.000000 0.000000
 1.365000 0.000000 0.000000
 1.367500 0.000000 0.000000
 1.370000 0.000000 0.000000
 1.372500 0.000000 0.000000
 1.375000 0.000000 0.000000
 1.377500 0.000000 0.000000
 1.380000 0.000000 0.000000
 1.382500 0.000000 0.000000
 1.385000 0.000000 0.000000
 1.387500 0.000000 0.000000
 1.390000 0.000000 0.000000
 1.392500 0.000000 0.000000
 1.395000 0.000000 0.000000
 1.397500 0.000000 0.000000
 1.400000 0.000000 0.000000
 1.402500 0.000000 0.000000
 1.405000 0.000000 0.000000
 1.407500 0.000000 0.000000
 1.410000 0.000000 0.000000
 1.412500 0.000000 0.000000
 1.415000 0.000000 0.000000
 1.417500 0.000000 0.000000
 1.420000 0.000000 0.000000
 1.422500 0.000000 0.000000
 1.425000 0.000000 0.000000
 1.427500 0.000000 0.000000
 1.430000 0.000000 0.000000
 1.432500 0.000000 0.000000
 1.435000 0.000000 0.000000
 1.437500 0.000000 0.000000
 1.440000 0.000000 0.000000
 1.442500 0.000000 0.000000
 1.445000 0.000000 0.000000
 1.447500 0.000000 0.000000
 1.450000 0.000000 0.000000
 1.452500 0.000000 0.000000
 1.455000 0.000000 0.000000
 1.457500 0.000000 0.000000
 1.460000 0.000000 0.000000
 1.462500 0.000000 0.000000
 1.465000 0.000000 0.000000
 1.467500 0.000000 0.000000
 1.470000 0.000000 0.000000
 1.472500 0.000000 0.000000
 1.475000 0.000000 0.000000
 1.477500 0.000000 0.000000
 1.480000 0.000000 0.000000
 1.482500 0.000000 0.000000
 1.485000 0.000000 0.000000
 1.487500 0.000000 0.000000
 1.490000 0.000000 0.000000
 1.492500 0.000000 0.000000
 1.495000 0.000000 0.000000
 1.497500 0.000000 0.000000
 1.500000 0.000000 0.000000
 1.502500 0.000000 0.000000
 1.505000 0.000000 0.000000
 1.507500 0.000000 0.000000
 1.510000 0.000000 0.000000
 1.512500 0.000000 0.000000
 1.515000 0.000000 0.000000
 1.517500 0.000000 0.000000
 1.520000 0.000000 0.000000
 1.522500 0.000000 0.000000
 1.525000 0.000000 0.000000
 1.527500 0.000000 0.000000
 1.530000 0.000000 0.000000
 1.532500 0.000000 0.000000
 1.535000 0.000000 0.000000
 1.537500 0.000000 0.000000
 1.540000 0.000000 0.000000
 1.542500 0.000000 0.000000
 1.545000 0.000000 0.000000
 1.547500 0.000000 0.000000
 1.550000 0.000000 0.000000
 1.552500 0.000000 0.000000
 1.555000 0.000000 0.000000
 1.557500 0.000000 0.000000
 1.560000 0.000000 0.000000
 1.562500 0.000000 0.000000
 1.565000 0.000000 0.000000
 1.567500 0.000000 0.000000
 1.570000 0.000000 0.000000
 1.572500 0.000000 0.000000
 1.575000 0.000000 0.000000
 1.577500 0.000000 0.000000
 1.580000 0.000000 0.000000
 1.582500 0.000000 0.000000
 1.585000 0.000000 0.000000
 1.587500 0.000000 0.000000
 1.590000 0.000000 0.000000
 1.592500 0.000000 0.000000
 1.595000 0.000000 0.000000
 1.597500 0.000000 0.000000
 1.600000 0.000000 0.000000
 1.602500 0.000000 0.000000
 1.605000 0.000000 0.000000
 1.607500 0.000000 0.000000
 1.610000 0.000000 0.000000
 1.612500 0.000000 0.000000
 1.615000 0.000000 0.000000
 1.617500 0.000000 0.000000
 1.620000 0.000000 0.000000
 1.622500 0.000000 0.000000
 1.625000 0.000000 0.000000
 1.627500 0.000000 0.000000
 1.630000 0.000000 0.000000
 1.632500 0.000000 0.000000
 1.635000 0.000000 0.000000
 1.637500 0.000000 0.000000
 1.640000 0.000000 0.000000
 1.642500 0.000000 0.000000
 1.645000 0.000000 0.000000
 1.647500 0.000000 0.000000
 1.650000 0.000000 0.000000
 1.652500 0.000000 0.000000
 1.655000 0.000000 0.000000
 1.657500 0.000000 0.000000
 1.660000 0.000000 0.000000
 1.662500 0.000000 0.000000
 1.665000 0.000000 0.000000
 1.667500 0.000000 0.000000
 1.670000 0.000000 0.000000
 1.672500 0.000000 0.000000
 1.675000 0.000000 0.000000
 1.677500 0.000000 0.000000
 1.680000 0.000000 0.000000
 1.682500 0.000000 0.000000
 1.685000 0.000000 0.000000
 1.687500 0.000000 0.000000
 1.690000 0.000000 0.000000
 1.692500 0.000000 0.000000
 1.695000 0.000000 0.000000
 1.697500 0.000000 0.000000
 1.700000 0.000000 0.000000
 1.702500 0.000000 0.000000
 1.705000 0.000000 0.000000
 1.707500 0.000000 0.000000
 1.710000 0.000000 0.000000
 1.712500 0.000000 0.000000
 1.715000 0.000000 0.000000
 1.717500 0.000000 0.000000
 1.720000 0.000000 0.000000
 1.722500 0.000000 0.000000
 1.725000 0.000000 0.000000
 1.727500 0.000000 0.000000
 1.730000 0.000000 0.000000
 1.732500 0.000000 0.000000
 1.735000 0.000000 0.000000
 1.737500 0.000000 0.000000
 1.740000 0.000000 0.000000
 1.742500 0.000000 0.000000
 1.745000 0.000000 0.000000
 1.747500 0.000000 0.000000
 1.750000 0.000000 0.000000
 1.752500 0.000000 0.000000
 1.755000 0.000000 0.000000
 1.757500 0.000000 0.000000
 1.760000 0.000000 0.000000
 1.762500 0.000000 0.000000
 1.765000 0.000000 0.000000
 1.767500 0.000000 0.000000
 1.770000 0.000000 0.000000
 1.772500 0.000000 0.000000
 1.775000 0.000000 0.000000
 1.777500 0.000000 0.000000
 1.780000 0.000000 0.000000
 1.782500 0.000000 0.000000
 1.785000 0.000000 0.000000
 1.787500 0.000000 0.000000
 1.790000 0.000000 0.000000
 1.792500 0.000000 0.000000
 1.795000 0.000000 0.000000
 1.797500 0.000000 0.000000
 1.800000 0.000000 0.000000
 1.802500 0.000000 0.000000
 1.805000 0.000000 0.000000
 1.807500 0.000000 0.000000
 1.810000 0.000000 0.000000
 1.812500 0.000000 0.000000
 1.815000 0.000000 0.000000
 1.817500 0.000000 0.000000
 1.820000 0.000000 0.000000
 1.822500 0.000000 0.000000
 1.825000 0.000000 0.000000
 1.827500 0.000000 0.000000
 1.830000 0.000000 0.000000
 1.832500 0.000000 0.000000
 1.835000 0.000000 0.000000
 1.837500 0.000000 0.000000
 1.840000 0.000000 0.000000
 1.842500 0.000000 0.000000
 1.845000 0.000000 0.000000
 1.847500 0.000000 0.000000
 1.850000 0.000000 0.000000
 1.852500 0.000000 0.000000
 1.855000 0.000000 0.000000
 1.857500 0.000000 0.000000
 1.860000 0.000000 0.000000
 1.862500 0.000000 0.000000
 1.865000 0.000000 0.000000
 1.867500 0.000000 0.000000
 1.870000 0.000000 0.000000
 1.872500 0.000000 0.000000
 1.875000 0.000000 0.000000
 1.877500 0.000000 0.000000
 1.880000 0.000000 0.000000
 1.882500 0.000000 0.000000
 1.885000 0.000000 0.000000
 1.887500 0.000000 0.000000
 1.890000 0.000000 0.000000
 1.892500 0.000000 0.000000
 1.895000 0.000000 0.000000
 1.897500 0.000000 0.000000
 1.900000 0.000000 0.000000
 1.902500 0.000000 0.000000
 1.905000 0.000000 0.000000
 1.907500 0.000000 0.000000
 1.910000 0.000000 0.000000
 1.912500 0.000000 0.000000
 1.915000 0.000000 0.000000
 1.917500 0.000000 0.000000
 1.920000 0.000000 0.000000
 1.922500 0.000000 0.000000
 1.925000 0.000000 0.000000
 1.927500 0.000000 0.000000
 1.930000 0.000000 0.000000
 1.932500 0.000000 0.000000
 1.935000 0.000000 0.000000
 1.937500 0.000000 0.000000
 1.940000 0.000000 0.000000
 1.942500 0.000000 0.000000
 1.945000 0.000000 0.000000
 1.947500 0.000000 0.000000
 1.950000 0.000000 0.000000
 1.952500 0.000000 0.000000
 1.955000 0.000000 0.000000
 1.957500 0.000000 0.000000
 1.960000 0.000000 0.000000
 1.962500 0.000000 0.000000
 1.965000 0.000000 0.000000
 1.967500 0.000000 0.000000
 1.970000 0.000000 0.000000
 1.972500 0.000000 0.000000
 1.975000 0.000000 0.000000
 1.977500 0.000000 0.000000
 1.980000 0.000000 0.000000
 1.982500 0.000000 0.000000
 1.985000 0.000000 0.000000
 1.987500 0.000000 0.000000
 1.990000 0.000000 0.000000
 1.992500 0.000000 0.000000
 1.995000 0.000000 0.000000
 1.997500 0.000000 0.000000
 2.000000 0.000000 0.000000
