#! FIELDS es hh dhh_es
#! SET normalisation  2000.000000
#! SET min_es -0.5
#! SET max_es 2
#! SET nbins_es  1000
#! SET periodic_es false
 -0.500000 0.000000 0.000000
 -0.497500 0.000000 0.000000
 -0.495000 0.000000 0.000000
 -0.492500 0.000000 0.000000
 -0.490000 0.000000 0.000000
 -0.487500 0.000000 0.000000
 -0.485000 0.000000 0.000000
 -0.482500 0.000000 0.000000
 -0.480000 0.000000 0.000000
 -0.477500 0.000000 0.000000
 -0.475000 0.000000 0.000000
 -0.472500 0.000000 0.000000
 -0.470000 0.000000 0.000000
 -0.467500 0.000000 0.000000
 -0.465000 0.000000 0.000000
 -0.462500 0.000000 0.000000
 -0.460000 0.000000 0.000000
 -0.457500 0.000000 0.000000
 -0.455000 0.000000 0.000000
 -0.452500 0.000000 0.000000
 -0.450000 0.000000 0.000000
 -0.447500 0.000000 0.000000
 -0.445000 0.000000 0.000000
 -0.442500 0.000000 0.000000
 -0.440000 0.000000 0.000000
 -0.437500 0.000000 0.000000
 -0.435000 0.000000 0.000000
 -0.432500 0.000000 0.000000
 -0.430000 0.000000 0.000000
 -0.427500 0.000000 0.000000
 -0.425000 0.000000 0.000000
 -0.422500 0.000000 0.000000
 -0.420000 0.000000 0.000000
 -0.417500 0.000000 0.000000
 -0.415000 0.000000 0.000000
 -0.412500 0.000000 0.000000
 -0.410000 0.000000 0.000000
 -0.407500 0.000000 0.000000
 -0.405000 0.000000 0.000000
 -0.402500 0.000000 0.000000
 -0.400000 0.000000 0.000000
 -0.397500 0.000000 0.000000
 -0.395000 0.000000 0.000000
 -0.392500 0.000000 0.000000
 -0.390000 0.000000 0.000000
 -0.387500 0.000000 0.000000
 -0.385000 0.000000 0.000000
 -0.382500 0.000000 0.000000
 -0.380000 0.000000 0.000000
 -0.377500 0.000000 0.000000
 -0.375000 0.000000 0.000000
 -0.372500 0.000000 0.000000
 -0.370000 0.000000 0.000000
 -0.367500 0.000000 0.000000
 -0.365000 0.000000 0.000000
 -0.362500 0.000000 0.000000
 -0.360000 0.000000 0.000000
 -0.357500 0.000000 0.000000
 -0.355000 0.000000 0.000000
 -0.352500 0.000000 0.000000
 -0.350000 0.000000 0.000000
 -0.347500 0.000000 0.000000
 -0.345000 0.000000 0.000000
 -0.342500 0.000000 0.000000
 -0.340000 0.000000 0.000000
 -0.337500 0.000000 0.000000
 -0.335000 0.000000 0.000000
 -0.332500 0.000000 0.000000
 -0.330000 0.000000 0.000000
 -0.327500 0.000000 0.000000
 -0.325000 0.000000 0.000000
 -0.322500 0.000000 0.000000
 -0.320000 0.000000 0.000000
 -0.317500 0.000000 0.000000
 -0.315000 0.000000 0.000000
 -0.312500 0.000000 0.000000
 -0.310000 0.000000 0.000000
 -0.307500 0.000000 0.000000
 -0.305000 0.000000 0.000000
 -0.302500 0.000000 0.000000
 -0.300000 0.000000 0.000000
 -0.297500 0.000000 0.000000
 -0.295000 0.000000 0.000000
 -0.292500 0.000000 0.000000
 -0.290000 0.000000 0.000000
 -0.287500 0.000000 0.000000
 -0.285000 0.000000 0.000000
 -0.282500 0.000000 0.000000
 -0.280000 0.000000 0.000000
 -0.277500 0.000000 0.000000
 -0.275000 0.000000 0.000000
 -0.272500 0.000000 0.000000
 -0.270000 0.000000 0.000000
 -0.267500 0.000000 0.000000
 -0.265000 0.000000 0.000000
 -0.262500 0.000000 0.000000
 -0.260000 0.000000 0.000000
 -0.257500 0.000000 0.000000
 -0.255000 0.000000 0.000000
 -0.252500 0.000000 0.000000
 -0.250000 0.000000 0.000000
 -0.247500 0.000000 0.000000
 -0.245000 0.000000 0.000000
 -0.242500 0.000000 0.000000
 -0.240000 0.000000 0.000000
 -0.237500 0.000000 0.000000
 -0.235000 0.000000 0.000000
 -0.232500 0.000000 0.000000
 -0.230000 0.000000 0.000000
 -0.227500 0.000000 0.000000
 -0.225000 0.000000 0.000000
 -0.222500 0.000000 0.000000
 -0.220000 0.000000 0.000000
 -0.217500 0.000000 0.000000
 -0.215000 0.000000 0.000000
 -0.212500 0.000000 0.000000
 -0.210000 0.000000 0.000000
 -0.207500 0.000000 0.000000
 -0.205000 0.000000 0.000000
 -0.202500 0.000000 0.000000
 -0.200000 0.000000 0.000000
 -0.197500 0.000000 0.000000
 -0.195000 0.000000 0.000000
 -0.192500 0.000000 0.000000
 -0.190000 0.000000 0.000000
 -0.187500 0.000000 0.000000
 -0.185000 0.000000 0.000000
 -0.182500 0.000000 0.000000
 -0.180000 0.000000 0.000000
 -0.177500 0.000000 0.000000
 -0.175000 0.000000 0.000000
 -0.172500 0.000000 0.000000
 -0.170000 0.000000 0.000000
 -0.167500 0.000000 0.000000
 -0.165000 0.000000 0.000000
 -0.162500 0.000000 0.000000
 -0.160000 0.000000 0.000000
 -0.157500 0.000000 0.000000
 -0.155000 0.000000 0.000000
 -0.152500 0.000000 0.000000
 -0.150000 0.000000 0.000000
 -0.147500 0.000000 0.000000
 -0.145000 0.000000 0.000000
 -0.142500 0.000000 0.000000
 -0.140000 0.000000 0.000000
 -0.137500 0.000000 0.000000
 -0.135000 0.000000 0.000000
 -0.132500 0.000000 0.000000
 -0.130000 0.000000 0.000000
 -0.127500 0.000000 0.000000
 -0.125000 0.000000 0.000000
 -0.122500 0.000000 0.000000
 -0.120000 0.000000 0.000000
 -0.117500 0.000000 0.000000
 -0.115000 0.000000 0.000000
 -0.112500 0.000000 0.000000
 -0.110000 0.000000 0.000000
 -0.107500 0.000000 0.000000
 -0.105000 0.000000 0.000000
 -0.102500 0.000000 0.000000
 -0.100000 0.000000 0.000000
 -0.097500 0.000000 0.000000
 -0.095000 0.000000 0.000000
 -0.092500 0.000000 0.000000
 -0.090000 0.000000 0.000000
 -0.087500 0.000000 0.000000
 -0.085000 0.000000 0.000000
 -0.082500 0.000000 0.000000
 -0.080000 0.000000 0.000000
 -0.077500 0.000000 0.000000
 -0.075000 0.000000 0.000000
 -0.072500 0.000000 0.000000
 -0.070000 0.000000 0.000000
 -0.067500 0.000000 0.000000
 -0.065000 0.000000 0.000000
 -0.062500 0.000000 0.000000
 -0.060000 0.000000 0.000000
 -0.057500 0.000000 0.000000
 -0.055000 0.000000 0.000000
 -0.052500 0.000000 0.000000
 -0.050000 0.000000 0.000000
 -0.047500 0.000000 0.000000
 -0.045000 0.000000 0.000000
 -0.042500 0.000000 0.000000
 -0.040000 0.000000 0.000000
 -0.037500 0.000000 0.000000
 -0.035000 0.000000 0.000000
 -0.032500 0.000000 0.000000
 -0.030000 0.000000 0.000000
 -0.027500 0.000000 0.000000
 -0.025000 0.000000 0.000000
 -0.022500 0.000000 0.000000
 -0.020000 0.000000 0.000000
 -0.017500 0.000000 0.000000
 -0.015000 0.000000 0.000000
 -0.012500 0.000000 0.000000
 -0.010000 0.000000 0.000000
 -0.007500 0.000000 0.000000
 -0.005000 0.000000 0.000000
 -0.002500 0.000000 0.000000
 0.000000 0.000000 0.000000
 0.002500 0.000000 0.000000
 0.005000 0.000000 0.000000
 0.007500 0.000000 0.000000
 0.010000 0.000000 0.000000
 0.012500 0.000000 0.000000
 0.015000 0.000000 0.000000
 0.017500 0.000000 0.000000
 0.020000 0.000000 0.000000
 0.022500 0.000000 0.000000
 0.025000 0.000000 0.000000
 0.027500 0.000000 0.000000
 0.030000 0.000000 0.000000
 0.032500 0.000000 0.000000
 0.035000 0.000000 0.000000
 0.037500 0.000000 0.000000
 0.040000 0.000000 0.000000
 0.042500 0.000000 0.000000
 0.045000 0.000000 0.000000
 0.047500 0.000000 0.000000
 0.050000 0.000000 0.000000
 0.052500 0.000000 0.000000
 0.055000 0.000000 0.000000
 0.057500 0.000000 0.000000
 0.060000 0.000000 0.000000
 0.062500 0.000000 0.000000
 0.065000 0.000000 0.000000
 0.067500 0.000000 0.000000
 0.070000 0.000000 0.000000
 0.072500 0.000000 0.000000
 0.075000 0.000000 0.000000
 0.077500 0.000000 0.000000
 0.080000 0.000000 0.000000
 0.082500 0.000000 0.000000
 0.085000 0.000000 0.000000
 0.087500 0.000000 0.000000
 0.090000 0.000000 0.000000
 0.092500 0.000000 0.000000
 0.095000 0.000000 0.000000
 0.097500 0.000000 0.000000
 0.100000 0.000000 0.000000
 0.102500 0.000000 0.000000
 0.105000 0.000000 0.000000
 0.107500 0.000000 0.000000
 0.110000 0.000000 0.000000
 0.112500 0.000000 0.000000
 0.115000 0.000000 0.000000
 0.117500 0.000000 0.000000
 0.120000 0.000000 0.000000
 0.122500 0.000000 0.000000
 0.125000 0.000000 0.000000
 0.127500 0.000000 0.000000
 0.130000 0.000000 0.000000
 0.132500 0.000000 0.000000
 0.135000 0.000000 0.000000
 0.137500 0.000000 0.000000
 0.140000 0.000000 0.000000
 0.142500 0.000000 0.000000
 0.145000 0.000000 0.000000
 0.147500 0.000000 0.000000
 0.150000 0.000000 0.000000
 0.152500 0.000000 0.000000
 0.155000 0.000000 0.000000
 0.157500 0.000000 0.000000
 0.160000 0.000000 0.000000
 0.162500 0.000000 0.000000
 0.165000 0.000000 0.000000
 0.167500 0.000000 0.000000
 0.170000 0.000000 0.000000
 0.172500 0.000000 0.000000
 0.175000 0.000000 0.000000
 0.177500 0.000000 0.000000
 0.180000 0.000000 0.000000
 0.182500 0.000000 0.000000
 0.185000 0.000000 0.000000
 0.187500 0.000000 0.000000
 0.190000 0.000000 0.000000
 0.192500 0.000000 0.000000
 0.195000 0.000000 0.000000
 0.197500 0.000000 0.000000
 0.200000 0.000000 0.000000
 0.202500 0.000000 0.000000
 0.205000 0.000000 0.000000
 0.207500 0.000000 0.000000
 0.210000 0.000000 0.000000
 0.212500 0.000000 0.000000
 0.215000 0.000000 0.000000
 0.217500 0.000000 0.000000
 0.220000 0.000000 0.000000
 0.222500 0.000000 0.000000
 0.225000 0.000000 0.000000
 0.227500 0.000000 0.000000
 0.230000 0.000000 0.000000
 0.232500 0.000000 0.000000
 0.235000 0.000000 0.000000
 0.237500 0.000000 0.000000
 0.240000 0.000000 0.000000
 0.242500 0.000000 0.000000
 0.245000 0.000000 0.000000
 0.247500 0.000000 0.000000
 0.250000 0.000000 0.000000
 0.252500 0.000000 0.000000
 0.255000 0.000000 0.000000
 0.257500 0.000000 0.000000
 0.260000 0.000000 0.000000
 0.262500 0.000000 0.000000
 0.265000 0.000000 0.000000
 0.267500 0.000000 0.000000
 0.270000 0.000000 0.000000
 0.272500 0.000000 0.000000
 0.275000 0.000000 0.000000
 0.277500 0.000000 0.000000
 0.280000 0.000000 0.000000
 0.282500 0.000000 0.000000
 0.285000 0.000000 0.000000
 0.287500 0.000000 0.000000
 0.290000 0.000000 0.000000
 0.292500 0.000000 0.000000
 0.295000 0.000000 0.000000
 0.297500 0.000000 0.000000
 0.300000 0.000000 0.000000
 0.302500 0.000000 0.000000
 0.305000 0.000000 0.000000
 0.307500 0.000000 0.000000
 0.310000 0.000000 0.000000
 0.312500 0.000000 0.000000
 0.315000 0.000000 0.000000
 0.317500 0.000000 0.000000
 0.320000 0.000000 0.000000
 0.322500 0.000000 0.000000
 0.325000 0.000000 0.000000
 0.327500 0.000000 0.000025
 0.330000 0.000000 0.000059
 0.332500 0.000000 0.000129
 0.335000 0.000001 0.000264
 0.337500 0.000002 0.000505
 0.340000 0.000004 0.000914
 0.342500 0.000007 0.001556
 0.345000 0.000012 0.002474
 0.347500 0.000019 0.003662
 0.350000 0.000030 0.005100
 0.352500 0.000045 0.006733
 0.355000 0.000064 0.008483
 0.357500 0.000087 0.010285
 0.360000 0.000116 0.012181
 0.362500 0.000149 0.014288
 0.365000 0.000187 0.016620
 0.367500 0.000232 0.019193
 0.370000 0.000284 0.021868
 0.372500 0.000341 0.024295
 0.375000 0.000405 0.026175
 0.377500 0.000472 0.027448
 0.380000 0.000542 0.028349
 0.382500 0.000614 0.029537
 0.385000 0.000691 0.031757
 0.387500 0.000774 0.035541
 0.390000 0.000870 0.041160
 0.392500 0.000982 0.048099
 0.395000 0.001112 0.055617
 0.397500 0.001261 0.063108
 0.400000 0.001428 0.070266
 0.402500 0.001613 0.077945
 0.405000 0.001820 0.087855
 0.407500 0.002057 0.102554
 0.410000 0.002340 0.124444
 0.412500 0.002688 0.154860
 0.415000 0.003122 0.193620
 0.417500 0.003662 0.238739
 0.420000 0.004320 0.286707
 0.422500 0.005097 0.333158
 0.425000 0.005984 0.374278
 0.427500 0.006965 0.408155
 0.430000 0.008023 0.435637
 0.432500 0.009145 0.460933
 0.435000 0.010335 0.491067
 0.437500 0.011617 0.535087
 0.440000 0.013035 0.602181
 0.442500 0.014658 0.698861
 0.445000 0.016562 0.827971
 0.447500 0.018829 0.987146
 0.450000 0.021525 1.168754
 0.452500 0.024689 1.360401
 0.455000 0.028333 1.550230
 0.457500 0.032439 1.727936
 0.460000 0.036969 1.889976
 0.462500 0.041888 2.038837
 0.465000 0.047170 2.182147
 0.467500 0.052814 2.329960
 0.470000 0.058844 2.491258
 0.472500 0.065301 2.671248
 0.475000 0.072235 2.872250
 0.477500 0.079696 3.091909
 0.480000 0.087727 3.328610
 0.482500 0.096375 3.583155
 0.485000 0.105684 3.859352
 0.487500 0.115721 4.165847
 0.490000 0.126574 4.513470
 0.492500 0.138363 4.914094
 0.495000 0.151227 5.375504
 0.497500 0.165323 5.899165
 0.500000 0.180800 6.478317
 0.502500 0.197782 7.099309
 0.505000 0.216353 7.745158
 0.507500 0.236553 8.396954
 0.510000 0.258371 9.038385
 0.512500 0.281769 9.657010
 0.515000 0.306677 10.245782
 0.517500 0.333016 10.802354
 0.520000 0.360713 11.329221
 0.522500 0.389701 11.837479
 0.525000 0.419955 12.345421
 0.527500 0.451502 12.876859
 0.530000 0.484438 13.457645
 0.532500 0.518910 14.109092
 0.535000 0.555112 14.838114
 0.537500 0.593229 15.638984
 0.540000 0.633422 16.492967
 0.542500 0.675793 17.377618
 0.545000 0.720398 18.274233
 0.547500 0.767246 19.173827
 0.550000 0.816352 20.079081
 0.552500 0.867727 20.993352
 0.555000 0.921406 21.923128
 0.557500 0.977440 22.874562
 0.560000 1.035881 23.850578
 0.562500 1.096795 24.849177
 0.565000 1.160223 25.863706
 0.567500 1.226191 26.874634
 0.570000 1.294647 27.848927
 0.572500 1.365450 28.740159
 0.575000 1.438319 29.497614
 0.577500 1.512881 30.088102
 0.580000 1.588707 30.512768
 0.582500 1.665416 30.806379
 0.585000 1.742755 31.033142
 0.587500 1.820653 31.263324
 0.590000 1.899200 31.557705
 0.592500 1.978588 31.936862
 0.595000 2.059011 32.385709
 0.597500 2.140596 32.864635
 0.600000 2.223369 33.329052
 0.602500 2.307249 33.747589
 0.605000 2.392098 34.099531
 0.607500 2.477736 34.384045
 0.610000 2.563984 34.594138
 0.612500 2.650671 34.728615
 0.615000 2.737583 34.779766
 0.617500 2.824497 34.741506
 0.620000 2.911199 34.614504
 0.622500 2.997480 34.413150
 0.625000 3.083183 34.152665
 0.627500 3.168175 33.855632
 0.630000 3.252368 33.506792
 0.632500 3.335597 33.078687
 0.635000 3.417587 32.511128
 0.637500 3.497896 31.734848
 0.640000 3.575951 30.707545
 0.642500 3.651121 29.432633
 0.645000 3.722858 27.988657
 0.647500 3.790905 26.509358
 0.650000 3.855360 25.148198
 0.652500 3.916682 24.024257
 0.655000 3.975559 23.198462
 0.657500 4.032701 22.631546
 0.660000 4.088628 22.208708
 0.662500 4.143511 21.771012
 0.665000 4.197114 21.170989
 0.667500 4.248885 20.297900
 0.670000 4.298062 19.105976
 0.672500 4.343868 17.610576
 0.675000 4.385633 15.891431
 0.677500 4.422923 14.056283
 0.680000 4.455572 12.211339
 0.682500 4.483695 10.450426
 0.685000 4.507556 8.819956
 0.687500 4.527507 7.308345
 0.690000 4.543784 5.884010
 0.692500 4.556520 4.464788
 0.695000 4.565638 2.983537
 0.697500 4.570928 1.401343
 0.700000 4.572129 -0.275543
 0.702500 4.569040 -2.018876
 0.705000 4.561565 -3.765043
 0.707500 4.549769 -5.463312
 0.710000 4.533820 -7.080030
 0.712500 4.513942 -8.602072
 0.715000 4.490365 -10.038732
 0.717500 4.463289 -11.387236
 0.720000 4.432941 -12.654918
 0.722500 4.399547 -13.822272
 0.725000 4.363382 -14.861318
 0.727500 4.324799 -15.751911
 0.730000 4.284182 -16.495842
 0.732500 4.241855 -17.112258
 0.735000 4.198076 -17.665736
 0.737500 4.152920 -18.219570
 0.740000 4.106309 -18.840890
 0.742500 4.058016 -19.569872
 0.745000 4.007744 -20.424199
 0.747500 3.955180 -21.399190
 0.750000 3.900043 -22.478262
 0.752500 3.842106 -23.636387
 0.755000 3.781203 -24.838318
 0.757500 3.717292 -26.047762
 0.760000 3.650403 -27.198847
 0.762500 3.580773 -28.234188
 0.765000 3.508769 -29.095248
 0.767500 3.434875 -29.730772
 0.770000 3.359700 -30.130659
 0.772500 3.283819 -30.304352
 0.775000 3.207758 -30.280444
 0.777500 3.131956 -30.097183
 0.780000 3.056766 -29.804787
 0.782500 2.982409 -29.435152
 0.785000 2.909037 -29.024026
 0.787500 2.836710 -28.607972
 0.790000 2.765396 -28.216953
 0.792500 2.695010 -27.881139
 0.795000 2.625387 -27.602103
 0.797500 2.556383 -27.385078
 0.800000 2.487863 -27.220777
 0.802500 2.419701 -27.099761
 0.805000 2.351799 -27.020000
 0.807500 2.284038 -26.993063
 0.810000 2.216282 -27.019792
 0.812500 2.148407 -27.086816
 0.815000 2.080353 -27.159306
 0.817500 2.012178 -27.176444
 0.820000 1.944106 -27.073273
 0.822500 1.876503 -26.800678
 0.825000 1.809819 -26.338357
 0.827500 1.744518 -25.705495
 0.830000 1.680973 -24.949850
 0.832500 1.619413 -24.131763
 0.835000 1.559911 -23.310220
 0.837500 1.502423 -22.536172
 0.840000 1.446789 -21.826347
 0.842500 1.392852 -21.187686
 0.845000 1.340449 -20.603401
 0.847500 1.289464 -20.045128
 0.850000 1.239864 -19.495207
 0.852500 1.191654 -18.935893
 0.855000 1.144872 -18.354992
 0.857500 1.099573 -17.754647
 0.860000 1.055803 -17.143932
 0.862500 1.013565 -16.529637
 0.865000 0.972846 -15.936137
 0.867500 0.933572 -15.384282
 0.870000 0.895613 -14.892234
 0.872500 0.858798 -14.471141
 0.875000 0.822949 -14.122973
 0.877500 0.787898 -13.830057
 0.880000 0.753542 -13.570715
 0.882500 0.719822 -13.311060
 0.885000 0.686779 -13.036045
 0.887500 0.654464 -12.729405
 0.890000 0.622959 -12.390660
 0.892500 0.592338 -12.027603
 0.895000 0.562655 -11.646149
 0.897500 0.533947 -11.248272
 0.900000 0.506255 -10.836684
 0.902500 0.479609 -10.413520
 0.905000 0.454039 -9.981564
 0.907500 0.429559 -9.542947
 0.910000 0.406182 -9.102250
 0.912500 0.383910 -8.659090
 0.915000 0.362752 -8.212178
 0.917500 0.342723 -7.759760
 0.920000 0.323836 -7.300084
 0.922500 0.306104 -6.839121
 0.925000 0.289518 -6.389102
 0.927500 0.274026 -5.970773
 0.930000 0.259519 -5.606808
 0.932500 0.245832 -5.316916
 0.935000 0.232766 -5.114065
 0.937500 0.220104 -4.994615
 0.940000 0.207659 -4.936335
 0.942500 0.195318 -4.908699
 0.945000 0.183050 -4.870535
 0.947500 0.170929 -4.788690
 0.950000 0.159095 -4.639513
 0.952500 0.147731 -4.415907
 0.955000 0.137013 -4.125549
 0.957500 0.127084 -3.790542
 0.960000 0.118022 -3.439174
 0.962500 0.109829 -3.099828
 0.965000 0.102445 -2.796643
 0.967500 0.095758 -2.544067
 0.970000 0.089636 -2.346148
 0.972500 0.083947 -2.196173
 0.975000 0.078588 -2.080641
 0.977500 0.073490 -1.984897
 0.980000 0.068618 -1.898231
 0.982500 0.063960 -1.816025
 0.985000 0.059503 -1.738965
 0.987500 0.055228 -1.671808
 0.990000 0.051106 -1.618032
 0.992500 0.047105 -1.575216
 0.995000 0.043206 -1.533972
 0.997500 0.039423 -1.481805
 1.000000 0.035799 -1.405911
 1.002500 0.032402 -1.298869
 1.005000 0.029311 -1.163768
 1.007500 0.026583 -1.011394
 1.010000 0.024240 -0.858136
 1.012500 0.022263 -0.721414
 1.015000 0.020593 -0.614954
 1.017500 0.019144 -0.544290
 1.020000 0.017830 -0.508077
 1.022500 0.016573 -0.497661
 1.025000 0.015322 -0.500976
 1.027500 0.014058 -0.506087
 1.030000 0.012788 -0.504270
 1.032500 0.011537 -0.491347
 1.035000 0.010333 -0.466737
 1.037500 0.009202 -0.434178
 1.040000 0.008159 -0.397717
 1.042500 0.007208 -0.361304
 1.045000 0.006347 -0.327127
 1.047500 0.005567 -0.295785
 1.050000 0.004862 -0.267103
 1.052500 0.004226 -0.240199
 1.055000 0.003656 -0.215038
 1.057500 0.003146 -0.191051
 1.060000 0.002696 -0.168082
 1.062500 0.002302 -0.145988
 1.065000 0.001963 -0.124401
 1.067500 0.001676 -0.104307
 1.070000 0.001437 -0.086119
 1.072500 0.001241 -0.071081
 1.075000 0.001078 -0.059824
 1.077500 0.000938 -0.052443
 1.080000 0.000811 -0.047846
 1.082500 0.000694 -0.045530
 1.085000 0.000582 -0.043594
 1.087500 0.000476 -0.041129
 1.090000 0.000377 -0.037444
 1.092500 0.000289 -0.032782
 1.095000 0.000214 -0.027340
 1.097500 0.000152 -0.021727
 1.100000 0.000104 -0.016532
 1.102500 0.000068 -0.011997
 1.105000 0.000043 -0.008336
 1.107500 0.000026 -0.005480
 1.110000 0.000015 -0.003423
 1.112500 0.000008 -0.002048
 1.115000 0.000004 -0.001140
 1.117500 0.000002 -0.000555
 1.120000 0.000001 -0.000271
 1.122500 0.000000 -0.000133
 1.125000 0.000000 -0.000061
 1.127500 0.000000 0.000000
 1.130000 0.000000 0.000000
 1.132500 0.000000 0.000000
 1.135000 0.000000 0.000000
 1.137500 0.000000 0.000000
 1.140000 0.000000 0.000000
 1.142500 0.000000 0.000000
 1.145000 0.000000 0.000000
 1.147500 0.000000 0.000000
 1.150000 0.000000 0.000000
 1.152500 0.000000 0.000000
 1.155000 0.000000 0.000000
 1.157500 0.000000 0.000000
 1.160000 0.000000 0.000000
 1.162500 0.000000 0.000000
 1.165000 0.000000 0.000000
 1.167500 0.000000 0.000000
 1.170000 0.000000 0.000000
 1.172500 0.000000 0.000000
 1.175000 0.000000 0.000000
 1.177500 0.000000 0.000000
 1.180000 0.000000 0.000000
 1.182500 0.000000 0.000000
 1.185000 0.000000 0.000000
 1.187500 0.000000 0.000000
 1.190000 0.000000 0.000000
 1.192500 0.000000 0.000000
 1.195000 0.000000 0.000000
 1.197500 0.000000 0.000000
 1.200000 0.000000 0.000000
 1.202500 0.000000 0.000000
 1.205000 0.000000 0.000000
 1.207500 0.000000 0.000000
 1.210000 0.000000 0.000000
 1.212500 0.000000 0.000000
 1.215000 0.000000 0.000000
 1.217500 0.000000 0.000000
 1.220000 0.000000 0.000000
 1.222500 0.000000 0.000000
 1.225000 0.000000 0.000000
 1.227500 0.000000 0.000000
 1.230000 0.000000 0.000000
 1.232500 0.000000 0.000000
 1.235000 0.000000 0.000000
 1.237500 0.000000 0.000000
 1.240000 0.000000 0.000000
 1.242500 0.000000 0.000000
 1.245000 0.000000 0.000000
 1.247500 0.000000 0.000000
 1.250000 0.000000 0.000000
 1.252500 0.000000 0.000000
 1.255000 0.000000 0.000000
 1.257500 0.000000 0.000000
 1.260000 0.000000 0.000000
 1.262500 0.000000 0.000000
 1.265000 0.000000 0.000000
 1.267500 0.000000 0.000000
 1.270000 0.000000 0.000000
 1.272500 0.000000 0.000000
 1.275000 0.000000 0.000000
 1.277500 0.000000 0.000000
 1.280000 0.000000 0.000000
 1.282500 0.000000 0.000000
 1.285000 0.000000 0.000000
 1.287500 0.000000 0.000000
 1.290000 0.000000 0.000000
 1.292500 0.000000 0.000000
 1.295000 0.000000 0.000000
 1.297500 0.000000 0.000000
 1.300000 0.000000 0.000000
 1.302500 0.000000 0.000000
 1.305000 0.000000 0.000000
 1.307500 0.000000 0.000000
 1.310000 0.000000 0.000000
 1.312500 0.000000 0.000000
 1.315000 0.000000 0.000000
 1.317500 0.000000 0.000000
 1.320000 0.000000 0.000000
 1.322500 0.000000 0.000000
 1.325000 0.000000 0.000000
 1.327500 0.000000 0.000000
 1.330000 0.000000 0.000000
 1.332500 0.000000 0.000000
 1.335000 0.000000 0.000000
 1.337500 0.000000 0.000000
 1.340000 0.000000 0.000000
 1.342500 0.000000 0.000000
 1.345000 0.000000 0.000000
 1.347500 0.000000 0.000000
 1.350000 0.000000 0.000000
 1.352500 0.000000 0.000000
 1.355000 0.000000 0.000000
 1.357500 0.000000 0.000000
 1.360000 0.000000 0.000000
 1.362500 0.000000 0.000000
 1.365000 0.000000 0.000000
 1.367500 0.000000 0.000000
 1.370000 0.000000 0.000000
 1.372500 0.000000 0.000000
 1.375000 0.000000 0.000000
 1.377500 0.000000 0.000000
 1.380000 0.000000 0.000000
 1.382500 0.000000 0.000000
 1.385000 0.000000 0.000000
 1.387500 0.000000 0.000000
 1.390000 0.000000 0.000000
 1.392500 0.000000 0.000000
 1.395000 0.000000 0.000000
 1.397500 0.000000 0.000000
 1.400000 0.000000 0.000000
 1.402500 0.000000 0.000000
 1.405000 0.000000 0.000000
 1.407500 0.000000 0.000000
 1.410000 0.000000 0.000000
 1.412500 0.000000 0.000000
 1.415000 0.000000 0.000000
 1.417500 0.000000 0.000000
 1.420000 0.000000 0.000000
 1.422500 0.000000 0.000000
 1.425000 0.000000 0.000000
 1.427500 0.000000 0.000000
 1.430000 0.000000 0.000000
 1.432500 0.000000 0.000000
 1.435000 0.000000 0.000000
 1.437500 0.000000 0.000000
 1.440000 0.000000 0.000000
 1.442500 0.000000 0.000000
 1.445000 0.000000 0.000000
 1.447500 0.000000 0.000000
 1.450000 0.000000 0.000000
 1.452500 0.000000 0.000000
 1.455000 0.000000 0.000000
 1.457500 0.000000 0.000000
 1.460000 0.000000 0.000000
 1.462500 0.000000 0.000000
 1.465000 0.000000 0.000000
 1.467500 0.000000 0.000000
 1.470000 0.000000 0.000000
 1.472500 0.000000 0.000000
 1.475000 0.000000 0.000000
 1.477500 0.000000 0.000000
 1.480000 0.000000 0.000000
 1.482500 0.000000 0.000000
 1.485000 0.000000 0.000000
 1.487500 0.000000 0.000000
 1.490000 0.000000 0.000000
 1.492500 0.000000 0.000000
 1.495000 0.000000 0.000000
 1.497500 0.000000 0.000000
 1.500000 0.000000 0.000000
 1.502500 0.000000 0.000000
 1.505000 0.000000 0.000000
 1.507500 0.000000 0.000000
 1.510000 0.000000 0.000000
 1.512500 0.000000 0.000000
 1.515000 0.000000 0.000000
 1.517500 0.000000 0.000000
 1.520000 0.000000 0.000000
 1.522500 0.000000 0.000000
 1.525000 0.000000 0.000000
 1.527500 0.000000 0.000000
 1.530000 0.000000 0.000000
 1.532500 0.000000 0.000000
 1.535000 0.000000 0.000000
 1.537500 0.000000 0.000000
 1.540000 0.000000 0.000000
 1.542500 0.000000 0.000000
 1.545000 0.000000 0.000000
 1.547500 0.000000 0.000000
 1.550000 0.000000 0.000000
 1.552500 0.000000 0.000000
 1.555000 0.000000 0.000000
 1.557500 0.000000 0.000000
 1.560000 0.000000 0.000000
 1.562500 0.000000 0.000000
 1.565000 0.000000 0.000000
 1.567500 0.000000 0.000000
 1.570000 0.000000 0.000000
 1.572500 0.000000 0.000000
 1.575000 0.000000 0.000000
 1.577500 0.000000 0.000000
 1.580000 0.000000 0.000000
 1.582500 0.000000 0.000000
 1.585000 0.000000 0.000000
 1.587500 0.000000 0.000000
 1.590000 0.000000 0.000000
 1.592500 0.000000 0.000000
 1.595000 0.000000 0.000000
 1.597500 0.000000 0.000000
 1.600000 0.000000 0.000000
 1.602500 0.000000 0.000000
 1.605000 0.000000 0.000000
 1.607500 0.000000 0.000000
 1.610000 0.000000 0.000000
 1.612500 0.000000 0.000000
 1.615000 0.000000 0.000000
 1.617500 0.000000 0.000000
 1.620000 0.000000 0.000000
 1.622500 0.000000 0.000000
 1.625000 0.000000 0.000000
 1.627500 0.000000 0.000000
 1.630000 0.000000 0.000000
 1.632500 0.000000 0.000000
 1.635000 0.000000 0.000000
 1.637500 0.000000 0.000000
 1.640000 0.000000 0.000000
 1.642500 0.000000 0.000000
 1.645000 0.000000 0.000000
 1.647500 0.000000 0.000000
 1.650000 0.000000 0.000000
 1.652500 0.000000 0.000000
 1.655000 0.000000 0.000000
 1.657500 0.000000 0.000000
 1.660000 0.000000 0.000000
 1.662500 0.000000 0.000000
 1.665000 0.000000 0.000000
 1.667500 0.000000 0.000000
 1.670000 0.000000 0.000000
 1.672500 0.000000 0.000000
 1.675000 0.000000 0.000000
 1.677500 0.000000 0.000000
 1.680000 0.000000 0.000000
 1.682500 0.000000 0.000000
 1.685000 0.000000 0.000000
 1.687500 0.000000 0.000000
 1.690000 0.000000 0.000000
 1.692500 0.000000 0.000000
 1.695000 0.000000 0.000000
 1.697500 0.000000 0.000000
 1.700000 0.000000 0.000000
 1.702500 0.000000 0.000000
 1.705000 0.000000 0.000000
 1.707500 0.000000 0.000000
 1.710000 0.000000 0.000000
 1.712500 0.000000 0.000000
 1.715000 0.000000 0.000000
 1.717500 0.000000 0.000000
 1.720000 0.000000 0.000000
 1.722500 0.000000 0.000000
 1.725000 0.000000 0.000000
 1.727500 0.000000 0.000000
 1.730000 0.000000 0.000000
 1.732500 0.000000 0.000000
 1.735000 0.000000 0.000000
 1.737500 0.000000 0.000000
 1.740000 0.000000 0.000000
 1.742500 0.000000 0.000000
 1.745000 0.000000 0.000000
 1.747500 0.000000 0.000000
 1.750000 0.000000 0.000000
 1.752500 0.000000 0.000000
 1.755000 0.000000 0.000000
 1.757500 0.000000 0.000000
 1.760000 0.000000 0.000000
 1.762500 0.000000 0.000000
 1.765000 0.000000 0.000000
 1.767500 0.000000 0.000000
 1.770000 0.000000 0.000000
 1.772500 0.000000 0.000000
 1.775000 0.000000 0.000000
 1.777500 0.000000 0.000000
 1.780000 0.000000 0.000000
 1.782500 0.000000 0.000000
 1.785000 0.000000 0.000000
 1.787500 0.000000 0.000000
 1.790000 0.000000 0.000000
 1.792500 0.000000 0.000000
 1.795000 0.000000 0.000000
 1.797500 0.000000 0.000000
 1.800000 0.000000 0.000000
 1.802500 0.000000 0.000000
 1.805000 0.000000 0.000000
 1.807500 0.000000 0.000000
 1.810000 0.000000 0.000000
 1.812500 0.000000 0.000000
 1.815000 0.000000 0.000000
 1.817500 0.000000 0.000000
 1.820000 0.000000 0.000000
 1.822500 0.000000 0.000000
 1.825000 0.000000 0.000000
 1.827500 0.000000 0.000000
 1.830000 0.000000 0.000000
 1.832500 0.000000 0.000000
 1.835000 0.000000 0.000000
 1.837500 0.000000 0.000000
 1.840000 0.000000 0.000000
 1.842500 0.000000 0.000000
 1.845000 0.000000 0.000000
 1.847500 0.000000 0.000000
 1.850000 0.000000 0.000000
 1.852500 0.000000 0.000000
 1.855000 0.000000 0.000000
 1.857500 0.000000 0.000000
 1.860000 0.000000 0.000000
 1.862500 0.000000 0.000000
 1.865000 0.000000 0.000000
 1.867500 0.000000 0.000000
 1.870000 0.000000 0.000000
 1.872500 0.000000 0.000000
 1.875000 0.000000 0.000000
 1.877500 0.000000 0.000000
 1.880000 0.000000 0.000000
 1.882500 0.000000 0.000000
 1.885000 0.000000 0.000000
 1.887500 0.000000 0.000000
 1.890000 0.000000 0.000000
 1.892500 0.000000 0.000000
 1.895000 0.000000 0.000000
 1.897500 0.000000 0.000000
 1.900000 0.000000 0.000000
 1.902500 0.000000 0.000000
 1.905000 0.000000 0.000000
 1.907500 0.000000 0.000000
 1.910000 0.000000 0.000000
 1.912500 0.000000 0.000000
 1.915000 0.000000 0.000000
 1.917500 0.000000 0.000000
 1.920000 0.000000 0.000000
 1.922500 0.000000 0.000000
 1.925000 0.000000 0.000000
 1.927500 0.000000 0.000000
 1.930000 0.000000 0.000000
 1.932500 0.000000 0.000000
 1.935000 0.000000 0.000000
 1.937500 0.000000 0.000000
 1.940000 0.000000 0.000000
 1.942500 0.000000 0.000000
 1.945000 0.000000 0.000000
 1.947500 0.000000 0.000000
 1.950000 0.000000 0.000000
 1.952500 0.000000 0.000000
 1.955000 0.000000 0.000000
 1.957500 0.000000 0.000000
 1.960000 0.000000 0.000000
 1.962500 0.000000 0.000000
 1.965000 0.000000 0.000000
 1.967500 0.000000 0.000000
 1.970000 0.000000 0.000000
 1.972500 0.000000 0.000000
 1.975000 0.000000 0.000000
 1.977500 0.000000 0.000000
 1.980000 0.000000 0.000000
 1.982500 0.000000 0.000000
 1.985000 0.000000 0.000000
 1.987500 0.000000 0.000000
 1.990000 0.000000 0.000000
 1.992500 0.000000 0.000000
 1.995000 0.000000 0.000000
 1.997500 0.000000 0.000000
 2.000000 0.000000 0.000000
