#! FIELDS es hh dhh_es
#! SET normalisation  2000.000000
#! SET min_es -0.5
#! SET max_es 2
#! SET nbins_es  1000
#! SET periodic_es false
 -0.500000 0.000000 0.000000
 -0.497500 0.000000 0.000000
 -0.495000 0.000000 0.000000
 -0.492500 0.000000 0.000000
 -0.490000 0.000000 0.000000
 -0.487500 0.000000 0.000000
 -0.485000 0.000000 0.000000
 -0.482500 0.000000 0.000000
 -0.480000 0.000000 0.000000
 -0.477500 0.000000 0.000000
 -0.475000 0.000000 0.000000
 -0.472500 0.000000 0.000000
 -0.470000 0.000000 0.000000
 -0.467500 0.000000 0.000000
 -0.465000 0.000000 0.000000
 -0.462500 0.000000 0.000000
 -0.460000 0.000000 0.000000
 -0.457500 0.000000 0.000000
 -0.455000 0.000000 0.000000
 -0.452500 0.000000 0.000000
 -0.450000 0.000000 0.000000
 -0.447500 0.000000 0.000000
 -0.445000 0.000000 0.000000
 -0.442500 0.000000 0.000000
 -0.440000 0.000000 0.000000
 -0.437500 0.000000 0.000000
 -0.435000 0.000000 0.000000
 -0.432500 0.000000 0.000000
 -0.430000 0.000000 0.000000
 -0.427500 0.000000 0.000000
 -0.425000 0.000000 0.000000
 -0.422500 0.000000 0.000000
 -0.420000 0.000000 0.000000
 -0.417500 0.000000 0.000000
 -0.415000 0.000000 0.000000
 -0.412500 0.000000 0.000000
 -0.410000 0.000000 0.000000
 -0.407500 0.000000 0.000000
 -0.405000 0.000000 0.000000
 -0.402500 0.000000 0.000000
 -0.400000 0.000000 0.000000
 -0.397500 0.000000 0.000000
 -0.395000 0.000000 0.000000
 -0.392500 0.000000 0.000000
 -0.390000 0.000000 0.000000
 -0.387500 0.000000 0.000000
 -0.385000 0.000000 0.000000
 -0.382500 0.000000 0.000000
 -0.380000 0.000000 0.000000
 -0.377500 0.000000 0.000000
 -0.375000 0.000000 0.000000
 -0.372500 0.000000 0.000000
 -0.370000 0.000000 0.000000
 -0.367500 0.000000 0.000000
 -0.365000 0.000000 0.000000
 -0.362500 0.000000 0.000000
 -0.360000 0.000000 0.000000
 -0.357500 0.000000 0.000000
 -0.355000 0.000000 0.000000
 -0.352500 0.000000 0.000000
 -0.350000 0.000000 0.000000
 -0.347500 0.000000 0.000000
 -0.345000 0.000000 0.000000
 -0.342500 0.000000 0.000000
 -0.340000 0.000000 0.000000
 -0.337500 0.000000 0.000000
 -0.335000 0.000000 0.000000
 -0.332500 0.000000 0.000000
 -0.330000 0.000000 0.000000
 -0.327500 0.000000 0.000000
 -0.325000 0.000000 0.000000
 -0.322500 0.000000 0.000000
 -0.320000 0.000000 0.000000
 -0.317500 0.000000 0.000000
 -0.315000 0.000000 0.000000
 -0.312500 0.000000 0.000000
 -0.310000 0.000000 0.000000
 -0.307500 0.000000 0.000000
 -0.305000 0.000000 0.000000
 -0.302500 0.000000 0.000000
 -0.300000 0.000000 0.000000
 -0.297500 0.000000 0.000000
 -0.295000 0.000000 0.000000
 -0.292500 0.000000 0.000000
 -0.290000 0.000000 0.000000
 -0.287500 0.000000 0.000000
 -0.285000 0.000000 0.000000
 -0.282500 0.000000 0.000000
 -0.280000 0.000000 0.000000
 -0.277500 0.000000 0.000000
 -0.275000 0.000000 0.000000
 -0.272500 0.000000 0.000000
 -0.270000 0.000000 0.000000
 -0.267500 0.000000 0.000000
 -0.265000 0.000000 0.000000
 -0.262500 0.000000 0.000000
 -0.260000 0.000000 0.000000
 -0.257500 0.000000 0.000000
 -0.255000 0.000000 0.000000
 -0.252500 0.000000 0.000000
 -0.250000 0.000000 0.000000
 -0.247500 0.000000 0.000000
 -0.245000 0.000000 0.000000
 -0.242500 0.000000 0.000000
 -0.240000 0.000000 0.000000
 -0.237500 0.000000 0.000000
 -0.235000 0.000000 0.000000
 -0.232500 0.000000 0.000000
 -0.230000 0.000000 0.000000
 -0.227500 0.000000 0.000000
 -0.225000 0.000000 0.000000
 -0.222500 0.000000 0.000000
 -0.220000 0.000000 0.000000
 -0.217500 0.000000 0.000000
 -0.215000 0.000000 0.000000
 -0.212500 0.000000 0.000000
 -0.210000 0.000000 0.000000
 -0.207500 0.000000 0.000000
 -0.205000 0.000000 0.000000
 -0.202500 0.000000 0.000000
 -0.200000 0.000000 0.000000
 -0.197500 0.000000 0.000000
 -0.195000 0.000000 0.000000
 -0.192500 0.000000 0.000000
 -0.190000 0.000000 0.000000
 -0.187500 0.000000 0.000000
 -0.185000 0.000000 0.000000
 -0.182500 0.000000 0.000000
 -0.180000 0.000000 0.000000
 -0.177500 0.000000 0.000000
 -0.175000 0.000000 0.000000
 -0.172500 0.000000 0.000000
 -0.170000 0.000000 0.000000
 -0.167500 0.000000 0.000000
 -0.165000 0.000000 0.000000
 -0.162500 0.000000 0.000000
 -0.160000 0.000000 0.000000
 -0.157500 0.000000 0.000000
 -0.155000 0.000000 0.000000
 -0.152500 0.000000 0.000000
 -0.150000 0.000000 0.000000
 -0.147500 0.000000 0.000000
 -0.145000 0.000000 0.000000
 -0.142500 0.000000 0.000000
 -0.140000 0.000000 0.000000
 -0.137500 0.000000 0.000000
 -0.135000 0.000000 0.000000
 -0.132500 0.000000 0.000000
 -0.130000 0.000000 0.000000
 -0.127500 0.000000 0.000000
 -0.125000 0.000000 0.000000
 -0.122500 0.000000 0.000000
 -0.120000 0.000000 0.000000
 -0.117500 0.000000 0.000000
 -0.115000 0.000000 0.000000
 -0.112500 0.000000 0.000000
 -0.110000 0.000000 0.000000
 -0.107500 0.000000 0.000000
 -0.105000 0.000000 0.000000
 -0.102500 0.000000 0.000000
 -0.100000 0.000000 0.000000
 -0.097500 0.000000 0.000000
 -0.095000 0.000000 0.000000
 -0.092500 0.000000 0.000000
 -0.090000 0.000000 0.000000
 -0.087500 0.000000 0.000000
 -0.085000 0.000000 0.000000
 -0.082500 0.000000 0.000000
 -0.080000 0.000000 0.000000
 -0.077500 0.000000 0.000000
 -0.075000 0.000000 0.000000
 -0.072500 0.000000 0.000000
 -0.070000 0.000000 0.000000
 -0.067500 0.000000 0.000000
 -0.065000 0.000000 0.000000
 -0.062500 0.000000 0.000000
 -0.060000 0.000000 0.000000
 -0.057500 0.000000 0.000000
 -0.055000 0.000000 0.000000
 -0.052500 0.000000 0.000000
 -0.050000 0.000000 0.000000
 -0.047500 0.000000 0.000000
 -0.045000 0.000000 0.000000
 -0.042500 0.000000 0.000000
 -0.040000 0.000000 0.000000
 -0.037500 0.000000 0.000000
 -0.035000 0.000000 0.000000
 -0.032500 0.000000 0.000000
 -0.030000 0.000000 0.000000
 -0.027500 0.000000 0.000000
 -0.025000 0.000000 0.000000
 -0.022500 0.000000 0.000000
 -0.020000 0.000000 0.000000
 -0.017500 0.000000 0.000000
 -0.015000 0.000000 0.000000
 -0.012500 0.000000 0.000000
 -0.010000 0.000000 0.000000
 -0.007500 0.000000 0.000000
 -0.005000 0.000000 0.000000
 -0.002500 0.000000 0.000000
 0.000000 0.000000 0.000000
 0.002500 0.000000 0.000000
 0.005000 0.000000 0.000000
 0.007500 0.000000 0.000000
 0.010000 0.000000 0.000000
 0.012500 0.000000 0.000000
 0.015000 0.000000 0.000000
 0.017500 0.000000 0.000000
 0.020000 0.000000 0.000000
 0.022500 0.000000 0.000000
 0.025000 0.000000 0.000000
 0.027500 0.000000 0.000000
 0.030000 0.000000 0.000000
 0.032500 0.000000 0.000000
 0.035000 0.000000 0.000000
 0.037500 0.000000 0.000000
 0.040000 0.000000 0.000000
 0.042500 0.000000 0.000000
 0.045000 0.000000 0.000000
 0.047500 0.000000 0.000000
 0.050000 0.000000 0.000000
 0.052500 0.000000 0.000000
 0.055000 0.000000 0.000000
 0.057500 0.000000 0.000000
 0.060000 0.000000 0.000000
 0.062500 0.000000 0.000000
 0.065000 0.000000 0.000000
 0.067500 0.000000 0.000000
 0.070000 0.000000 0.000000
 0.072500 0.000000 0.000000
 0.075000 0.000000 0.000000
 0.077500 0.000000 0.000000
 0.080000 0.000000 0.000000
 0.082500 0.000000 0.000000
 0.085000 0.000000 0.000000
 0.087500 0.000000 0.000000
 0.090000 0.000000 0.000000
 0.092500 0.000000 0.000000
 0.095000 0.000000 0.000000
 0.097500 0.000000 0.000000
 0.100000 0.000000 0.000000
 0.102500 0.000000 0.000000
 0.105000 0.000000 0.000000
 0.107500 0.000000 0.000000
 0.110000 0.000000 0.000000
 0.112500 0.000000 0.000000
 0.115000 0.000000 0.000000
 0.117500 0.000000 0.000000
 0.120000 0.000000 0.000000
 0.122500 0.000000 0.000000
 0.125000 0.000000 0.000000
 0.127500 0.000000 0.000000
 0.130000 0.000000 0.000000
 0.132500 0.000000 0.000000
 0.135000 0.000000 0.000000
 0.137500 0.000000 0.000000
 0.140000 0.000000 0.000000
 0.142500 0.000000 0.000000
 0.145000 0.000000 0.000000
 0.147500 0.000000 0.000000
 0.150000 0.000000 0.000000
 0.152500 0.000000 0.000000
 0.155000 0.000000 0.000000
 0.157500 0.000000 0.000000
 0.160000 0.000000 0.000000
 0.162500 0.000000 0.000000
 0.165000 0.000000 0.000000
 0.167500 0.000000 0.000000
 0.170000 0.000000 0.000000
 0.172500 0.000000 0.000000
 0.175000 0.000000 0.000000
 0.177500 0.000000 0.000000
 0.180000 0.000000 0.000000
 0.182500 0.000000 0.000000
 0.185000 0.000000 0.000000
 0.187500 0.000000 0.000000
 0.190000 0.000000 0.000030
 0.192500 0.000000 0.000072
 0.195000 0.000000 0.000165
 0.197500 0.000001 0.000365
 0.200000 0.000003 0.000765
 0.202500 0.000005 0.001452
 0.205000 0.000010 0.002585
 0.207500 0.000019 0.004324
 0.210000 0.000032 0.006765
 0.212500 0.000053 0.009919
 0.215000 0.000083 0.013663
 0.217500 0.000122 0.017626
 0.220000 0.000171 0.021421
 0.222500 0.000228 0.024383
 0.225000 0.000292 0.026180
 0.227500 0.000358 0.026642
 0.230000 0.000424 0.026104
 0.232500 0.000489 0.025366
 0.235000 0.000552 0.025544
 0.237500 0.000619 0.027786
 0.240000 0.000694 0.033131
 0.242500 0.000788 0.041767
 0.245000 0.000906 0.053393
 0.247500 0.001057 0.067270
 0.250000 0.001244 0.082183
 0.252500 0.001469 0.097859
 0.255000 0.001735 0.114517
 0.257500 0.002045 0.133408
 0.260000 0.002407 0.156202
 0.262500 0.002831 0.183906
 0.265000 0.003333 0.216985
 0.267500 0.003922 0.254469
 0.270000 0.004610 0.295126
 0.272500 0.005402 0.337628
 0.275000 0.006302 0.382275
 0.277500 0.007320 0.431228
 0.280000 0.008468 0.487887
 0.282500 0.009772 0.555940
 0.285000 0.011265 0.638313
 0.287500 0.012980 0.734653
 0.290000 0.014953 0.842906
 0.292500 0.017208 0.959374
 0.295000 0.019760 1.079728
 0.297500 0.022616 1.202557
 0.300000 0.025785 1.329343
 0.302500 0.029279 1.464136
 0.305000 0.033129 1.613875
 0.307500 0.037379 1.784944
 0.310000 0.042090 1.983925
 0.312500 0.047339 2.214801
 0.315000 0.053208 2.480278
 0.317500 0.059785 2.781234
 0.320000 0.067158 3.116074
 0.322500 0.075410 3.482376
 0.325000 0.084610 3.873240
 0.327500 0.094811 4.279180
 0.330000 0.106032 4.687619
 0.332500 0.118266 5.086249
 0.335000 0.131473 5.465062
 0.337500 0.145599 5.820321
 0.340000 0.160588 6.154490
 0.342500 0.176398 6.480128
 0.345000 0.193031 6.814322
 0.347500 0.210533 7.178419
 0.350000 0.229005 7.591243
 0.352500 0.248586 8.068101
 0.355000 0.269452 8.619473
 0.357500 0.291795 9.249723
 0.360000 0.315812 9.956039
 0.362500 0.341688 10.734649
 0.365000 0.369587 11.571859
 0.367500 0.399639 12.453082
 0.370000 0.431927 13.355881
 0.372500 0.466473 14.252478
 0.375000 0.503227 15.116363
 0.377500 0.542069 15.921660
 0.380000 0.582835 16.651729
 0.382500 0.625330 17.304606
 0.385000 0.669370 17.890828
 0.387500 0.714825 18.439089
 0.390000 0.761633 18.982259
 0.392500 0.809839 19.560070
 0.395000 0.859566 20.204919
 0.397500 0.911011 20.935209
 0.400000 0.964392 21.752871
 0.402500 1.019915 22.640062
 0.405000 1.077704 23.564306
 0.407500 1.137812 24.485125
 0.410000 1.200180 25.367696
 0.412500 1.264678 26.186204
 0.415000 1.331125 26.928114
 0.417500 1.399325 27.588463
 0.420000 1.469077 28.172028
 0.422500 1.540197 28.684030
 0.425000 1.612505 29.127328
 0.427500 1.685836 29.502704
 0.430000 1.760030 29.816040
 0.432500 1.834929 30.072638
 0.435000 1.910416 30.287071
 0.437500 1.986383 30.461965
 0.440000 2.062742 30.604341
 0.442500 2.139413 30.709787
 0.445000 2.216294 30.776350
 0.447500 2.293292 30.801288
 0.450000 2.370288 30.780916
 0.452500 2.447175 30.719041
 0.455000 2.523853 30.613550
 0.457500 2.600206 30.461067
 0.460000 2.676101 30.249706
 0.462500 2.751380 29.965173
 0.465000 2.825841 29.607200
 0.467500 2.899324 29.187442
 0.470000 2.971706 28.743383
 0.472500 3.042998 28.325381
 0.475000 3.113320 27.976412
 0.477500 3.182875 27.713767
 0.480000 3.251844 27.509683
 0.482500 3.320307 27.295422
 0.485000 3.388116 26.974005
 0.487500 3.454878 26.448340
 0.490000 3.519989 25.653473
 0.492500 3.582737 24.562542
 0.495000 3.642411 23.208309
 0.497500 3.698450 21.668508
 0.500000 3.750496 20.041862
 0.502500 3.798458 18.426221
 0.505000 3.842488 16.906585
 0.507500 3.882883 15.533137
 0.510000 3.920051 14.323973
 0.512500 3.954378 13.275856
 0.515000 3.986244 12.342383
 0.517500 4.015877 11.484300
 0.520000 4.043400 10.652462
 0.522500 4.068822 9.799815
 0.525000 4.092036 8.898375
 0.527500 4.112907 7.927061
 0.530000 4.131266 6.894100
 0.532500 4.146981 5.821268
 0.535000 4.159977 4.732547
 0.537500 4.170255 3.652258
 0.540000 4.177839 2.582379
 0.542500 4.182752 1.509793
 0.545000 4.184930 0.394984
 0.547500 4.184225 -0.803122
 0.550000 4.180388 -2.108236
 0.552500 4.173138 -3.527652
 0.555000 4.162219 -5.029375
 0.557500 4.147501 -6.558827
 0.560000 4.129003 -8.036706
 0.562500 4.106931 -9.400948
 0.565000 4.081653 -10.595473
 0.567500 4.053618 -11.596315
 0.570000 4.023320 -12.411805
 0.572500 3.991193 -13.062955
 0.575000 3.957590 -13.586878
 0.577500 3.922790 -14.030450
 0.580000 3.886951 -14.425524
 0.582500 3.850149 -14.795414
 0.585000 3.812429 -15.172354
 0.587500 3.773724 -15.583707
 0.590000 3.733907 -16.070233
 0.592500 3.692730 -16.669973
 0.595000 3.649873 -17.420700
 0.597500 3.604947 -18.323278
 0.600000 3.557595 -19.350716
 0.602500 3.507602 -20.425773
 0.605000 3.454975 -21.435948
 0.607500 3.400026 -22.259979
 0.610000 3.343365 -22.795933
 0.612500 3.285788 -22.995451
 0.615000 3.228116 -22.881538
 0.617500 3.171028 -22.555089
 0.620000 3.114863 -22.153425
 0.622500 3.059642 -21.838316
 0.625000 3.004994 -21.709681
 0.627500 2.950379 -21.809628
 0.630000 2.895250 -22.111675
 0.632500 2.839200 -22.528943
 0.635000 2.782084 -22.952037
 0.637500 2.724014 -23.271593
 0.640000 2.665356 -23.423821
 0.642500 2.606554 -23.381015
 0.645000 2.548070 -23.182963
 0.647500 2.490217 -22.893985
 0.650000 2.433116 -22.597446
 0.652500 2.376692 -22.370685
 0.655000 2.320713 -22.250377
 0.657500 2.264900 -22.237681
 0.660000 2.209015 -22.303825
 0.662500 2.152916 -22.393653
 0.665000 2.096617 -22.461565
 0.667500 2.040221 -22.468138
 0.670000 1.983918 -22.388782
 0.672500 1.927934 -22.212359
 0.675000 1.872516 -21.934016
 0.677500 1.817933 -21.558631
 0.680000 1.764410 -21.087806
 0.682500 1.712166 -20.541302
 0.685000 1.661361 -19.956968
 0.687500 1.612019 -19.376755
 0.690000 1.564069 -18.850349
 0.692500 1.517336 -18.411187
 0.695000 1.471586 -18.063718
 0.697500 1.426616 -17.782659
 0.700000 1.382324 -17.514947
 0.702500 1.338745 -17.204716
 0.705000 1.296050 -16.811290
 0.707500 1.254464 -16.322477
 0.710000 1.214196 -15.762825
 0.712500 1.175371 -15.184586
 0.715000 1.137952 -14.651068
 0.717500 1.101756 -14.212446
 0.720000 1.066513 -13.895204
 0.722500 1.031924 -13.692180
 0.725000 0.997745 -13.559588
 0.727500 0.963861 -13.447091
 0.730000 0.930297 -13.303485
 0.732500 0.897169 -13.092849
 0.735000 0.864658 -12.814375
 0.737500 0.832914 -12.489399
 0.740000 0.802007 -12.151492
 0.742500 0.771930 -11.832324
 0.745000 0.742612 -11.547964
 0.747500 0.713977 -11.286285
 0.750000 0.686002 -11.016777
 0.752500 0.658749 -10.703390
 0.755000 0.632369 -10.317315
 0.757500 0.607053 -9.858004
 0.760000 0.582958 -9.345466
 0.762500 0.560167 -8.824138
 0.765000 0.538642 -8.343167
 0.767500 0.518228 -7.946534
 0.770000 0.498683 -7.651103
 0.772500 0.479744 -7.457359
 0.775000 0.461192 -7.345478
 0.777500 0.442855 -7.279084
 0.780000 0.424664 -7.224569
 0.782500 0.406627 -7.148607
 0.785000 0.388834 -7.029369
 0.787500 0.371415 -6.851718
 0.790000 0.354519 -6.608380
 0.792500 0.338309 -6.311442
 0.795000 0.322895 -5.978248
 0.797500 0.308332 -5.636539
 0.800000 0.294601 -5.322598
 0.802500 0.281589 -5.060747
 0.805000 0.269149 -4.869132
 0.807500 0.257109 -4.740403
 0.810000 0.245337 -4.649279
 0.812500 0.233780 -4.562431
 0.815000 0.222473 -4.445543
 0.817500 0.211526 -4.275846
 0.820000 0.201074 -4.049327
 0.822500 0.191247 -3.783081
 0.825000 0.182108 -3.503776
 0.827500 0.173651 -3.243607
 0.830000 0.165796 -3.027160
 0.832500 0.158417 -2.863736
 0.835000 0.151383 -2.752558
 0.837500 0.144574 -2.681941
 0.840000 0.137907 -2.636337
 0.842500 0.131335 -2.602599
 0.845000 0.124848 -2.570176
 0.847500 0.118449 -2.529540
 0.850000 0.112169 -2.476936
 0.852500 0.106042 -2.406042
 0.855000 0.100117 -2.315965
 0.857500 0.094443 -2.207917
 0.860000 0.089060 -2.085353
 0.862500 0.083995 -1.955172
 0.865000 0.079255 -1.827250
 0.867500 0.074819 -1.711203
 0.870000 0.070653 -1.614847
 0.872500 0.066702 -1.539174
 0.875000 0.062916 -1.481682
 0.877500 0.059258 -1.437159
 0.880000 0.055705 -1.396427
 0.882500 0.052255 -1.353865
 0.885000 0.048920 -1.305569
 0.887500 0.045714 -1.250283
 0.890000 0.042654 -1.189634
 0.892500 0.039752 -1.125088
 0.895000 0.037014 -1.057811
 0.897500 0.034448 -0.990130
 0.900000 0.032051 -0.921581
 0.902500 0.029825 -0.854775
 0.905000 0.027762 -0.790953
 0.907500 0.025853 -0.734352
 0.910000 0.024073 -0.685662
 0.912500 0.022404 -0.646437
 0.915000 0.020824 -0.614204
 0.917500 0.019320 -0.585047
 0.920000 0.017893 -0.552893
 0.922500 0.016555 -0.512025
 0.925000 0.015333 -0.460247
 0.927500 0.014255 -0.398240
 0.930000 0.013340 -0.330599
 0.932500 0.012594 -0.265020
 0.935000 0.012000 -0.209915
 0.937500 0.011523 -0.172743
 0.940000 0.011112 -0.157915
 0.942500 0.010710 -0.164839
 0.945000 0.010268 -0.190311
 0.947500 0.009746 -0.226789
 0.950000 0.009128 -0.265998
 0.952500 0.008416 -0.300106
 0.955000 0.007633 -0.323163
 0.957500 0.006809 -0.331887
 0.960000 0.005982 -0.326072
 0.962500 0.005187 -0.307357
 0.965000 0.004451 -0.279053
 0.967500 0.003795 -0.245189
 0.970000 0.003225 -0.209034
 0.972500 0.002746 -0.174078
 0.975000 0.002351 -0.142136
 0.977500 0.002030 -0.114547
 0.980000 0.001772 -0.091848
 0.982500 0.001564 -0.074224
 0.985000 0.001395 -0.060924
 0.987500 0.001254 -0.051606
 0.990000 0.001133 -0.045136
 0.992500 0.001025 -0.040941
 0.995000 0.000925 -0.038799
 0.997500 0.000829 -0.037900
 1.000000 0.000734 -0.037467
 1.002500 0.000641 -0.036828
 1.005000 0.000550 -0.035436
 1.007500 0.000464 -0.032915
 1.010000 0.000386 -0.029472
 1.012500 0.000317 -0.025379
 1.015000 0.000259 -0.021166
 1.017500 0.000211 -0.017487
 1.020000 0.000171 -0.014464
 1.022500 0.000137 -0.012194
 1.025000 0.000109 -0.010563
 1.027500 0.000084 -0.009171
 1.030000 0.000063 -0.007821
 1.032500 0.000045 -0.006346
 1.035000 0.000031 -0.004988
 1.037500 0.000020 -0.003682
 1.040000 0.000012 -0.002496
 1.042500 0.000007 -0.001623
 1.045000 0.000004 -0.000970
 1.047500 0.000002 -0.000550
 1.050000 0.000001 -0.000291
 1.052500 0.000000 -0.000143
 1.055000 0.000000 -0.000066
 1.057500 0.000000 0.000000
 1.060000 0.000000 0.000000
 1.062500 0.000000 0.000000
 1.065000 0.000000 0.000000
 1.067500 0.000000 0.000000
 1.070000 0.000000 0.000000
 1.072500 0.000000 0.000000
 1.075000 0.000000 0.000000
 1.077500 0.000000 0.000000
 1.080000 0.000000 0.000000
 1.082500 0.000000 0.000000
 1.085000 0.000000 0.000000
 1.087500 0.000000 0.000000
 1.090000 0.000000 0.000000
 1.092500 0.000000 0.000000
 1.095000 0.000000 0.000000
 1.097500 0.000000 0.000000
 1.100000 0.000000 0.000000
 1.102500 0.000000 0.000000
 1.105000 0.000000 0.000000
 1.107500 0.000000 0.000000
 1.110000 0.000000 0.000000
 1.112500 0.000000 0.000000
 1.115000 0.000000 0.000000
 1.117500 0.000000 0.000000
 1.120000 0.000000 0.000000
 1.122500 0.000000 0.000000
 1.125000 0.000000 0.000000
 1.127500 0.000000 0.000000
 1.130000 0.000000 0.000000
 1.132500 0.000000 0.000000
 1.135000 0.000000 0.000000
 1.137500 0.000000 0.000000
 1.140000 0.000000 0.000000
 1.142500 0.000000 0.000000
 1.145000 0.000000 0.000000
 1.147500 0.000000 0.000000
 1.150000 0.000000 0.000000
 1.152500 0.000000 0.000000
 1.155000 0.000000 0.000000
 1.157500 0.000000 0.000000
 1.160000 0.000000 0.000000
 1.162500 0.000000 0.000000
 1.165000 0.000000 0.000000
 1.167500 0.000000 0.000000
 1.170000 0.000000 0.000000
 1.172500 0.000000 0.000000
 1.175000 0.000000 0.000000
 1.177500 0.000000 0.000000
 1.180000 0.000000 0.000000
 1.182500 0.000000 0.000000
 1.185000 0.000000 0.000000
 1.187500 0.000000 0.000000
 1.190000 0.000000 0.000000
 1.192500 0.000000 0.000000
 1.195000 0.000000 0.000000
 1.197500 0.000000 0.000000
 1.200000 0.000000 0.000000
 1.202500 0.000000 0.000000
 1.205000 0.000000 0.000000
 1.207500 0.000000 0.000000
 1.210000 0.000000 0.000000
 1.212500 0.000000 0.000000
 1.215000 0.000000 0.000000
 1.217500 0.000000 0.000000
 1.220000 0.000000 0.000000
 1.222500 0.000000 0.000000
 1.225000 0.000000 0.000000
 1.227500 0.000000 0.000000
 1.230000 0.000000 0.000000
 1.232500 0.000000 0.000000
 1.235000 0.000000 0.000000
 1.237500 0.000000 0.000000
 1.240000 0.000000 0.000000
 1.242500 0.000000 0.000000
 1.245000 0.000000 0.000000
 1.247500 0.000000 0.000000
 1.250000 0.000000 0.000000
 1.252500 0.000000 0.000000
 1.255000 0.000000 0.000000
 1.257500 0.000000 0.000000
 1.260000 0.000000 0.000000
 1.262500 0.000000 0.000000
 1.265000 0.000000 0.000000
 1.267500 0.000000 0.000000
 1.270000 0.000000 0.000000
 1.272500 0.000000 0.000000
 1.275000 0.000000 0.000000
 1.277500 0.000000 0.000000
 1.280000 0.000000 0.000000
 1.282500 0.000000 0.000000
 1.285000 0.000000 0.000000
 1.287500 0.000000 0.000000
 1.290000 0.000000 0.000000
 1.292500 0.000000 0.000000
 1.295000 0.000000 0.000000
 1.297500 0.000000 0.000000
 1.300000 0.000000 0.000000
 1.302500 0.000000 0.000000
 1.305000 0.000000 0.000000
 1.307500 0.000000 0.000000
 1.310000 0.000000 0.000000
 1.312500 0.000000 0.000000
 1.315000 0.000000 0.000000
 1.317500 0.000000 0.000000
 1.320000 0.000000 0.000000
 1.322500 0.000000 0.000000
 1.325000 0.000000 0.000000
 1.327500 0.000000 0.000000
 1.330000 0.000000 0.000000
 1.332500 0.000000 0.000000
 1.335000 0.000000 0.000000
 1.337500 0.000000 0.000000
 1.340000 0.000000 0.000000
 1.342500 0.000000 0.000000
 1.345000 0.000000 0.000000
 1.347500 0.000000 0.000000
 1.350000 0.000000 0.000000
 1.352500 0.000000 0.000000
 1.355000 0.000000 0.000000
 1.357500 0.000000 0.000000
 1.360000 0.000000 0.000000
 1.362500 0.000000 0.000000
 1.365000 0.000000 0.000000
 1.367500 0.000000 0.000000
 1.370000 0.000000 0.000000
 1.372500 0.000000 0.000000
 1.375000 0.000000 0.000000
 1.377500 0.000000 0.000000
 1.380000 0.000000 0.000000
 1.382500 0.000000 0.000000
 1.385000 0.000000 0.000000
 1.387500 0.000000 0.000000
 1.390000 0.000000 0.000000
 1.392500 0.000000 0.000000
 1.395000 0.000000 0.000000
 1.397500 0.000000 0.000000
 1.400000 0.000000 0.000000
 1.402500 0.000000 0.000000
 1.405000 0.000000 0.000000
 1.407500 0.000000 0.000000
 1.410000 0.000000 0.000000
 1.412500 0.000000 0.000000
 1.415000 0.000000 0.000000
 1.417500 0.000000 0.000000
 1.420000 0.000000 0.000000
 1.422500 0.000000 0.000000
 1.425000 0.000000 0.000000
 1.427500 0.000000 0.000000
 1.430000 0.000000 0.000000
 1.432500 0.000000 0.000000
 1.435000 0.000000 0.000000
 1.437500 0.000000 0.000000
 1.440000 0.000000 0.000000
 1.442500 0.000000 0.000000
 1.445000 0.000000 0.000000
 1.447500 0.000000 0.000000
 1.450000 0.000000 0.000000
 1.452500 0.000000 0.000000
 1.455000 0.000000 0.000000
 1.457500 0.000000 0.000000
 1.460000 0.000000 0.000000
 1.462500 0.000000 0.000000
 1.465000 0.000000 0.000000
 1.467500 0.000000 0.000000
 1.470000 0.000000 0.000000
 1.472500 0.000000 0.000000
 1.475000 0.000000 0.000000
 1.477500 0.000000 0.000000
 1.480000 0.000000 0.000000
 1.482500 0.000000 0.000000
 1.485000 0.000000 0.000000
 1.487500 0.000000 0.000000
 1.490000 0.000000 0.000000
 1.492500 0.000000 0.000000
 1.495000 0.000000 0.000000
 1.497500 0.000000 0.000000
 1.500000 0.000000 0.000000
 1.502500 0.000000 0.000000
 1.505000 0.000000 0.000000
 1.507500 0.000000 0.000000
 1.510000 0.000000 0.000000
 1.512500 0.000000 0.000000
 1.515000 0.000000 0.000000
 1.517500 0.000000 0.000000
 1.520000 0.000000 0.000000
 1.522500 0.000000 0.000000
 1.525000 0.000000 0.000000
 1.527500 0.000000 0.000000
 1.530000 0.000000 0.000000
 1.532500 0.000000 0.000000
 1.535000 0.000000 0.000000
 1.537500 0.000000 0.000000
 1.540000 0.000000 0.000000
 1.542500 0.000000 0.000000
 1.545000 0.000000 0.000000
 1.547500 0.000000 0.000000
 1.550000 0.000000 0.000000
 1.552500 0.000000 0.000000
 1.555000 0.000000 0.000000
 1.557500 0.000000 0.000000
 1.560000 0.000000 0.000000
 1.562500 0.000000 0.000000
 1.565000 0.000000 0.000000
 1.567500 0.000000 0.000000
 1.570000 0.000000 0.000000
 1.572500 0.000000 0.000000
 1.575000 0.000000 0.000000
 1.577500 0.000000 0.000000
 1.580000 0.000000 0.000000
 1.582500 0.000000 0.000000
 1.585000 0.000000 0.000000
 1.587500 0.000000 0.000000
 1.590000 0.000000 0.000000
 1.592500 0.000000 0.000000
 1.595000 0.000000 0.000000
 1.597500 0.000000 0.000000
 1.600000 0.000000 0.000000
 1.602500 0.000000 0.000000
 1.605000 0.000000 0.000000
 1.607500 0.000000 0.000000
 1.610000 0.000000 0.000000
 1.612500 0.000000 0.000000
 1.615000 0.000000 0.000000
 1.617500 0.000000 0.000000
 1.620000 0.000000 0.000000
 1.622500 0.000000 0.000000
 1.625000 0.000000 0.000000
 1.627500 0.000000 0.000000
 1.630000 0.000000 0.000000
 1.632500 0.000000 0.000000
 1.635000 0.000000 0.000000
 1.637500 0.000000 0.000000
 1.640000 0.000000 0.000000
 1.642500 0.000000 0.000000
 1.645000 0.000000 0.000000
 1.647500 0.000000 0.000000
 1.650000 0.000000 0.000000
 1.652500 0.000000 0.000000
 1.655000 0.000000 0.000000
 1.657500 0.000000 0.000000
 1.660000 0.000000 0.000000
 1.662500 0.000000 0.000000
 1.665000 0.000000 0.000000
 1.667500 0.000000 0.000000
 1.670000 0.000000 0.000000
 1.672500 0.000000 0.000000
 1.675000 0.000000 0.000000
 1.677500 0.000000 0.000000
 1.680000 0.000000 0.000000
 1.682500 0.000000 0.000000
 1.685000 0.000000 0.000000
 1.687500 0.000000 0.000000
 1.690000 0.000000 0.000000
 1.692500 0.000000 0.000000
 1.695000 0.000000 0.000000
 1.697500 0.000000 0.000000
 1.700000 0.000000 0.000000
 1.702500 0.000000 0.000000
 1.705000 0.000000 0.000000
 1.707500 0.000000 0.000000
 1.710000 0.000000 0.000000
 1.712500 0.000000 0.000000
 1.715000 0.000000 0.000000
 1.717500 0.000000 0.000000
 1.720000 0.000000 0.000000
 1.722500 0.000000 0.000000
 1.725000 0.000000 0.000000
 1.727500 0.000000 0.000000
 1.730000 0.000000 0.000000
 1.732500 0.000000 0.000000
 1.735000 0.000000 0.000000
 1.737500 0.000000 0.000000
 1.740000 0.000000 0.000000
 1.742500 0.000000 0.000000
 1.745000 0.000000 0.000000
 1.747500 0.000000 0.000000
 1.750000 0.000000 0.000000
 1.752500 0.000000 0.000000
 1.755000 0.000000 0.000000
 1.757500 0.000000 0.000000
 1.760000 0.000000 0.000000
 1.762500 0.000000 0.000000
 1.765000 0.000000 0.000000
 1.767500 0.000000 0.000000
 1.770000 0.000000 0.000000
 1.772500 0.000000 0.000000
 1.775000 0.000000 0.000000
 1.777500 0.000000 0.000000
 1.780000 0.000000 0.000000
 1.782500 0.000000 0.000000
 1.785000 0.000000 0.000000
 1.787500 0.000000 0.000000
 1.790000 0.000000 0.000000
 1.792500 0.000000 0.000000
 1.795000 0.000000 0.000000
 1.797500 0.000000 0.000000
 1.800000 0.000000 0.000000
 1.802500 0.000000 0.000000
 1.805000 0.000000 0.000000
 1.807500 0.000000 0.000000
 1.810000 0.000000 0.000000
 1.812500 0.000000 0.000000
 1.815000 0.000000 0.000000
 1.817500 0.000000 0.000000
 1.820000 0.000000 0.000000
 1.822500 0.000000 0.000000
 1.825000 0.000000 0.000000
 1.827500 0.000000 0.000000
 1.830000 0.000000 0.000000
 1.832500 0.000000 0.000000
 1.835000 0.000000 0.000000
 1.837500 0.000000 0.000000
 1.840000 0.000000 0.000000
 1.842500 0.000000 0.000000
 1.845000 0.000000 0.000000
 1.847500 0.000000 0.000000
 1.850000 0.000000 0.000000
 1.852500 0.000000 0.000000
 1.855000 0.000000 0.000000
 1.857500 0.000000 0.000000
 1.860000 0.000000 0.000000
 1.862500 0.000000 0.000000
 1.865000 0.000000 0.000000
 1.867500 0.000000 0.000000
 1.870000 0.000000 0.000000
 1.872500 0.000000 0.000000
 1.875000 0.000000 0.000000
 1.877500 0.000000 0.000000
 1.880000 0.000000 0.000000
 1.882500 0.000000 0.000000
 1.885000 0.000000 0.000000
 1.887500 0.000000 0.000000
 1.890000 0.000000 0.000000
 1.892500 0.000000 0.000000
 1.895000 0.000000 0.000000
 1.897500 0.000000 0.000000
 1.900000 0.000000 0.000000
 1.902500 0.000000 0.000000
 1.905000 0.000000 0.000000
 1.907500 0.000000 0.000000
 1.910000 0.000000 0.000000
 1.912500 0.000000 0.000000
 1.915000 0.000000 0.000000
 1.917500 0.000000 0.000000
 1.920000 0.000000 0.000000
 1.922500 0.000000 0.000000
 1.925000 0.000000 0.000000
 1.927500 0.000000 0.000000
 1.930000 0.000000 0.000000
 1.932500 0.000000 0.000000
 1.935000 0.000000 0.000000
 1.937500 0.000000 0.000000
 1.940000 0.000000 0.000000
 1.942500 0.000000 0.000000
 1.945000 0.000000 0.000000
 1.947500 0.000000 0.000000
 1.950000 0.000000 0.000000
 1.952500 0.000000 0.000000
 1.955000 0.000000 0.000000
 1.957500 0.000000 0.000000
 1.960000 0.000000 0.000000
 1.962500 0.000000 0.000000
 1.965000 0.000000 0.000000
 1.967500 0.000000 0.000000
 1.970000 0.000000 0.000000
 1.972500 0.000000 0.000000
 1.975000 0.000000 0.000000
 1.977500 0.000000 0.000000
 1.980000 0.000000 0.000000
 1.982500 0.000000 0.000000
 1.985000 0.000000 0.000000
 1.987500 0.000000 0.000000
 1.990000 0.000000 0.000000
 1.992500 0.000000 0.000000
 1.995000 0.000000 0.000000
 1.997500 0.000000 0.000000
 2.000000 0.000000 0.000000
