#! FIELDS es hh dhh_es
#! SET normalisation  2000.000000
#! SET min_es -0.5
#! SET max_es 2
#! SET nbins_es  1000
#! SET periodic_es false
 -0.500000 0.000000 0.000000
 -0.497500 0.000000 0.000000
 -0.495000 0.000000 0.000000
 -0.492500 0.000000 0.000000
 -0.490000 0.000000 0.000000
 -0.487500 0.000000 0.000000
 -0.485000 0.000000 0.000000
 -0.482500 0.000000 0.000000
 -0.480000 0.000000 0.000000
 -0.477500 0.000000 0.000000
 -0.475000 0.000000 0.000000
 -0.472500 0.000000 0.000000
 -0.470000 0.000000 0.000000
 -0.467500 0.000000 0.000000
 -0.465000 0.000000 0.000000
 -0.462500 0.000000 0.000000
 -0.460000 0.000000 0.000000
 -0.457500 0.000000 0.000000
 -0.455000 0.000000 0.000000
 -0.452500 0.000000 0.000000
 -0.450000 0.000000 0.000000
 -0.447500 0.000000 0.000000
 -0.445000 0.000000 0.000000
 -0.442500 0.000000 0.000000
 -0.440000 0.000000 0.000000
 -0.437500 0.000000 0.000000
 -0.435000 0.000000 0.000000
 -0.432500 0.000000 0.000000
 -0.430000 0.000000 0.000000
 -0.427500 0.000000 0.000000
 -0.425000 0.000000 0.000000
 -0.422500 0.000000 0.000000
 -0.420000 0.000000 0.000000
 -0.417500 0.000000 0.000000
 -0.415000 0.000000 0.000000
 -0.412500 0.000000 0.000000
 -0.410000 0.000000 0.000000
 -0.407500 0.000000 0.000000
 -0.405000 0.000000 0.000000
 -0.402500 0.000000 0.000000
 -0.400000 0.000000 0.000000
 -0.397500 0.000000 0.000000
 -0.395000 0.000000 0.000000
 -0.392500 0.000000 0.000000
 -0.390000 0.000000 0.000000
 -0.387500 0.000000 0.000000
 -0.385000 0.000000 0.000000
 -0.382500 0.000000 0.000000
 -0.380000 0.000000 0.000000
 -0.377500 0.000000 0.000000
 -0.375000 0.000000 0.000000
 -0.372500 0.000000 0.000000
 -0.370000 0.000000 0.000000
 -0.367500 0.000000 0.000000
 -0.365000 0.000000 0.000000
 -0.362500 0.000000 0.000000
 -0.360000 0.000000 0.000000
 -0.357500 0.000000 0.000000
 -0.355000 0.000000 0.000000
 -0.352500 0.000000 0.000000
 -0.350000 0.000000 0.000000
 -0.347500 0.000000 0.000000
 -0.345000 0.000000 0.000000
 -0.342500 0.000000 0.000000
 -0.340000 0.000000 0.000000
 -0.337500 0.000000 0.000000
 -0.335000 0.000000 0.000000
 -0.332500 0.000000 0.000000
 -0.330000 0.000000 0.000000
 -0.327500 0.000000 0.000000
 -0.325000 0.000000 0.000000
 -0.322500 0.000000 0.000000
 -0.320000 0.000000 0.000000
 -0.317500 0.000000 0.000000
 -0.315000 0.000000 0.000000
 -0.312500 0.000000 0.000000
 -0.310000 0.000000 0.000000
 -0.307500 0.000000 0.000000
 -0.305000 0.000000 0.000000
 -0.302500 0.000000 0.000000
 -0.300000 0.000000 0.000000
 -0.297500 0.000000 0.000000
 -0.295000 0.000000 0.000000
 -0.292500 0.000000 0.000000
 -0.290000 0.000000 0.000000
 -0.287500 0.000000 0.000000
 -0.285000 0.000000 0.000000
 -0.282500 0.000000 0.000000
 -0.280000 0.000000 0.000000
 -0.277500 0.000000 0.000000
 -0.275000 0.000000 0.000000
 -0.272500 0.000000 0.000000
 -0.270000 0.000000 0.000000
 -0.267500 0.000000 0.000000
 -0.265000 0.000000 0.000000
 -0.262500 0.000000 0.000000
 -0.260000 0.000000 0.000000
 -0.257500 0.000000 0.000000
 -0.255000 0.000000 0.000000
 -0.252500 0.000000 0.000000
 -0.250000 0.000000 0.000000
 -0.247500 0.000000 0.000000
 -0.245000 0.000000 0.000000
 -0.242500 0.000000 0.000000
 -0.240000 0.000000 0.000000
 -0.237500 0.000000 0.000000
 -0.235000 0.000000 0.000000
 -0.232500 0.000000 0.000000
 -0.230000 0.000000 0.000000
 -0.227500 0.000000 0.000000
 -0.225000 0.000000 0.000000
 -0.222500 0.000000 0.000000
 -0.220000 0.000000 0.000000
 -0.217500 0.000000 0.000000
 -0.215000 0.000000 0.000000
 -0.212500 0.000000 0.000000
 -0.210000 0.000000 0.000000
 -0.207500 0.000000 0.000000
 -0.205000 0.000000 0.000000
 -0.202500 0.000000 0.000000
 -0.200000 0.000000 0.000000
 -0.197500 0.000000 0.000000
 -0.195000 0.000000 0.000000
 -0.192500 0.000000 0.000000
 -0.190000 0.000000 0.000000
 -0.187500 0.000000 0.000000
 -0.185000 0.000000 0.000000
 -0.182500 0.000000 0.000000
 -0.180000 0.000000 0.000000
 -0.177500 0.000000 0.000000
 -0.175000 0.000000 0.000000
 -0.172500 0.000000 0.000000
 -0.170000 0.000000 0.000000
 -0.167500 0.000000 0.000000
 -0.165000 0.000000 0.000000
 -0.162500 0.000000 0.000000
 -0.160000 0.000000 0.000000
 -0.157500 0.000000 0.000000
 -0.155000 0.000000 0.000000
 -0.152500 0.000000 0.000000
 -0.150000 0.000000 0.000000
 -0.147500 0.000000 0.000000
 -0.145000 0.000000 0.000000
 -0.142500 0.000000 0.000000
 -0.140000 0.000000 0.000000
 -0.137500 0.000000 0.000000
 -0.135000 0.000000 0.000000
 -0.132500 0.000000 0.000000
 -0.130000 0.000000 0.000000
 -0.127500 0.000000 0.000000
 -0.125000 0.000000 0.000000
 -0.122500 0.000000 0.000000
 -0.120000 0.000000 0.000000
 -0.117500 0.000000 0.000000
 -0.115000 0.000000 0.000000
 -0.112500 0.000000 0.000000
 -0.110000 0.000000 0.000000
 -0.107500 0.000000 0.000000
 -0.105000 0.000000 0.000000
 -0.102500 0.000000 0.000000
 -0.100000 0.000000 0.000000
 -0.097500 0.000000 0.000000
 -0.095000 0.000000 0.000000
 -0.092500 0.000000 0.000000
 -0.090000 0.000000 0.000000
 -0.087500 0.000000 0.000000
 -0.085000 0.000000 0.000000
 -0.082500 0.000000 0.000000
 -0.080000 0.000000 0.000000
 -0.077500 0.000000 0.000000
 -0.075000 0.000000 0.000000
 -0.072500 0.000000 0.000000
 -0.070000 0.000000 0.000000
 -0.067500 0.000000 0.000000
 -0.065000 0.000000 0.000000
 -0.062500 0.000000 0.000000
 -0.060000 0.000000 0.000000
 -0.057500 0.000000 0.000000
 -0.055000 0.000000 0.000000
 -0.052500 0.000000 0.000000
 -0.050000 0.000000 0.000000
 -0.047500 0.000000 0.000000
 -0.045000 0.000000 0.000000
 -0.042500 0.000000 0.000000
 -0.040000 0.000000 0.000000
 -0.037500 0.000000 0.000000
 -0.035000 0.000000 0.000000
 -0.032500 0.000000 0.000000
 -0.030000 0.000000 0.000000
 -0.027500 0.000000 0.000000
 -0.025000 0.000000 0.000000
 -0.022500 0.000000 0.000000
 -0.020000 0.000000 0.000000
 -0.017500 0.000000 0.000000
 -0.015000 0.000000 0.000000
 -0.012500 0.000000 0.000000
 -0.010000 0.000000 0.000000
 -0.007500 0.000000 0.000000
 -0.005000 0.000000 0.000000
 -0.002500 0.000000 0.000000
 0.000000 0.000000 0.000000
 0.002500 0.000000 0.000000
 0.005000 0.000000 0.000000
 0.007500 0.000000 0.000000
 0.010000 0.000000 0.000000
 0.012500 0.000000 0.000000
 0.015000 0.000000 0.000000
 0.017500 0.000000 0.000000
 0.020000 0.000000 0.000000
 0.022500 0.000000 0.000000
 0.025000 0.000000 0.000000
 0.027500 0.000000 0.000000
 0.030000 0.000000 0.000000
 0.032500 0.000000 0.000000
 0.035000 0.000000 0.000000
 0.037500 0.000000 0.000000
 0.040000 0.000000 0.000000
 0.042500 0.000000 0.000000
 0.045000 0.000000 0.000000
 0.047500 0.000000 0.000000
 0.050000 0.000000 0.000000
 0.052500 0.000000 0.000000
 0.055000 0.000000 0.000000
 0.057500 0.000000 0.000000
 0.060000 0.000000 0.000000
 0.062500 0.000000 0.000000
 0.065000 0.000000 0.000000
 0.067500 0.000000 0.000000
 0.070000 0.000000 0.000000
 0.072500 0.000000 0.000000
 0.075000 0.000000 0.000000
 0.077500 0.000000 0.000000
 0.080000 0.000000 0.000000
 0.082500 0.000000 0.000000
 0.085000 0.000000 0.000000
 0.087500 0.000000 0.000000
 0.090000 0.000000 0.000000
 0.092500 0.000000 0.000000
 0.095000 0.000000 0.000000
 0.097500 0.000000 0.000000
 0.100000 0.000000 0.000000
 0.102500 0.000000 0.000000
 0.105000 0.000000 0.000000
 0.107500 0.000000 0.000000
 0.110000 0.000000 0.000000
 0.112500 0.000000 0.000000
 0.115000 0.000000 0.000000
 0.117500 0.000000 0.000000
 0.120000 0.000000 0.000000
 0.122500 0.000000 0.000000
 0.125000 0.000000 0.000000
 0.127500 0.000000 0.000000
 0.130000 0.000000 0.000017
 0.132500 0.000000 0.000041
 0.135000 0.000000 0.000108
 0.137500 0.000001 0.000253
 0.140000 0.000002 0.000518
 0.142500 0.000004 0.001022
 0.145000 0.000007 0.001854
 0.147500 0.000013 0.003178
 0.150000 0.000024 0.005091
 0.152500 0.000039 0.007690
 0.155000 0.000063 0.010900
 0.157500 0.000094 0.014529
 0.160000 0.000135 0.018240
 0.162500 0.000185 0.021592
 0.165000 0.000243 0.024193
 0.167500 0.000306 0.025965
 0.170000 0.000373 0.027206
 0.172500 0.000442 0.028579
 0.175000 0.000517 0.031029
 0.177500 0.000600 0.035648
 0.180000 0.000698 0.043102
 0.182500 0.000819 0.053823
 0.185000 0.000970 0.067441
 0.187500 0.001159 0.083469
 0.190000 0.001390 0.101582
 0.192500 0.001669 0.121407
 0.195000 0.002001 0.143696
 0.197500 0.002392 0.169374
 0.200000 0.002854 0.199815
 0.202500 0.003398 0.235933
 0.205000 0.004041 0.278564
 0.207500 0.004799 0.328030
 0.210000 0.005690 0.384688
 0.212500 0.006732 0.449326
 0.215000 0.007947 0.522845
 0.217500 0.009359 0.606550
 0.220000 0.010995 0.701369
 0.222500 0.012881 0.807093
 0.225000 0.015045 0.922860
 0.227500 0.017508 1.045849
 0.230000 0.020285 1.173461
 0.232500 0.023386 1.303826
 0.235000 0.026817 1.437597
 0.237500 0.030591 1.578413
 0.240000 0.034734 1.734356
 0.242500 0.039298 1.916009
 0.245000 0.044357 2.132658
 0.247500 0.050012 2.392521
 0.250000 0.056375 2.698045
 0.252500 0.063556 3.045855
 0.255000 0.071653 3.429788
 0.257500 0.080749 3.841202
 0.260000 0.090899 4.271475
 0.262500 0.102138 4.710532
 0.265000 0.114480 5.151325
 0.267500 0.127920 5.588061
 0.270000 0.142445 6.017011
 0.272500 0.158034 6.440550
 0.275000 0.174681 6.864250
 0.277500 0.192406 7.302730
 0.280000 0.211259 7.770054
 0.282500 0.231335 8.283201
 0.285000 0.252767 8.854459
 0.287500 0.275707 9.487650
 0.290000 0.300302 10.177087
 0.292500 0.326678 10.906804
 0.295000 0.354908 11.657017
 0.297500 0.385018 12.407208
 0.300000 0.416992 13.144216
 0.302500 0.450789 13.864310
 0.305000 0.486363 14.567064
 0.307500 0.523683 15.261014
 0.310000 0.562735 15.953658
 0.312500 0.603525 16.652367
 0.315000 0.646076 17.362531
 0.317500 0.690423 18.090055
 0.320000 0.736621 18.842599
 0.322500 0.784732 19.619584
 0.325000 0.834821 20.423103
 0.327500 0.886934 21.239701
 0.330000 0.941094 22.050806
 0.332500 0.997251 22.834311
 0.335000 1.055307 23.570703
 0.337500 1.115137 24.252029
 0.340000 1.176603 24.884478
 0.342500 1.239613 25.490391
 0.345000 1.304128 26.093485
 0.347500 1.370165 26.711301
 0.350000 1.437768 27.344654
 0.352500 1.506959 27.975215
 0.355000 1.577685 28.572103
 0.357500 1.649816 29.090811
 0.360000 1.723103 29.493229
 0.362500 1.797220 29.753423
 0.365000 1.871794 29.857574
 0.367500 1.946435 29.814732
 0.370000 2.020814 29.656451
 0.372500 2.094703 29.431482
 0.375000 2.167998 29.195183
 0.377500 2.240745 29.004556
 0.380000 2.313105 28.897037
 0.382500 2.385310 28.874816
 0.385000 2.457539 28.914421
 0.387500 2.529895 28.967550
 0.390000 2.602320 28.968636
 0.392500 2.674632 28.866933
 0.395000 2.746523 28.631243
 0.397500 2.817642 28.262431
 0.400000 2.887693 27.781129
 0.402500 2.956430 27.232373
 0.405000 3.023762 26.665237
 0.407500 3.089700 26.134123
 0.410000 3.154390 25.672939
 0.412500 3.218026 25.291364
 0.415000 3.280777 24.968040
 0.417500 3.342738 24.646472
 0.420000 3.403796 24.237302
 0.422500 3.463615 23.639275
 0.425000 3.521595 22.759169
 0.427500 3.576972 21.558036
 0.430000 3.628950 20.060975
 0.432500 3.676910 18.371872
 0.435000 3.720566 16.648131
 0.437500 3.760040 15.060237
 0.440000 3.795844 13.734799
 0.442500 3.828702 12.704084
 0.445000 3.859300 11.908344
 0.447500 3.888064 11.225195
 0.450000 3.915109 10.518290
 0.452500 3.940245 9.680893
 0.455000 3.963076 8.676535
 0.457500 3.983186 7.524757
 0.460000 4.000284 6.279509
 0.462500 4.014211 5.003845
 0.465000 4.024962 3.759943
 0.467500 4.032694 2.581475
 0.470000 4.037589 1.517160
 0.472500 4.039960 0.568513
 0.475000 4.040108 -0.264727
 0.477500 4.038274 -1.016544
 0.480000 4.034614 -1.748025
 0.482500 4.029088 -2.520543
 0.485000 4.021503 -3.392868
 0.487500 4.011568 -4.393055
 0.490000 3.998964 -5.518709
 0.492500 3.983428 -6.736229
 0.495000 3.964793 -7.978679
 0.497500 3.943077 -9.195909
 0.500000 3.918385 -10.342559
 0.502500 3.890945 -11.401255
 0.505000 3.860980 -12.355917
 0.507500 3.828751 -13.211268
 0.510000 3.794497 -13.965101
 0.512500 3.758489 -14.621227
 0.515000 3.720974 -15.173764
 0.517500 3.682196 -15.627371
 0.520000 3.642390 -15.992584
 0.522500 3.601757 -16.295314
 0.525000 3.560425 -16.562029
 0.527500 3.518439 -16.814378
 0.530000 3.475806 -17.081480
 0.532500 3.432465 -17.386789
 0.535000 3.388302 -17.747495
 0.537500 3.343155 -18.168611
 0.540000 3.296877 -18.656210
 0.542500 3.249308 -19.197350
 0.545000 3.200359 -19.756883
 0.547500 3.150043 -20.276526
 0.550000 3.098537 -20.705068
 0.552500 3.046132 -20.982218
 0.555000 2.993263 -21.081167
 0.557500 2.940370 -21.000442
 0.560000 2.887878 -20.770083
 0.562500 2.836111 -20.443141
 0.565000 2.785206 -20.083809
 0.567500 2.735157 -19.770210
 0.570000 2.685768 -19.570609
 0.572500 2.636688 -19.532531
 0.575000 2.587477 -19.674404
 0.577500 2.537698 -19.987195
 0.580000 2.486981 -20.414668
 0.582500 2.435128 -20.876210
 0.585000 2.382168 -21.290682
 0.587500 2.328320 -21.585630
 0.590000 2.273931 -21.723192
 0.592500 2.219392 -21.709732
 0.595000 2.165046 -21.586594
 0.597500 2.111091 -21.401463
 0.600000 2.057636 -21.198018
 0.602500 2.004687 -20.998182
 0.605000 1.952245 -20.789516
 0.607500 1.900366 -20.545745
 0.610000 1.849181 -20.234915
 0.612500 1.798887 -19.835745
 0.615000 1.749707 -19.343128
 0.617500 1.701850 -18.782184
 0.620000 1.655438 -18.196091
 0.622500 1.610481 -17.636516
 0.625000 1.566852 -17.135629
 0.627500 1.524385 -16.719449
 0.630000 1.482862 -16.377324
 0.632500 1.442127 -16.082384
 0.635000 1.402109 -15.810010
 0.637500 1.362777 -15.532590
 0.640000 1.324148 -15.244943
 0.642500 1.286243 -14.960384
 0.645000 1.249034 -14.694712
 0.647500 1.212464 -14.457593
 0.650000 1.176458 -14.239809
 0.652500 1.140988 -14.026347
 0.655000 1.106073 -13.797879
 0.657500 1.071767 -13.542711
 0.660000 1.038137 -13.258657
 0.662500 1.005242 -12.963085
 0.665000 0.973089 -12.669681
 0.667500 0.941650 -12.393118
 0.670000 0.910872 -12.141391
 0.672500 0.880701 -11.907958
 0.675000 0.851108 -11.686094
 0.677500 0.822071 -11.456374
 0.680000 0.793632 -11.216551
 0.682500 0.765821 -10.951429
 0.685000 0.738706 -10.657988
 0.687500 0.712368 -10.330844
 0.690000 0.686894 -9.972812
 0.692500 0.662354 -9.589099
 0.695000 0.638792 -9.192825
 0.697500 0.616214 -8.805922
 0.700000 0.594577 -8.447620
 0.702500 0.573787 -8.131220
 0.705000 0.553732 -7.860641
 0.707500 0.534304 -7.633637
 0.710000 0.515396 -7.440387
 0.712500 0.496938 -7.276888
 0.715000 0.478858 -7.138344
 0.717500 0.461100 -7.025151
 0.720000 0.443598 -6.931646
 0.722500 0.426312 -6.852630
 0.725000 0.409218 -6.772112
 0.727500 0.392354 -6.672119
 0.730000 0.375789 -6.531995
 0.732500 0.359640 -6.337082
 0.735000 0.344049 -6.088838
 0.737500 0.329142 -5.791997
 0.740000 0.315025 -5.461719
 0.742500 0.301760 -5.110734
 0.745000 0.289386 -4.754155
 0.747500 0.277900 -4.405401
 0.750000 0.267262 -4.078198
 0.752500 0.257395 -3.794791
 0.755000 0.248158 -3.576386
 0.757500 0.239369 -3.441972
 0.760000 0.230804 -3.395753
 0.762500 0.222258 -3.427474
 0.765000 0.213566 -3.505436
 0.767500 0.204661 -3.591557
 0.770000 0.195575 -3.644913
 0.772500 0.186433 -3.635014
 0.775000 0.177418 -3.543823
 0.777500 0.168730 -3.373331
 0.780000 0.160551 -3.143365
 0.782500 0.152993 -2.881008
 0.785000 0.146098 -2.618670
 0.787500 0.139830 -2.385825
 0.790000 0.134090 -2.200267
 0.792500 0.128744 -2.071290
 0.795000 0.123650 -1.996657
 0.797500 0.118685 -1.966457
 0.800000 0.113754 -1.965063
 0.802500 0.108811 -1.976139
 0.805000 0.103842 -1.982492
 0.807500 0.098877 -1.973268
 0.810000 0.093963 -1.939982
 0.812500 0.089166 -1.882571
 0.815000 0.084540 -1.804211
 0.817500 0.080129 -1.712134
 0.820000 0.075957 -1.617300
 0.822500 0.072015 -1.528317
 0.825000 0.068281 -1.453516
 0.827500 0.064712 -1.394905
 0.830000 0.061270 -1.352032
 0.832500 0.057922 -1.319887
 0.835000 0.054647 -1.291383
 0.837500 0.051446 -1.260764
 0.840000 0.048332 -1.222283
 0.842500 0.045326 -1.173419
 0.845000 0.042455 -1.114838
 0.847500 0.039740 -1.048832
 0.850000 0.037198 -0.979349
 0.852500 0.034831 -0.908499
 0.855000 0.032639 -0.840115
 0.857500 0.030615 -0.775422
 0.860000 0.028748 -0.713620
 0.862500 0.027032 -0.654916
 0.865000 0.025460 -0.599122
 0.867500 0.024025 -0.546249
 0.870000 0.022714 -0.498936
 0.872500 0.021511 -0.461463
 0.875000 0.020388 -0.436182
 0.877500 0.019311 -0.424622
 0.880000 0.018247 -0.424907
 0.882500 0.017174 -0.431561
 0.885000 0.016084 -0.437019
 0.887500 0.014989 -0.433831
 0.890000 0.013921 -0.416194
 0.892500 0.012916 -0.383182
 0.895000 0.012010 -0.337728
 0.897500 0.011227 -0.286434
 0.900000 0.010571 -0.237312
 0.902500 0.010027 -0.197815
 0.905000 0.009566 -0.172605
 0.907500 0.009148 -0.162450
 0.910000 0.008739 -0.164965
 0.912500 0.008312 -0.176606
 0.915000 0.007850 -0.191660
 0.917500 0.007351 -0.205868
 0.920000 0.006821 -0.216039
 0.922500 0.006271 -0.220826
 0.925000 0.005718 -0.220375
 0.927500 0.005172 -0.214605
 0.930000 0.004646 -0.204453
 0.932500 0.004151 -0.190784
 0.935000 0.003693 -0.174504
 0.937500 0.003278 -0.156507
 0.940000 0.002909 -0.138304
 0.942500 0.002585 -0.120898
 0.945000 0.002301 -0.105682
 0.947500 0.002051 -0.093808
 0.950000 0.001827 -0.084980
 0.952500 0.001623 -0.078470
 0.955000 0.001433 -0.073144
 0.957500 0.001257 -0.067112
 0.960000 0.001097 -0.059731
 0.962500 0.000958 -0.051224
 0.965000 0.000840 -0.042279
 0.967500 0.000745 -0.034072
 0.970000 0.000667 -0.027930
 0.972500 0.000602 -0.024160
 0.975000 0.000544 -0.022467
 0.977500 0.000488 -0.022130
 0.980000 0.000433 -0.022327
 0.982500 0.000377 -0.022218
 0.985000 0.000322 -0.021453
 0.987500 0.000270 -0.020067
 0.990000 0.000222 -0.018252
 0.992500 0.000178 -0.016268
 0.995000 0.000140 -0.014180
 0.997500 0.000107 -0.012169
 1.000000 0.000079 -0.010138
 1.002500 0.000056 -0.008137
 1.005000 0.000038 -0.006242
 1.007500 0.000025 -0.004504
 1.010000 0.000015 -0.003110
 1.012500 0.000009 -0.002003
 1.015000 0.000005 -0.001203
 1.017500 0.000002 -0.000668
 1.020000 0.000001 -0.000361
 1.022500 0.000001 -0.000182
 1.025000 0.000000 -0.000086
 1.027500 0.000000 -0.000038
 1.030000 0.000000 0.000000
 1.032500 0.000000 0.000000
 1.035000 0.000000 0.000000
 1.037500 0.000000 0.000000
 1.040000 0.000000 0.000000
 1.042500 0.000000 0.000000
 1.045000 0.000000 0.000000
 1.047500 0.000000 0.000000
 1.050000 0.000000 0.000000
 1.052500 0.000000 0.000000
 1.055000 0.000000 0.000000
 1.057500 0.000000 0.000000
 1.060000 0.000000 0.000000
 1.062500 0.000000 0.000000
 1.065000 0.000000 0.000000
 1.067500 0.000000 0.000000
 1.070000 0.000000 0.000000
 1.072500 0.000000 0.000000
 1.075000 0.000000 0.000000
 1.077500 0.000000 0.000000
 1.080000 0.000000 0.000000
 1.082500 0.000000 0.000000
 1.085000 0.000000 0.000000
 1.087500 0.000000 0.000000
 1.090000 0.000000 0.000000
 1.092500 0.000000 0.000000
 1.095000 0.000000 0.000000
 1.097500 0.000000 0.000000
 1.100000 0.000000 0.000000
 1.102500 0.000000 0.000000
 1.105000 0.000000 0.000000
 1.107500 0.000000 0.000000
 1.110000 0.000000 0.000000
 1.112500 0.000000 0.000000
 1.115000 0.000000 0.000000
 1.117500 0.000000 0.000000
 1.120000 0.000000 0.000000
 1.122500 0.000000 0.000000
 1.125000 0.000000 0.000000
 1.127500 0.000000 0.000000
 1.130000 0.000000 0.000000
 1.132500 0.000000 0.000000
 1.135000 0.000000 0.000000
 1.137500 0.000000 0.000000
 1.140000 0.000000 0.000000
 1.142500 0.000000 0.000000
 1.145000 0.000000 0.000000
 1.147500 0.000000 0.000000
 1.150000 0.000000 0.000000
 1.152500 0.000000 0.000000
 1.155000 0.000000 0.000000
 1.157500 0.000000 0.000000
 1.160000 0.000000 0.000000
 1.162500 0.000000 0.000000
 1.165000 0.000000 0.000000
 1.167500 0.000000 0.000000
 1.170000 0.000000 0.000000
 1.172500 0.000000 0.000000
 1.175000 0.000000 0.000000
 1.177500 0.000000 0.000000
 1.180000 0.000000 0.000000
 1.182500 0.000000 0.000000
 1.185000 0.000000 0.000000
 1.187500 0.000000 0.000000
 1.190000 0.000000 0.000000
 1.192500 0.000000 0.000000
 1.195000 0.000000 0.000000
 1.197500 0.000000 0.000000
 1.200000 0.000000 0.000000
 1.202500 0.000000 0.000000
 1.205000 0.000000 0.000000
 1.207500 0.000000 0.000000
 1.210000 0.000000 0.000000
 1.212500 0.000000 0.000000
 1.215000 0.000000 0.000000
 1.217500 0.000000 0.000000
 1.220000 0.000000 0.000000
 1.222500 0.000000 0.000000
 1.225000 0.000000 0.000000
 1.227500 0.000000 0.000000
 1.230000 0.000000 0.000000
 1.232500 0.000000 0.000000
 1.235000 0.000000 0.000000
 1.237500 0.000000 0.000000
 1.240000 0.000000 0.000000
 1.242500 0.000000 0.000000
 1.245000 0.000000 0.000000
 1.247500 0.000000 0.000000
 1.250000 0.000000 0.000000
 1.252500 0.000000 0.000000
 1.255000 0.000000 0.000000
 1.257500 0.000000 0.000000
 1.260000 0.000000 0.000000
 1.262500 0.000000 0.000000
 1.265000 0.000000 0.000000
 1.267500 0.000000 0.000000
 1.270000 0.000000 0.000000
 1.272500 0.000000 0.000000
 1.275000 0.000000 0.000000
 1.277500 0.000000 0.000000
 1.280000 0.000000 0.000000
 1.282500 0.000000 0.000000
 1.285000 0.000000 0.000000
 1.287500 0.000000 0.000000
 1.290000 0.000000 0.000000
 1.292500 0.000000 0.000000
 1.295000 0.000000 0.000000
 1.297500 0.000000 0.000000
 1.300000 0.000000 0.000000
 1.302500 0.000000 0.000000
 1.305000 0.000000 0.000000
 1.307500 0.000000 0.000000
 1.310000 0.000000 0.000000
 1.312500 0.000000 0.000000
 1.315000 0.000000 0.000000
 1.317500 0.000000 0.000000
 1.320000 0.000000 0.000000
 1.322500 0.000000 0.000000
 1.325000 0.000000 0.000000
 1.327500 0.000000 0.000000
 1.330000 0.000000 0.000000
 1.332500 0.000000 0.000000
 1.335000 0.000000 0.000000
 1.337500 0.000000 0.000000
 1.340000 0.000000 0.000000
 1.342500 0.000000 0.000000
 1.345000 0.000000 0.000000
 1.347500 0.000000 0.000000
 1.350000 0.000000 0.000000
 1.352500 0.000000 0.000000
 1.355000 0.000000 0.000000
 1.357500 0.000000 0.000000
 1.360000 0.000000 0.000000
 1.362500 0.000000 0.000000
 1.365000 0.000000 0.000000
 1.367500 0.000000 0.000000
 1.370000 0.000000 0.000000
 1.372500 0.000000 0.000000
 1.375000 0.000000 0.000000
 1.377500 0.000000 0.000000
 1.380000 0.000000 0.000000
 1.382500 0.000000 0.000000
 1.385000 0.000000 0.000000
 1.387500 0.000000 0.000000
 1.390000 0.000000 0.000000
 1.392500 0.000000 0.000000
 1.395000 0.000000 0.000000
 1.397500 0.000000 0.000000
 1.400000 0.000000 0.000000
 1.402500 0.000000 0.000000
 1.405000 0.000000 0.000000
 1.407500 0.000000 0.000000
 1.410000 0.000000 0.000000
 1.412500 0.000000 0.000000
 1.415000 0.000000 0.000000
 1.417500 0.000000 0.000000
 1.420000 0.000000 0.000000
 1.422500 0.000000 0.000000
 1.425000 0.000000 0.000000
 1.427500 0.000000 0.000000
 1.430000 0.000000 0.000000
 1.432500 0.000000 0.000000
 1.435000 0.000000 0.000000
 1.437500 0.000000 0.000000
 1.440000 0.000000 0.000000
 1.442500 0.000000 0.000000
 1.445000 0.000000 0.000000
 1.447500 0.000000 0.000000
 1.450000 0.000000 0.000000
 1.452500 0.000000 0.000000
 1.455000 0.000000 0.000000
 1.457500 0.000000 0.000000
 1.460000 0.000000 0.000000
 1.462500 0.000000 0.000000
 1.465000 0.000000 0.000000
 1.467500 0.000000 0.000000
 1.470000 0.000000 0.000000
 1.472500 0.000000 0.000000
 1.475000 0.000000 0.000000
 1.477500 0.000000 0.000000
 1.480000 0.000000 0.000000
 1.482500 0.000000 0.000000
 1.485000 0.000000 0.000000
 1.487500 0.000000 0.000000
 1.490000 0.000000 0.000000
 1.492500 0.000000 0.000000
 1.495000 0.000000 0.000000
 1.497500 0.000000 0.000000
 1.500000 0.000000 0.000000
 1.502500 0.000000 0.000000
 1.505000 0.000000 0.000000
 1.507500 0.000000 0.000000
 1.510000 0.000000 0.000000
 1.512500 0.000000 0.000000
 1.515000 0.000000 0.000000
 1.517500 0.000000 0.000000
 1.520000 0.000000 0.000000
 1.522500 0.000000 0.000000
 1.525000 0.000000 0.000000
 1.527500 0.000000 0.000000
 1.530000 0.000000 0.000000
 1.532500 0.000000 0.000000
 1.535000 0.000000 0.000000
 1.537500 0.000000 0.000000
 1.540000 0.000000 0.000000
 1.542500 0.000000 0.000000
 1.545000 0.000000 0.000000
 1.547500 0.000000 0.000000
 1.550000 0.000000 0.000000
 1.552500 0.000000 0.000000
 1.555000 0.000000 0.000000
 1.557500 0.000000 0.000000
 1.560000 0.000000 0.000000
 1.562500 0.000000 0.000000
 1.565000 0.000000 0.000000
 1.567500 0.000000 0.000000
 1.570000 0.000000 0.000000
 1.572500 0.000000 0.000000
 1.575000 0.000000 0.000000
 1.577500 0.000000 0.000000
 1.580000 0.000000 0.000000
 1.582500 0.000000 0.000000
 1.585000 0.000000 0.000000
 1.587500 0.000000 0.000000
 1.590000 0.000000 0.000000
 1.592500 0.000000 0.000000
 1.595000 0.000000 0.000000
 1.597500 0.000000 0.000000
 1.600000 0.000000 0.000000
 1.602500 0.000000 0.000000
 1.605000 0.000000 0.000000
 1.607500 0.000000 0.000000
 1.610000 0.000000 0.000000
 1.612500 0.000000 0.000000
 1.615000 0.000000 0.000000
 1.617500 0.000000 0.000000
 1.620000 0.000000 0.000000
 1.622500 0.000000 0.000000
 1.625000 0.000000 0.000000
 1.627500 0.000000 0.000000
 1.630000 0.000000 0.000000
 1.632500 0.000000 0.000000
 1.635000 0.000000 0.000000
 1.637500 0.000000 0.000000
 1.640000 0.000000 0.000000
 1.642500 0.000000 0.000000
 1.645000 0.000000 0.000000
 1.647500 0.000000 0.000000
 1.650000 0.000000 0.000000
 1.652500 0.000000 0.000000
 1.655000 0.000000 0.000000
 1.657500 0.000000 0.000000
 1.660000 0.000000 0.000000
 1.662500 0.000000 0.000000
 1.665000 0.000000 0.000000
 1.667500 0.000000 0.000000
 1.670000 0.000000 0.000000
 1.672500 0.000000 0.000000
 1.675000 0.000000 0.000000
 1.677500 0.000000 0.000000
 1.680000 0.000000 0.000000
 1.682500 0.000000 0.000000
 1.685000 0.000000 0.000000
 1.687500 0.000000 0.000000
 1.690000 0.000000 0.000000
 1.692500 0.000000 0.000000
 1.695000 0.000000 0.000000
 1.697500 0.000000 0.000000
 1.700000 0.000000 0.000000
 1.702500 0.000000 0.000000
 1.705000 0.000000 0.000000
 1.707500 0.000000 0.000000
 1.710000 0.000000 0.000000
 1.712500 0.000000 0.000000
 1.715000 0.000000 0.000000
 1.717500 0.000000 0.000000
 1.720000 0.000000 0.000000
 1.722500 0.000000 0.000000
 1.725000 0.000000 0.000000
 1.727500 0.000000 0.000000
 1.730000 0.000000 0.000000
 1.732500 0.000000 0.000000
 1.735000 0.000000 0.000000
 1.737500 0.000000 0.000000
 1.740000 0.000000 0.000000
 1.742500 0.000000 0.000000
 1.745000 0.000000 0.000000
 1.747500 0.000000 0.000000
 1.750000 0.000000 0.000000
 1.752500 0.000000 0.000000
 1.755000 0.000000 0.000000
 1.757500 0.000000 0.000000
 1.760000 0.000000 0.000000
 1.762500 0.000000 0.000000
 1.765000 0.000000 0.000000
 1.767500 0.000000 0.000000
 1.770000 0.000000 0.000000
 1.772500 0.000000 0.000000
 1.775000 0.000000 0.000000
 1.777500 0.000000 0.000000
 1.780000 0.000000 0.000000
 1.782500 0.000000 0.000000
 1.785000 0.000000 0.000000
 1.787500 0.000000 0.000000
 1.790000 0.000000 0.000000
 1.792500 0.000000 0.000000
 1.795000 0.000000 0.000000
 1.797500 0.000000 0.000000
 1.800000 0.000000 0.000000
 1.802500 0.000000 0.000000
 1.805000 0.000000 0.000000
 1.807500 0.000000 0.000000
 1.810000 0.000000 0.000000
 1.812500 0.000000 0.000000
 1.815000 0.000000 0.000000
 1.817500 0.000000 0.000000
 1.820000 0.000000 0.000000
 1.822500 0.000000 0.000000
 1.825000 0.000000 0.000000
 1.827500 0.000000 0.000000
 1.830000 0.000000 0.000000
 1.832500 0.000000 0.000000
 1.835000 0.000000 0.000000
 1.837500 0.000000 0.000000
 1.840000 0.000000 0.000000
 1.842500 0.000000 0.000000
 1.845000 0.000000 0.000000
 1.847500 0.000000 0.000000
 1.850000 0.000000 0.000000
 1.852500 0.000000 0.000000
 1.855000 0.000000 0.000000
 1.857500 0.000000 0.000000
 1.860000 0.000000 0.000000
 1.862500 0.000000 0.000000
 1.865000 0.000000 0.000000
 1.867500 0.000000 0.000000
 1.870000 0.000000 0.000000
 1.872500 0.000000 0.000000
 1.875000 0.000000 0.000000
 1.877500 0.000000 0.000000
 1.880000 0.000000 0.000000
 1.882500 0.000000 0.000000
 1.885000 0.000000 0.000000
 1.887500 0.000000 0.000000
 1.890000 0.000000 0.000000
 1.892500 0.000000 0.000000
 1.895000 0.000000 0.000000
 1.897500 0.000000 0.000000
 1.900000 0.000000 0.000000
 1.902500 0.000000 0.000000
 1.905000 0.000000 0.000000
 1.907500 0.000000 0.000000
 1.910000 0.000000 0.000000
 1.912500 0.000000 0.000000
 1.915000 0.000000 0.000000
 1.917500 0.000000 0.000000
 1.920000 0.000000 0.000000
 1.922500 0.000000 0.000000
 1.925000 0.000000 0.000000
 1.927500 0.000000 0.000000
 1.930000 0.000000 0.000000
 1.932500 0.000000 0.000000
 1.935000 0.000000 0.000000
 1.937500 0.000000 0.000000
 1.940000 0.000000 0.000000
 1.942500 0.000000 0.000000
 1.945000 0.000000 0.000000
 1.947500 0.000000 0.000000
 1.950000 0.000000 0.000000
 1.952500 0.000000 0.000000
 1.955000 0.000000 0.000000
 1.957500 0.000000 0.000000
 1.960000 0.000000 0.000000
 1.962500 0.000000 0.000000
 1.965000 0.000000 0.000000
 1.967500 0.000000 0.000000
 1.970000 0.000000 0.000000
 1.972500 0.000000 0.000000
 1.975000 0.000000 0.000000
 1.977500 0.000000 0.000000
 1.980000 0.000000 0.000000
 1.982500 0.000000 0.000000
 1.985000 0.000000 0.000000
 1.987500 0.000000 0.000000
 1.990000 0.000000 0.000000
 1.992500 0.000000 0.000000
 1.995000 0.000000 0.000000
 1.997500 0.000000 0.000000
 2.000000 0.000000 0.000000
