#! FIELDS es hh dhh_es
#! SET normalisation  2000.000000
#! SET min_es -0.5
#! SET max_es 2
#! SET nbins_es  1000
#! SET periodic_es false
 -0.500000 0.000000 0.000000
 -0.497500 0.000000 0.000000
 -0.495000 0.000000 0.000000
 -0.492500 0.000000 0.000000
 -0.490000 0.000000 0.000000
 -0.487500 0.000000 0.000000
 -0.485000 0.000000 0.000000
 -0.482500 0.000000 0.000000
 -0.480000 0.000000 0.000000
 -0.477500 0.000000 0.000000
 -0.475000 0.000000 0.000000
 -0.472500 0.000000 0.000000
 -0.470000 0.000000 0.000000
 -0.467500 0.000000 0.000000
 -0.465000 0.000000 0.000000
 -0.462500 0.000000 0.000000
 -0.460000 0.000000 0.000000
 -0.457500 0.000000 0.000000
 -0.455000 0.000000 0.000000
 -0.452500 0.000000 0.000000
 -0.450000 0.000000 0.000000
 -0.447500 0.000000 0.000000
 -0.445000 0.000000 0.000000
 -0.442500 0.000000 0.000000
 -0.440000 0.000000 0.000000
 -0.437500 0.000000 0.000000
 -0.435000 0.000000 0.000000
 -0.432500 0.000000 0.000000
 -0.430000 0.000000 0.000000
 -0.427500 0.000000 0.000000
 -0.425000 0.000000 0.000000
 -0.422500 0.000000 0.000000
 -0.420000 0.000000 0.000000
 -0.417500 0.000000 0.000000
 -0.415000 0.000000 0.000000
 -0.412500 0.000000 0.000000
 -0.410000 0.000000 0.000000
 -0.407500 0.000000 0.000000
 -0.405000 0.000000 0.000000
 -0.402500 0.000000 0.000000
 -0.400000 0.000000 0.000000
 -0.397500 0.000000 0.000000
 -0.395000 0.000000 0.000000
 -0.392500 0.000000 0.000000
 -0.390000 0.000000 0.000000
 -0.387500 0.000000 0.000000
 -0.385000 0.000000 0.000000
 -0.382500 0.000000 0.000000
 -0.380000 0.000000 0.000000
 -0.377500 0.000000 0.000000
 -0.375000 0.000000 0.000000
 -0.372500 0.000000 0.000000
 -0.370000 0.000000 0.000000
 -0.367500 0.000000 0.000000
 -0.365000 0.000000 0.000000
 -0.362500 0.000000 0.000000
 -0.360000 0.000000 0.000000
 -0.357500 0.000000 0.000000
 -0.355000 0.000000 0.000000
 -0.352500 0.000000 0.000000
 -0.350000 0.000000 0.000000
 -0.347500 0.000000 0.000000
 -0.345000 0.000000 0.000000
 -0.342500 0.000000 0.000000
 -0.340000 0.000000 0.000000
 -0.337500 0.000000 0.000000
 -0.335000 0.000000 0.000000
 -0.332500 0.000000 0.000000
 -0.330000 0.000000 0.000000
 -0.327500 0.000000 0.000000
 -0.325000 0.000000 0.000000
 -0.322500 0.000000 0.000000
 -0.320000 0.000000 0.000000
 -0.317500 0.000000 0.000000
 -0.315000 0.000000 0.000000
 -0.312500 0.000000 0.000000
 -0.310000 0.000000 0.000000
 -0.307500 0.000000 0.000000
 -0.305000 0.000000 0.000000
 -0.302500 0.000000 0.000000
 -0.300000 0.000000 0.000000
 -0.297500 0.000000 0.000000
 -0.295000 0.000000 0.000000
 -0.292500 0.000000 0.000000
 -0.290000 0.000000 0.000000
 -0.287500 0.000000 0.000000
 -0.285000 0.000000 0.000000
 -0.282500 0.000000 0.000000
 -0.280000 0.000000 0.000000
 -0.277500 0.000000 0.000000
 -0.275000 0.000000 0.000000
 -0.272500 0.000000 0.000000
 -0.270000 0.000000 0.000000
 -0.267500 0.000000 0.000000
 -0.265000 0.000000 0.000000
 -0.262500 0.000000 0.000000
 -0.260000 0.000000 0.000000
 -0.257500 0.000000 0.000000
 -0.255000 0.000000 0.000000
 -0.252500 0.000000 0.000000
 -0.250000 0.000000 0.000000
 -0.247500 0.000000 0.000000
 -0.245000 0.000000 0.000000
 -0.242500 0.000000 0.000000
 -0.240000 0.000000 0.000000
 -0.237500 0.000000 0.000000
 -0.235000 0.000000 0.000000
 -0.232500 0.000000 0.000000
 -0.230000 0.000000 0.000000
 -0.227500 0.000000 0.000000
 -0.225000 0.000000 0.000000
 -0.222500 0.000000 0.000000
 -0.220000 0.000000 0.000000
 -0.217500 0.000000 0.000000
 -0.215000 0.000000 0.000000
 -0.212500 0.000000 0.000000
 -0.210000 0.000000 0.000000
 -0.207500 0.000000 0.000000
 -0.205000 0.000000 0.000000
 -0.202500 0.000000 0.000000
 -0.200000 0.000000 0.000000
 -0.197500 0.000000 0.000000
 -0.195000 0.000000 0.000000
 -0.192500 0.000000 0.000000
 -0.190000 0.000000 0.000000
 -0.187500 0.000000 0.000000
 -0.185000 0.000000 0.000000
 -0.182500 0.000000 0.000000
 -0.180000 0.000000 0.000000
 -0.177500 0.000000 0.000000
 -0.175000 0.000000 0.000000
 -0.172500 0.000000 0.000000
 -0.170000 0.000000 0.000000
 -0.167500 0.000000 0.000000
 -0.165000 0.000000 0.000000
 -0.162500 0.000000 0.000000
 -0.160000 0.000000 0.000000
 -0.157500 0.000000 0.000000
 -0.155000 0.000000 0.000000
 -0.152500 0.000000 0.000000
 -0.150000 0.000000 0.000000
 -0.147500 0.000000 0.000000
 -0.145000 0.000000 0.000000
 -0.142500 0.000000 0.000000
 -0.140000 0.000000 0.000000
 -0.137500 0.000000 0.000000
 -0.135000 0.000000 0.000000
 -0.132500 0.000000 0.000000
 -0.130000 0.000000 0.000000
 -0.127500 0.000000 0.000000
 -0.125000 0.000000 0.000000
 -0.122500 0.000000 0.000000
 -0.120000 0.000000 0.000000
 -0.117500 0.000000 0.000000
 -0.115000 0.000000 0.000000
 -0.112500 0.000000 0.000000
 -0.110000 0.000000 0.000000
 -0.107500 0.000000 0.000000
 -0.105000 0.000000 0.000000
 -0.102500 0.000000 0.000000
 -0.100000 0.000000 0.000000
 -0.097500 0.000000 0.000000
 -0.095000 0.000000 0.000000
 -0.092500 0.000000 0.000000
 -0.090000 0.000000 0.000000
 -0.087500 0.000000 0.000000
 -0.085000 0.000000 0.000000
 -0.082500 0.000000 0.000000
 -0.080000 0.000000 0.000000
 -0.077500 0.000000 0.000000
 -0.075000 0.000000 0.000000
 -0.072500 0.000000 0.000000
 -0.070000 0.000000 0.000000
 -0.067500 0.000000 0.000000
 -0.065000 0.000000 0.000000
 -0.062500 0.000000 0.000000
 -0.060000 0.000000 0.000000
 -0.057500 0.000000 0.000000
 -0.055000 0.000000 0.000000
 -0.052500 0.000000 0.000000
 -0.050000 0.000000 0.000000
 -0.047500 0.000000 0.000000
 -0.045000 0.000000 0.000000
 -0.042500 0.000000 0.000000
 -0.040000 0.000000 0.000000
 -0.037500 0.000000 0.000000
 -0.035000 0.000000 0.000000
 -0.032500 0.000000 0.000000
 -0.030000 0.000000 0.000000
 -0.027500 0.000000 0.000000
 -0.025000 0.000000 0.000000
 -0.022500 0.000000 0.000000
 -0.020000 0.000000 0.000000
 -0.017500 0.000000 0.000000
 -0.015000 0.000000 0.000000
 -0.012500 0.000000 0.000000
 -0.010000 0.000000 0.000000
 -0.007500 0.000000 0.000000
 -0.005000 0.000000 0.000000
 -0.002500 0.000000 0.000000
 0.000000 0.000000 0.000000
 0.002500 0.000000 0.000000
 0.005000 0.000000 0.000000
 0.007500 0.000000 0.000000
 0.010000 0.000000 0.000000
 0.012500 0.000000 0.000000
 0.015000 0.000000 0.000000
 0.017500 0.000000 0.000000
 0.020000 0.000000 0.000000
 0.022500 0.000000 0.000000
 0.025000 0.000000 0.000000
 0.027500 0.000000 0.000000
 0.030000 0.000000 0.000000
 0.032500 0.000000 0.000000
 0.035000 0.000000 0.000000
 0.037500 0.000000 0.000000
 0.040000 0.000000 0.000000
 0.042500 0.000000 0.000000
 0.045000 0.000000 0.000000
 0.047500 0.000000 0.000000
 0.050000 0.000000 0.000000
 0.052500 0.000000 0.000000
 0.055000 0.000000 0.000000
 0.057500 0.000000 0.000000
 0.060000 0.000000 0.000000
 0.062500 0.000000 0.000000
 0.065000 0.000000 0.000000
 0.067500 0.000000 0.000000
 0.070000 0.000000 0.000000
 0.072500 0.000000 0.000000
 0.075000 0.000000 0.000000
 0.077500 0.000000 0.000000
 0.080000 0.000000 0.000000
 0.082500 0.000000 0.000000
 0.085000 0.000000 0.000000
 0.087500 0.000000 0.000000
 0.090000 0.000000 0.000000
 0.092500 0.000000 0.000000
 0.095000 0.000000 0.000000
 0.097500 0.000000 0.000000
 0.100000 0.000000 0.000000
 0.102500 0.000000 0.000000
 0.105000 0.000000 0.000000
 0.107500 0.000000 0.000000
 0.110000 0.000000 0.000000
 0.112500 0.000000 0.000000
 0.115000 0.000000 0.000000
 0.117500 0.000000 0.000000
 0.120000 0.000000 0.000000
 0.122500 0.000000 0.000000
 0.125000 0.000000 0.000000
 0.127500 0.000000 0.000000
 0.130000 0.000000 0.000000
 0.132500 0.000000 0.000000
 0.135000 0.000000 0.000000
 0.137500 0.000000 0.000000
 0.140000 0.000000 0.000000
 0.142500 0.000000 0.000000
 0.145000 0.000000 0.000000
 0.147500 0.000000 0.000000
 0.150000 0.000000 0.000000
 0.152500 0.000000 0.000000
 0.155000 0.000000 0.000000
 0.157500 0.000000 0.000000
 0.160000 0.000000 0.000000
 0.162500 0.000000 0.000000
 0.165000 0.000000 0.000000
 0.167500 0.000000 0.000000
 0.170000 0.000000 0.000000
 0.172500 0.000000 0.000000
 0.175000 0.000000 0.000000
 0.177500 0.000000 0.000000
 0.180000 0.000000 0.000000
 0.182500 0.000000 0.000000
 0.185000 0.000000 0.000000
 0.187500 0.000000 0.000000
 0.190000 0.000000 0.000000
 0.192500 0.000000 0.000000
 0.195000 0.000000 0.000000
 0.197500 0.000000 0.000000
 0.200000 0.000000 0.000000
 0.202500 0.000000 0.000000
 0.205000 0.000000 0.000000
 0.207500 0.000000 0.000000
 0.210000 0.000000 0.000000
 0.212500 0.000000 0.000000
 0.215000 0.000000 0.000000
 0.217500 0.000000 0.000000
 0.220000 0.000000 0.000000
 0.222500 0.000000 0.000000
 0.225000 0.000000 0.000000
 0.227500 0.000000 0.000000
 0.230000 0.000000 0.000000
 0.232500 0.000000 0.000000
 0.235000 0.000000 0.000000
 0.237500 0.000000 0.000000
 0.240000 0.000000 0.000000
 0.242500 0.000000 0.000000
 0.245000 0.000000 0.000000
 0.247500 0.000000 0.000000
 0.250000 0.000000 0.000000
 0.252500 0.000000 0.000014
 0.255000 0.000000 0.000062
 0.257500 0.000000 0.000143
 0.260000 0.000001 0.000309
 0.262500 0.000002 0.000622
 0.265000 0.000004 0.001167
 0.267500 0.000008 0.002067
 0.270000 0.000015 0.003382
 0.272500 0.000026 0.005164
 0.275000 0.000041 0.007340
 0.277500 0.000062 0.009666
 0.280000 0.000089 0.011829
 0.282500 0.000121 0.013436
 0.285000 0.000156 0.014223
 0.287500 0.000192 0.014106
 0.290000 0.000226 0.013360
 0.292500 0.000258 0.012550
 0.295000 0.000289 0.012353
 0.297500 0.000321 0.013280
 0.300000 0.000357 0.015648
 0.302500 0.000401 0.019353
 0.305000 0.000455 0.024017
 0.307500 0.000522 0.029272
 0.310000 0.000602 0.035009
 0.312500 0.000698 0.041482
 0.315000 0.000811 0.049250
 0.317500 0.000947 0.059510
 0.320000 0.001112 0.073043
 0.322500 0.001316 0.090528
 0.325000 0.001569 0.111983
 0.327500 0.001880 0.136347
 0.330000 0.002253 0.162355
 0.332500 0.002693 0.188591
 0.335000 0.003197 0.214402
 0.337500 0.003767 0.240592
 0.340000 0.004404 0.268842
 0.342500 0.005117 0.301625
 0.345000 0.005920 0.340569
 0.347500 0.006828 0.386443
 0.350000 0.007860 0.438502
 0.352500 0.009027 0.495057
 0.355000 0.010342 0.555016
 0.357500 0.011810 0.618086
 0.360000 0.013441 0.685243
 0.362500 0.015248 0.759420
 0.365000 0.017252 0.843287
 0.367500 0.019481 0.940173
 0.370000 0.021974 1.053796
 0.372500 0.024775 1.187367
 0.375000 0.027939 1.344669
 0.377500 0.031530 1.528760
 0.380000 0.035616 1.739923
 0.382500 0.040261 1.974818
 0.385000 0.045516 2.225391
 0.387500 0.051406 2.480761
 0.390000 0.057930 2.731025
 0.392500 0.065068 2.970950
 0.395000 0.072798 3.205122
 0.397500 0.081118 3.445044
 0.400000 0.090061 3.707537
 0.402500 0.099707 4.007899
 0.405000 0.110161 4.353101
 0.407500 0.121533 4.740670
 0.410000 0.133917 5.158053
 0.412500 0.147366 5.589669
 0.415000 0.161897 6.020778
 0.417500 0.177495 6.443107
 0.420000 0.194140 6.858163
 0.422500 0.211824 7.275610
 0.425000 0.230574 7.713309
 0.427500 0.250465 8.190968
 0.430000 0.271623 8.728546
 0.432500 0.294211 9.337981
 0.435000 0.318417 10.021063
 0.437500 0.344416 10.765809
 0.440000 0.372328 11.546569
 0.442500 0.402207 12.328361
 0.445000 0.434005 13.077059
 0.447500 0.467606 13.770608
 0.450000 0.502870 14.406559
 0.452500 0.539671 15.003621
 0.455000 0.577951 15.596726
 0.457500 0.617759 16.234246
 0.460000 0.659263 16.959751
 0.462500 0.702735 17.807625
 0.465000 0.748484 18.782458
 0.467500 0.796808 19.862009
 0.470000 0.847915 20.995749
 0.472500 0.901850 22.113109
 0.475000 0.958488 23.147276
 0.477500 1.017557 24.049969
 0.480000 1.078705 24.810677
 0.482500 1.141590 25.448669
 0.485000 1.205968 26.010762
 0.487500 1.271703 26.543425
 0.490000 1.338762 27.075595
 0.492500 1.407160 27.614122
 0.495000 1.476902 28.145043
 0.497500 1.547940 28.649495
 0.500000 1.620194 29.114923
 0.502500 1.693557 29.541676
 0.505000 1.767951 29.944198
 0.507500 1.843333 30.338954
 0.510000 1.919707 30.733623
 0.512500 1.997069 31.129676
 0.515000 2.075411 31.519418
 0.517500 2.154693 31.885047
 0.520000 2.234838 32.214550
 0.522500 2.315746 32.489029
 0.525000 2.397255 32.688765
 0.527500 2.479134 32.788637
 0.530000 2.561101 32.757389
 0.532500 2.642809 32.577783
 0.535000 2.723876 32.257532
 0.537500 2.804006 31.839025
 0.540000 2.883030 31.394380
 0.542500 2.960973 30.989958
 0.545000 3.038025 30.686440
 0.547500 3.114460 30.503833
 0.550000 3.190560 30.409956
 0.552500 3.266465 30.342202
 0.555000 3.342127 30.204619
 0.557500 3.417253 29.904063
 0.560000 3.491332 29.356676
 0.562500 3.563675 28.525282
 0.565000 3.633576 27.404756
 0.567500 3.700345 26.035408
 0.570000 3.763458 24.498282
 0.572500 3.822610 22.893963
 0.575000 3.877751 21.312232
 0.577500 3.929038 19.827345
 0.580000 3.976780 18.479638
 0.582500 4.021338 17.281331
 0.585000 4.063051 16.206684
 0.587500 4.102184 15.218479
 0.590000 4.138909 14.270304
 0.592500 4.173255 13.317739
 0.595000 4.205166 12.326287
 0.597500 4.234513 11.268142
 0.600000 4.261132 10.151826
 0.602500 4.284879 8.981531
 0.605000 4.305643 7.776532
 0.607500 4.323364 6.555095
 0.610000 4.338010 5.319580
 0.612500 4.349531 4.044902
 0.615000 4.357780 2.705662
 0.617500 4.362549 1.270584
 0.620000 4.363589 -0.285004
 0.622500 4.360604 -1.939848
 0.625000 4.353372 -3.660513
 0.627500 4.341831 -5.375067
 0.630000 4.326101 -6.989892
 0.632500 4.306543 -8.422525
 0.635000 4.283697 -9.606161
 0.637500 4.258214 -10.533557
 0.640000 4.230693 -11.247826
 0.642500 4.201548 -11.840137
 0.645000 4.170953 -12.430192
 0.647500 4.138784 -13.109927
 0.650000 4.104742 -13.930465
 0.652500 4.068472 -14.887475
 0.655000 4.029681 -15.933342
 0.657500 3.988231 -16.995933
 0.660000 3.944181 -17.998807
 0.662500 3.897751 -18.894761
 0.665000 3.849259 -19.648517
 0.667500 3.799064 -20.248544
 0.670000 3.747525 -20.728375
 0.672500 3.694898 -21.129716
 0.675000 3.641324 -21.506399
 0.677500 3.586775 -21.902314
 0.680000 3.531164 -22.370794
 0.682500 3.474285 -22.929895
 0.685000 3.415883 -23.579366
 0.687500 3.355737 -24.313570
 0.690000 3.293678 -25.103076
 0.692500 3.229639 -25.893998
 0.695000 3.163718 -26.600950
 0.697500 3.096241 -27.121880
 0.700000 3.027776 -27.365301
 0.702500 2.959106 -27.296621
 0.705000 2.891006 -26.916389
 0.707500 2.824173 -26.305815
 0.710000 2.759026 -25.593179
 0.712500 2.695650 -24.911849
 0.715000 2.633819 -24.375929
 0.717500 2.573077 -24.044367
 0.720000 2.512907 -23.914812
 0.722500 2.452851 -23.947081
 0.725000 2.392595 -24.071235
 0.727500 2.331989 -24.222215
 0.730000 2.271013 -24.353679
 0.732500 2.209764 -24.446772
 0.735000 2.148352 -24.487060
 0.737500 2.086906 -24.464969
 0.740000 2.025612 -24.382081
 0.742500 1.964629 -24.223302
 0.745000 1.904140 -23.983885
 0.747500 1.844351 -23.669922
 0.750000 1.785439 -23.289783
 0.752500 1.727545 -22.850191
 0.755000 1.670820 -22.362941
 0.757500 1.615380 -21.828986
 0.760000 1.561328 -21.249148
 0.762500 1.508780 -20.637893
 0.765000 1.457783 -20.014664
 0.767500 1.408330 -19.408662
 0.770000 1.360352 -18.849370
 0.772500 1.313698 -18.352648
 0.775000 1.268206 -17.919510
 0.777500 1.223738 -17.528282
 0.780000 1.180234 -17.150001
 0.782500 1.137705 -16.748356
 0.785000 1.096236 -16.300757
 0.787500 1.055952 -15.812502
 0.790000 1.016920 -15.302538
 0.792500 0.979152 -14.807565
 0.795000 0.942583 -14.359521
 0.797500 0.907061 -13.965930
 0.800000 0.872467 -13.623244
 0.802500 0.838699 -13.300619
 0.805000 0.805744 -12.970991
 0.807500 0.773643 -12.617809
 0.810000 0.742465 -12.237202
 0.812500 0.712264 -11.838212
 0.815000 0.683076 -11.435643
 0.817500 0.654892 -11.036848
 0.820000 0.627694 -10.647213
 0.822500 0.601458 -10.273484
 0.825000 0.576139 -9.918410
 0.827500 0.551677 -9.591516
 0.830000 0.527989 -9.305760
 0.832500 0.504959 -9.066049
 0.835000 0.482473 -8.868653
 0.837500 0.460445 -8.698076
 0.840000 0.438838 -8.527394
 0.842500 0.417689 -8.332670
 0.845000 0.397089 -8.093290
 0.847500 0.377153 -7.798566
 0.850000 0.358014 -7.459660
 0.852500 0.339762 -7.095334
 0.855000 0.322430 -6.728144
 0.857500 0.306000 -6.377419
 0.860000 0.290418 -6.052484
 0.862500 0.275618 -5.753260
 0.865000 0.261547 -5.469706
 0.867500 0.248176 -5.193374
 0.870000 0.235499 -4.916595
 0.872500 0.223510 -4.640226
 0.875000 0.212203 -4.374036
 0.877500 0.201543 -4.131273
 0.880000 0.191452 -3.920935
 0.882500 0.181834 -3.751545
 0.885000 0.172588 -3.626725
 0.887500 0.163608 -3.539029
 0.890000 0.154814 -3.477332
 0.892500 0.146162 -3.423591
 0.895000 0.137653 -3.359520
 0.897500 0.129334 -3.268787
 0.900000 0.121289 -3.142784
 0.902500 0.113610 -2.976363
 0.905000 0.106392 -2.777008
 0.907500 0.099700 -2.558819
 0.910000 0.093561 -2.339406
 0.912500 0.087954 -2.137047
 0.915000 0.082818 -1.964373
 0.917500 0.078068 -1.829098
 0.920000 0.073608 -1.731206
 0.922500 0.069354 -1.666270
 0.925000 0.065232 -1.623179
 0.927500 0.061201 -1.592034
 0.930000 0.057244 -1.562185
 0.932500 0.053370 -1.524944
 0.935000 0.049606 -1.474498
 0.937500 0.045988 -1.409517
 0.940000 0.042549 -1.332483
 0.942500 0.039312 -1.249138
 0.945000 0.036285 -1.167605
 0.947500 0.033455 -1.091795
 0.950000 0.030805 -1.023954
 0.952500 0.028318 -0.960459
 0.955000 0.025989 -0.896763
 0.957500 0.023825 -0.826949
 0.960000 0.021848 -0.748378
 0.962500 0.020079 -0.660798
 0.965000 0.018536 -0.569284
 0.967500 0.017220 -0.481152
 0.970000 0.016110 -0.404741
 0.972500 0.015170 -0.347857
 0.975000 0.014343 -0.314142
 0.977500 0.013572 -0.303919
 0.980000 0.012801 -0.312312
 0.982500 0.011994 -0.332614
 0.985000 0.011130 -0.356000
 0.987500 0.010212 -0.374609
 0.990000 0.009260 -0.383497
 0.992500 0.008301 -0.379873
 0.995000 0.007366 -0.365167
 0.997500 0.006479 -0.342003
 1.000000 0.005656 -0.314083
 1.002500 0.004906 -0.284279
 1.005000 0.004232 -0.254408
 1.007500 0.003632 -0.224864
 1.010000 0.003106 -0.194933
 1.012500 0.002654 -0.165362
 1.015000 0.002275 -0.137011
 1.017500 0.001964 -0.111624
 1.020000 0.001712 -0.090193
 1.022500 0.001506 -0.074074
 1.025000 0.001335 -0.063286
 1.027500 0.001184 -0.056748
 1.030000 0.001047 -0.053100
 1.032500 0.000916 -0.050934
 1.035000 0.000791 -0.048830
 1.037500 0.000672 -0.045960
 1.040000 0.000561 -0.041996
 1.042500 0.000462 -0.037045
 1.045000 0.000375 -0.031678
 1.047500 0.000303 -0.026414
 1.050000 0.000243 -0.021651
 1.052500 0.000194 -0.017703
 1.055000 0.000153 -0.014623
 1.057500 0.000120 -0.012218
 1.060000 0.000091 -0.010273
 1.062500 0.000068 -0.008561
 1.065000 0.000048 -0.006903
 1.067500 0.000033 -0.005350
 1.070000 0.000021 -0.003918
 1.072500 0.000013 -0.002687
 1.075000 0.000008 -0.001720
 1.077500 0.000004 -0.001034
 1.080000 0.000002 -0.000592
 1.082500 0.000001 -0.000315
 1.085000 0.000000 -0.000157
 1.087500 0.000000 -0.000073
 1.090000 0.000000 -0.000032
 1.092500 0.000000 0.000000
 1.095000 0.000000 0.000000
 1.097500 0.000000 0.000000
 1.100000 0.000000 0.000000
 1.102500 0.000000 0.000000
 1.105000 0.000000 0.000000
 1.107500 0.000000 0.000000
 1.110000 0.000000 0.000000
 1.112500 0.000000 0.000000
 1.115000 0.000000 0.000000
 1.117500 0.000000 0.000000
 1.120000 0.000000 0.000000
 1.122500 0.000000 0.000000
 1.125000 0.000000 0.000000
 1.127500 0.000000 0.000000
 1.130000 0.000000 0.000000
 1.132500 0.000000 0.000000
 1.135000 0.000000 0.000000
 1.137500 0.000000 0.000000
 1.140000 0.000000 0.000000
 1.142500 0.000000 0.000000
 1.145000 0.000000 0.000000
 1.147500 0.000000 0.000000
 1.150000 0.000000 0.000000
 1.152500 0.000000 0.000000
 1.155000 0.000000 0.000000
 1.157500 0.000000 0.000000
 1.160000 0.000000 0.000000
 1.162500 0.000000 0.000000
 1.165000 0.000000 0.000000
 1.167500 0.000000 0.000000
 1.170000 0.000000 0.000000
 1.172500 0.000000 0.000000
 1.175000 0.000000 0.000000
 1.177500 0.000000 0.000000
 1.180000 0.000000 0.000000
 1.182500 0.000000 0.000000
 1.185000 0.000000 0.000000
 1.187500 0.000000 0.000000
 1.190000 0.000000 0.000000
 1.192500 0.000000 0.000000
 1.195000 0.000000 0.000000
 1.197500 0.000000 0.000000
 1.200000 0.000000 0.000000
 1.202500 0.000000 0.000000
 1.205000 0.000000 0.000000
 1.207500 0.000000 0.000000
 1.210000 0.000000 0.000000
 1.212500 0.000000 0.000000
 1.215000 0.000000 0.000000
 1.217500 0.000000 0.000000
 1.220000 0.000000 0.000000
 1.222500 0.000000 0.000000
 1.225000 0.000000 0.000000
 1.227500 0.000000 0.000000
 1.230000 0.000000 0.000000
 1.232500 0.000000 0.000000
 1.235000 0.000000 0.000000
 1.237500 0.000000 0.000000
 1.240000 0.000000 0.000000
 1.242500 0.000000 0.000000
 1.245000 0.000000 0.000000
 1.247500 0.000000 0.000000
 1.250000 0.000000 0.000000
 1.252500 0.000000 0.000000
 1.255000 0.000000 0.000000
 1.257500 0.000000 0.000000
 1.260000 0.000000 0.000000
 1.262500 0.000000 0.000000
 1.265000 0.000000 0.000000
 1.267500 0.000000 0.000000
 1.270000 0.000000 0.000000
 1.272500 0.000000 0.000000
 1.275000 0.000000 0.000000
 1.277500 0.000000 0.000000
 1.280000 0.000000 0.000000
 1.282500 0.000000 0.000000
 1.285000 0.000000 0.000000
 1.287500 0.000000 0.000000
 1.290000 0.000000 0.000000
 1.292500 0.000000 0.000000
 1.295000 0.000000 0.000000
 1.297500 0.000000 0.000000
 1.300000 0.000000 0.000000
 1.302500 0.000000 0.000000
 1.305000 0.000000 0.000000
 1.307500 0.000000 0.000000
 1.310000 0.000000 0.000000
 1.312500 0.000000 0.000000
 1.315000 0.000000 0.000000
 1.317500 0.000000 0.000000
 1.320000 0.000000 0.000000
 1.322500 0.000000 0.000000
 1.325000 0.000000 0.000000
 1.327500 0.000000 0.000000
 1.330000 0.000000 0.000000
 1.332500 0.000000 0.000000
 1.335000 0.000000 0.000000
 1.337500 0.000000 0.000000
 1.340000 0.000000 0.000000
 1.342500 0.000000 0.000000
 1.345000 0.000000 0.000000
 1.347500 0.000000 0.000000
 1.350000 0.000000 0.000000
 1.352500 0.000000 0.000000
 1.355000 0.000000 0.000000
 1.357500 0.000000 0.000000
 1.360000 0.000000 0.000000
 1.362500 0.000000 0.000000
 1.365000 0.000000 0.000000
 1.367500 0.000000 0.000000
 1.370000 0.000000 0.000000
 1.372500 0.000000 0.000000
 1.375000 0.000000 0.000000
 1.377500 0.000000 0.000000
 1.380000 0.000000 0.000000
 1.382500 0.000000 0.000000
 1.385000 0.000000 0.000000
 1.387500 0.000000 0.000000
 1.390000 0.000000 0.000000
 1.392500 0.000000 0.000000
 1.395000 0.000000 0.000000
 1.397500 0.000000 0.000000
 1.400000 0.000000 0.000000
 1.402500 0.000000 0.000000
 1.405000 0.000000 0.000000
 1.407500 0.000000 0.000000
 1.410000 0.000000 0.000000
 1.412500 0.000000 0.000000
 1.415000 0.000000 0.000000
 1.417500 0.000000 0.000000
 1.420000 0.000000 0.000000
 1.422500 0.000000 0.000000
 1.425000 0.000000 0.000000
 1.427500 0.000000 0.000000
 1.430000 0.000000 0.000000
 1.432500 0.000000 0.000000
 1.435000 0.000000 0.000000
 1.437500 0.000000 0.000000
 1.440000 0.000000 0.000000
 1.442500 0.000000 0.000000
 1.445000 0.000000 0.000000
 1.447500 0.000000 0.000000
 1.450000 0.000000 0.000000
 1.452500 0.000000 0.000000
 1.455000 0.000000 0.000000
 1.457500 0.000000 0.000000
 1.460000 0.000000 0.000000
 1.462500 0.000000 0.000000
 1.465000 0.000000 0.000000
 1.467500 0.000000 0.000000
 1.470000 0.000000 0.000000
 1.472500 0.000000 0.000000
 1.475000 0.000000 0.000000
 1.477500 0.000000 0.000000
 1.480000 0.000000 0.000000
 1.482500 0.000000 0.000000
 1.485000 0.000000 0.000000
 1.487500 0.000000 0.000000
 1.490000 0.000000 0.000000
 1.492500 0.000000 0.000000
 1.495000 0.000000 0.000000
 1.497500 0.000000 0.000000
 1.500000 0.000000 0.000000
 1.502500 0.000000 0.000000
 1.505000 0.000000 0.000000
 1.507500 0.000000 0.000000
 1.510000 0.000000 0.000000
 1.512500 0.000000 0.000000
 1.515000 0.000000 0.000000
 1.517500 0.000000 0.000000
 1.520000 0.000000 0.000000
 1.522500 0.000000 0.000000
 1.525000 0.000000 0.000000
 1.527500 0.000000 0.000000
 1.530000 0.000000 0.000000
 1.532500 0.000000 0.000000
 1.535000 0.000000 0.000000
 1.537500 0.000000 0.000000
 1.540000 0.000000 0.000000
 1.542500 0.000000 0.000000
 1.545000 0.000000 0.000000
 1.547500 0.000000 0.000000
 1.550000 0.000000 0.000000
 1.552500 0.000000 0.000000
 1.555000 0.000000 0.000000
 1.557500 0.000000 0.000000
 1.560000 0.000000 0.000000
 1.562500 0.000000 0.000000
 1.565000 0.000000 0.000000
 1.567500 0.000000 0.000000
 1.570000 0.000000 0.000000
 1.572500 0.000000 0.000000
 1.575000 0.000000 0.000000
 1.577500 0.000000 0.000000
 1.580000 0.000000 0.000000
 1.582500 0.000000 0.000000
 1.585000 0.000000 0.000000
 1.587500 0.000000 0.000000
 1.590000 0.000000 0.000000
 1.592500 0.000000 0.000000
 1.595000 0.000000 0.000000
 1.597500 0.000000 0.000000
 1.600000 0.000000 0.000000
 1.602500 0.000000 0.000000
 1.605000 0.000000 0.000000
 1.607500 0.000000 0.000000
 1.610000 0.000000 0.000000
 1.612500 0.000000 0.000000
 1.615000 0.000000 0.000000
 1.617500 0.000000 0.000000
 1.620000 0.000000 0.000000
 1.622500 0.000000 0.000000
 1.625000 0.000000 0.000000
 1.627500 0.000000 0.000000
 1.630000 0.000000 0.000000
 1.632500 0.000000 0.000000
 1.635000 0.000000 0.000000
 1.637500 0.000000 0.000000
 1.640000 0.000000 0.000000
 1.642500 0.000000 0.000000
 1.645000 0.000000 0.000000
 1.647500 0.000000 0.000000
 1.650000 0.000000 0.000000
 1.652500 0.000000 0.000000
 1.655000 0.000000 0.000000
 1.657500 0.000000 0.000000
 1.660000 0.000000 0.000000
 1.662500 0.000000 0.000000
 1.665000 0.000000 0.000000
 1.667500 0.000000 0.000000
 1.670000 0.000000 0.000000
 1.672500 0.000000 0.000000
 1.675000 0.000000 0.000000
 1.677500 0.000000 0.000000
 1.680000 0.000000 0.000000
 1.682500 0.000000 0.000000
 1.685000 0.000000 0.000000
 1.687500 0.000000 0.000000
 1.690000 0.000000 0.000000
 1.692500 0.000000 0.000000
 1.695000 0.000000 0.000000
 1.697500 0.000000 0.000000
 1.700000 0.000000 0.000000
 1.702500 0.000000 0.000000
 1.705000 0.000000 0.000000
 1.707500 0.000000 0.000000
 1.710000 0.000000 0.000000
 1.712500 0.000000 0.000000
 1.715000 0.000000 0.000000
 1.717500 0.000000 0.000000
 1.720000 0.000000 0.000000
 1.722500 0.000000 0.000000
 1.725000 0.000000 0.000000
 1.727500 0.000000 0.000000
 1.730000 0.000000 0.000000
 1.732500 0.000000 0.000000
 1.735000 0.000000 0.000000
 1.737500 0.000000 0.000000
 1.740000 0.000000 0.000000
 1.742500 0.000000 0.000000
 1.745000 0.000000 0.000000
 1.747500 0.000000 0.000000
 1.750000 0.000000 0.000000
 1.752500 0.000000 0.000000
 1.755000 0.000000 0.000000
 1.757500 0.000000 0.000000
 1.760000 0.000000 0.000000
 1.762500 0.000000 0.000000
 1.765000 0.000000 0.000000
 1.767500 0.000000 0.000000
 1.770000 0.000000 0.000000
 1.772500 0.000000 0.000000
 1.775000 0.000000 0.000000
 1.777500 0.000000 0.000000
 1.780000 0.000000 0.000000
 1.782500 0.000000 0.000000
 1.785000 0.000000 0.000000
 1.787500 0.000000 0.000000
 1.790000 0.000000 0.000000
 1.792500 0.000000 0.000000
 1.795000 0.000000 0.000000
 1.797500 0.000000 0.000000
 1.800000 0.000000 0.000000
 1.802500 0.000000 0.000000
 1.805000 0.000000 0.000000
 1.807500 0.000000 0.000000
 1.810000 0.000000 0.000000
 1.812500 0.000000 0.000000
 1.815000 0.000000 0.000000
 1.817500 0.000000 0.000000
 1.820000 0.000000 0.000000
 1.822500 0.000000 0.000000
 1.825000 0.000000 0.000000
 1.827500 0.000000 0.000000
 1.830000 0.000000 0.000000
 1.832500 0.000000 0.000000
 1.835000 0.000000 0.000000
 1.837500 0.000000 0.000000
 1.840000 0.000000 0.000000
 1.842500 0.000000 0.000000
 1.845000 0.000000 0.000000
 1.847500 0.000000 0.000000
 1.850000 0.000000 0.000000
 1.852500 0.000000 0.000000
 1.855000 0.000000 0.000000
 1.857500 0.000000 0.000000
 1.860000 0.000000 0.000000
 1.862500 0.000000 0.000000
 1.865000 0.000000 0.000000
 1.867500 0.000000 0.000000
 1.870000 0.000000 0.000000
 1.872500 0.000000 0.000000
 1.875000 0.000000 0.000000
 1.877500 0.000000 0.000000
 1.880000 0.000000 0.000000
 1.882500 0.000000 0.000000
 1.885000 0.000000 0.000000
 1.887500 0.000000 0.000000
 1.890000 0.000000 0.000000
 1.892500 0.000000 0.000000
 1.895000 0.000000 0.000000
 1.897500 0.000000 0.000000
 1.900000 0.000000 0.000000
 1.902500 0.000000 0.000000
 1.905000 0.000000 0.000000
 1.907500 0.000000 0.000000
 1.910000 0.000000 0.000000
 1.912500 0.000000 0.000000
 1.915000 0.000000 0.000000
 1.917500 0.000000 0.000000
 1.920000 0.000000 0.000000
 1.922500 0.000000 0.000000
 1.925000 0.000000 0.000000
 1.927500 0.000000 0.000000
 1.930000 0.000000 0.000000
 1.932500 0.000000 0.000000
 1.935000 0.000000 0.000000
 1.937500 0.000000 0.000000
 1.940000 0.000000 0.000000
 1.942500 0.000000 0.000000
 1.945000 0.000000 0.000000
 1.947500 0.000000 0.000000
 1.950000 0.000000 0.000000
 1.952500 0.000000 0.000000
 1.955000 0.000000 0.000000
 1.957500 0.000000 0.000000
 1.960000 0.000000 0.000000
 1.962500 0.000000 0.000000
 1.965000 0.000000 0.000000
 1.967500 0.000000 0.000000
 1.970000 0.000000 0.000000
 1.972500 0.000000 0.000000
 1.975000 0.000000 0.000000
 1.977500 0.000000 0.000000
 1.980000 0.000000 0.000000
 1.982500 0.000000 0.000000
 1.985000 0.000000 0.000000
 1.987500 0.000000 0.000000
 1.990000 0.000000 0.000000
 1.992500 0.000000 0.000000
 1.995000 0.000000 0.000000
 1.997500 0.000000 0.000000
 2.000000 0.000000 0.000000
