#! FIELDS es hh dhh_es
#! SET normalisation  2000.000000
#! SET min_es -0.5
#! SET max_es 2
#! SET nbins_es  1000
#! SET periodic_es false
 -0.500000 0.000000 0.000000
 -0.497500 0.000000 0.000000
 -0.495000 0.000000 0.000000
 -0.492500 0.000000 0.000000
 -0.490000 0.000000 0.000000
 -0.487500 0.000000 0.000000
 -0.485000 0.000000 0.000000
 -0.482500 0.000000 0.000000
 -0.480000 0.000000 0.000000
 -0.477500 0.000000 0.000000
 -0.475000 0.000000 0.000000
 -0.472500 0.000000 0.000000
 -0.470000 0.000000 0.000000
 -0.467500 0.000000 0.000000
 -0.465000 0.000000 0.000000
 -0.462500 0.000000 0.000000
 -0.460000 0.000000 0.000000
 -0.457500 0.000000 0.000000
 -0.455000 0.000000 0.000000
 -0.452500 0.000000 0.000000
 -0.450000 0.000000 0.000000
 -0.447500 0.000000 0.000000
 -0.445000 0.000000 0.000000
 -0.442500 0.000000 0.000000
 -0.440000 0.000000 0.000000
 -0.437500 0.000000 0.000000
 -0.435000 0.000000 0.000000
 -0.432500 0.000000 0.000000
 -0.430000 0.000000 0.000000
 -0.427500 0.000000 0.000000
 -0.425000 0.000000 0.000000
 -0.422500 0.000000 0.000000
 -0.420000 0.000000 0.000000
 -0.417500 0.000000 0.000000
 -0.415000 0.000000 0.000000
 -0.412500 0.000000 0.000000
 -0.410000 0.000000 0.000000
 -0.407500 0.000000 0.000000
 -0.405000 0.000000 0.000000
 -0.402500 0.000000 0.000000
 -0.400000 0.000000 0.000000
 -0.397500 0.000000 0.000000
 -0.395000 0.000000 0.000000
 -0.392500 0.000000 0.000000
 -0.390000 0.000000 0.000000
 -0.387500 0.000000 0.000000
 -0.385000 0.000000 0.000000
 -0.382500 0.000000 0.000000
 -0.380000 0.000000 0.000000
 -0.377500 0.000000 0.000000
 -0.375000 0.000000 0.000000
 -0.372500 0.000000 0.000000
 -0.370000 0.000000 0.000000
 -0.367500 0.000000 0.000000
 -0.365000 0.000000 0.000000
 -0.362500 0.000000 0.000000
 -0.360000 0.000000 0.000000
 -0.357500 0.000000 0.000000
 -0.355000 0.000000 0.000000
 -0.352500 0.000000 0.000000
 -0.350000 0.000000 0.000000
 -0.347500 0.000000 0.000000
 -0.345000 0.000000 0.000000
 -0.342500 0.000000 0.000000
 -0.340000 0.000000 0.000000
 -0.337500 0.000000 0.000000
 -0.335000 0.000000 0.000000
 -0.332500 0.000000 0.000000
 -0.330000 0.000000 0.000000
 -0.327500 0.000000 0.000000
 -0.325000 0.000000 0.000000
 -0.322500 0.000000 0.000000
 -0.320000 0.000000 0.000000
 -0.317500 0.000000 0.000000
 -0.315000 0.000000 0.000000
 -0.312500 0.000000 0.000000
 -0.310000 0.000000 0.000000
 -0.307500 0.000000 0.000000
 -0.305000 0.000000 0.000000
 -0.302500 0.000000 0.000000
 -0.300000 0.000000 0.000000
 -0.297500 0.000000 0.000000
 -0.295000 0.000000 0.000000
 -0.292500 0.000000 0.000000
 -0.290000 0.000000 0.000000
 -0.287500 0.000000 0.000000
 -0.285000 0.000000 0.000000
 -0.282500 0.000000 0.000000
 -0.280000 0.000000 0.000000
 -0.277500 0.000000 0.000000
 -0.275000 0.000000 0.000000
 -0.272500 0.000000 0.000000
 -0.270000 0.000000 0.000000
 -0.267500 0.000000 0.000000
 -0.265000 0.000000 0.000000
 -0.262500 0.000000 0.000000
 -0.260000 0.000000 0.000000
 -0.257500 0.000000 0.000000
 -0.255000 0.000000 0.000000
 -0.252500 0.000000 0.000000
 -0.250000 0.000000 0.000000
 -0.247500 0.000000 0.000000
 -0.245000 0.000000 0.000000
 -0.242500 0.000000 0.000000
 -0.240000 0.000000 0.000000
 -0.237500 0.000000 0.000000
 -0.235000 0.000000 0.000000
 -0.232500 0.000000 0.000000
 -0.230000 0.000000 0.000000
 -0.227500 0.000000 0.000000
 -0.225000 0.000000 0.000000
 -0.222500 0.000000 0.000000
 -0.220000 0.000000 0.000000
 -0.217500 0.000000 0.000000
 -0.215000 0.000000 0.000000
 -0.212500 0.000000 0.000000
 -0.210000 0.000000 0.000000
 -0.207500 0.000000 0.000000
 -0.205000 0.000000 0.000000
 -0.202500 0.000000 0.000000
 -0.200000 0.000000 0.000000
 -0.197500 0.000000 0.000000
 -0.195000 0.000000 0.000000
 -0.192500 0.000000 0.000000
 -0.190000 0.000000 0.000000
 -0.187500 0.000000 0.000000
 -0.185000 0.000000 0.000000
 -0.182500 0.000000 0.000000
 -0.180000 0.000000 0.000000
 -0.177500 0.000000 0.000000
 -0.175000 0.000000 0.000000
 -0.172500 0.000000 0.000000
 -0.170000 0.000000 0.000000
 -0.167500 0.000000 0.000000
 -0.165000 0.000000 0.000000
 -0.162500 0.000000 0.000000
 -0.160000 0.000000 0.000000
 -0.157500 0.000000 0.000000
 -0.155000 0.000000 0.000000
 -0.152500 0.000000 0.000000
 -0.150000 0.000000 0.000000
 -0.147500 0.000000 0.000000
 -0.145000 0.000000 0.000000
 -0.142500 0.000000 0.000000
 -0.140000 0.000000 0.000000
 -0.137500 0.000000 0.000000
 -0.135000 0.000000 0.000000
 -0.132500 0.000000 0.000000
 -0.130000 0.000000 0.000000
 -0.127500 0.000000 0.000000
 -0.125000 0.000000 0.000000
 -0.122500 0.000000 0.000000
 -0.120000 0.000000 0.000000
 -0.117500 0.000000 0.000000
 -0.115000 0.000000 0.000000
 -0.112500 0.000000 0.000000
 -0.110000 0.000000 0.000000
 -0.107500 0.000000 0.000000
 -0.105000 0.000000 0.000000
 -0.102500 0.000000 0.000000
 -0.100000 0.000000 0.000000
 -0.097500 0.000000 0.000000
 -0.095000 0.000000 0.000000
 -0.092500 0.000000 0.000000
 -0.090000 0.000000 0.000000
 -0.087500 0.000000 0.000000
 -0.085000 0.000000 0.000000
 -0.082500 0.000000 0.000000
 -0.080000 0.000000 0.000000
 -0.077500 0.000000 0.000000
 -0.075000 0.000000 0.000000
 -0.072500 0.000000 0.000000
 -0.070000 0.000000 0.000000
 -0.067500 0.000000 0.000000
 -0.065000 0.000000 0.000000
 -0.062500 0.000000 0.000000
 -0.060000 0.000000 0.000000
 -0.057500 0.000000 0.000000
 -0.055000 0.000000 0.000000
 -0.052500 0.000000 0.000000
 -0.050000 0.000000 0.000000
 -0.047500 0.000000 0.000000
 -0.045000 0.000000 0.000000
 -0.042500 0.000000 0.000000
 -0.040000 0.000000 0.000000
 -0.037500 0.000000 0.000000
 -0.035000 0.000000 0.000000
 -0.032500 0.000000 0.000000
 -0.030000 0.000000 0.000000
 -0.027500 0.000000 0.000000
 -0.025000 0.000000 0.000000
 -0.022500 0.000000 0.000000
 -0.020000 0.000000 0.000000
 -0.017500 0.000000 0.000000
 -0.015000 0.000000 0.000000
 -0.012500 0.000000 0.000000
 -0.010000 0.000000 0.000000
 -0.007500 0.000000 0.000000
 -0.005000 0.000000 0.000000
 -0.002500 0.000000 0.000000
 0.000000 0.000000 0.000000
 0.002500 0.000000 0.000000
 0.005000 0.000000 0.000000
 0.007500 0.000000 0.000000
 0.010000 0.000000 0.000000
 0.012500 0.000000 0.000000
 0.015000 0.000000 0.000000
 0.017500 0.000000 0.000000
 0.020000 0.000000 0.000000
 0.022500 0.000000 0.000000
 0.025000 0.000000 0.000000
 0.027500 0.000000 0.000000
 0.030000 0.000000 0.000000
 0.032500 0.000000 0.000000
 0.035000 0.000000 0.000000
 0.037500 0.000000 0.000000
 0.040000 0.000000 0.000000
 0.042500 0.000000 0.000000
 0.045000 0.000000 0.000000
 0.047500 0.000000 0.000000
 0.050000 0.000000 0.000000
 0.052500 0.000000 0.000000
 0.055000 0.000000 0.000000
 0.057500 0.000000 0.000000
 0.060000 0.000000 0.000000
 0.062500 0.000000 0.000000
 0.065000 0.000000 0.000000
 0.067500 0.000000 0.000000
 0.070000 0.000000 0.000000
 0.072500 0.000000 0.000000
 0.075000 0.000000 0.000000
 0.077500 0.000000 0.000000
 0.080000 0.000000 0.000000
 0.082500 0.000000 0.000000
 0.085000 0.000000 0.000000
 0.087500 0.000000 0.000000
 0.090000 0.000000 0.000000
 0.092500 0.000000 0.000000
 0.095000 0.000000 0.000000
 0.097500 0.000000 0.000000
 0.100000 0.000000 0.000000
 0.102500 0.000000 0.000000
 0.105000 0.000000 0.000000
 0.107500 0.000000 0.000000
 0.110000 0.000000 0.000000
 0.112500 0.000000 0.000000
 0.115000 0.000000 0.000000
 0.117500 0.000000 0.000000
 0.120000 0.000000 0.000000
 0.122500 0.000000 0.000000
 0.125000 0.000000 0.000000
 0.127500 0.000000 0.000000
 0.130000 0.000000 0.000000
 0.132500 0.000000 0.000000
 0.135000 0.000000 0.000000
 0.137500 0.000000 0.000000
 0.140000 0.000000 0.000000
 0.142500 0.000000 0.000000
 0.145000 0.000000 0.000000
 0.147500 0.000000 0.000000
 0.150000 0.000000 0.000000
 0.152500 0.000000 0.000000
 0.155000 0.000000 0.000000
 0.157500 0.000000 0.000000
 0.160000 0.000000 0.000000
 0.162500 0.000000 0.000000
 0.165000 0.000000 0.000000
 0.167500 0.000000 0.000000
 0.170000 0.000000 0.000000
 0.172500 0.000000 0.000000
 0.175000 0.000000 0.000000
 0.177500 0.000000 0.000000
 0.180000 0.000000 0.000000
 0.182500 0.000000 0.000000
 0.185000 0.000000 0.000000
 0.187500 0.000000 0.000000
 0.190000 0.000000 0.000000
 0.192500 0.000000 0.000000
 0.195000 0.000000 0.000000
 0.197500 0.000000 0.000000
 0.200000 0.000000 0.000000
 0.202500 0.000000 0.000000
 0.205000 0.000000 0.000000
 0.207500 0.000000 0.000000
 0.210000 0.000000 0.000000
 0.212500 0.000000 0.000000
 0.215000 0.000000 0.000000
 0.217500 0.000000 0.000000
 0.220000 0.000000 0.000000
 0.222500 0.000000 0.000000
 0.225000 0.000000 0.000000
 0.227500 0.000000 0.000000
 0.230000 0.000000 0.000000
 0.232500 0.000000 0.000000
 0.235000 0.000000 0.000000
 0.237500 0.000000 0.000000
 0.240000 0.000000 0.000000
 0.242500 0.000000 0.000000
 0.245000 0.000000 0.000000
 0.247500 0.000000 0.000000
 0.250000 0.000000 0.000000
 0.252500 0.000000 0.000000
 0.255000 0.000000 0.000000
 0.257500 0.000000 0.000000
 0.260000 0.000000 0.000000
 0.262500 0.000000 0.000000
 0.265000 0.000000 0.000000
 0.267500 0.000000 0.000000
 0.270000 0.000000 0.000000
 0.272500 0.000000 0.000000
 0.275000 0.000000 0.000000
 0.277500 0.000000 0.000000
 0.280000 0.000000 0.000000
 0.282500 0.000000 0.000000
 0.285000 0.000000 0.000000
 0.287500 0.000000 0.000000
 0.290000 0.000000 0.000000
 0.292500 0.000000 0.000000
 0.295000 0.000000 0.000000
 0.297500 0.000000 0.000000
 0.300000 0.000000 0.000000
 0.302500 0.000000 0.000000
 0.305000 0.000000 0.000000
 0.307500 0.000000 0.000000
 0.310000 0.000000 0.000000
 0.312500 0.000000 0.000000
 0.315000 0.000000 0.000000
 0.317500 0.000000 0.000000
 0.320000 0.000000 0.000000
 0.322500 0.000000 0.000000
 0.325000 0.000000 0.000000
 0.327500 0.000000 0.000000
 0.330000 0.000000 0.000000
 0.332500 0.000000 0.000000
 0.335000 0.000000 0.000000
 0.337500 0.000000 0.000000
 0.340000 0.000000 0.000000
 0.342500 0.000000 0.000000
 0.345000 0.000000 0.000000
 0.347500 0.000000 0.000000
 0.350000 0.000000 0.000000
 0.352500 0.000000 0.000000
 0.355000 0.000000 0.000013
 0.357500 0.000000 0.000031
 0.360000 0.000000 0.000071
 0.362500 0.000000 0.000154
 0.365000 0.000001 0.000323
 0.367500 0.000002 0.000631
 0.370000 0.000004 0.001133
 0.372500 0.000008 0.001908
 0.375000 0.000014 0.003029
 0.377500 0.000024 0.004505
 0.380000 0.000037 0.006326
 0.382500 0.000055 0.008362
 0.385000 0.000079 0.010445
 0.387500 0.000108 0.012435
 0.390000 0.000141 0.014090
 0.392500 0.000178 0.015322
 0.395000 0.000217 0.016119
 0.397500 0.000259 0.016689
 0.400000 0.000301 0.017298
 0.402500 0.000346 0.018455
 0.405000 0.000394 0.020748
 0.407500 0.000451 0.024689
 0.410000 0.000520 0.030578
 0.412500 0.000605 0.038234
 0.415000 0.000712 0.046941
 0.417500 0.000840 0.055563
 0.420000 0.000989 0.062768
 0.422500 0.001153 0.067586
 0.425000 0.001326 0.069874
 0.427500 0.001502 0.070637
 0.430000 0.001680 0.072161
 0.432500 0.001867 0.077729
 0.435000 0.002075 0.090327
 0.437500 0.002327 0.112404
 0.440000 0.002647 0.144750
 0.442500 0.003060 0.186169
 0.445000 0.003584 0.233387
 0.447500 0.004230 0.281992
 0.450000 0.004994 0.327140
 0.452500 0.005862 0.365141
 0.455000 0.006815 0.394551
 0.457500 0.007832 0.417320
 0.460000 0.008904 0.439093
 0.462500 0.010036 0.467679
 0.465000 0.011260 0.512633
 0.467500 0.012624 0.581136
 0.470000 0.014194 0.677426
 0.472500 0.016039 0.800294
 0.475000 0.018219 0.943608
 0.477500 0.020774 1.098565
 0.480000 0.023723 1.257037
 0.482500 0.027066 1.413920
 0.485000 0.030799 1.569351
 0.487500 0.034925 1.728684
 0.490000 0.039461 1.898589
 0.492500 0.044442 2.084564
 0.495000 0.049910 2.287360
 0.497500 0.055902 2.502131
 0.500000 0.062438 2.720541
 0.502500 0.069516 2.933676
 0.505000 0.077114 3.135684
 0.507500 0.085205 3.327860
 0.510000 0.093776 3.520718
 0.512500 0.102843 3.728739
 0.515000 0.112474 3.972511
 0.517500 0.122777 4.270285
 0.520000 0.133911 4.637620
 0.522500 0.146056 5.080352
 0.525000 0.159403 5.597679
 0.527500 0.174128 6.179249
 0.530000 0.190372 6.808628
 0.532500 0.208230 7.465067
 0.535000 0.227741 8.125191
 0.537500 0.248881 8.766283
 0.540000 0.271583 9.370417
 0.542500 0.295738 9.927159
 0.545000 0.321223 10.436223
 0.547500 0.347935 10.910523
 0.550000 0.375817 11.375504
 0.552500 0.404886 11.863333
 0.555000 0.435237 12.406488
 0.557500 0.467040 13.028040
 0.560000 0.500508 13.735855
 0.562500 0.535853 14.521840
 0.565000 0.573231 15.361561
 0.567500 0.612752 16.229291
 0.570000 0.654456 17.106248
 0.572500 0.698360 17.987712
 0.575000 0.744485 18.883520
 0.577500 0.792878 19.805506
 0.580000 0.843618 20.761044
 0.582500 0.896785 21.743819
 0.585000 0.952428 22.736509
 0.587500 1.010535 23.715954
 0.590000 1.071058 24.659283
 0.592500 1.133876 25.553709
 0.595000 1.198864 26.394408
 0.597500 1.265893 27.186454
 0.600000 1.334840 27.933435
 0.602500 1.405617 28.648168
 0.605000 1.478154 29.341209
 0.607500 1.552402 30.022265
 0.610000 1.628339 30.698154
 0.612500 1.705963 31.369485
 0.615000 1.785245 32.020590
 0.617500 1.866113 32.633583
 0.620000 1.948434 33.179370
 0.622500 2.032004 33.632447
 0.625000 2.116580 33.987802
 0.627500 2.201928 34.257011
 0.630000 2.287867 34.469153
 0.632500 2.374299 34.658681
 0.635000 2.461216 34.857011
 0.637500 2.548646 35.075605
 0.640000 2.636631 35.304549
 0.642500 2.725157 35.499534
 0.645000 2.814070 35.616785
 0.647500 2.903132 35.607479
 0.650000 2.991971 35.439352
 0.652500 3.080180 35.110296
 0.655000 3.167374 34.638255
 0.657500 3.253246 34.062856
 0.660000 3.337579 33.414294
 0.662500 3.420214 32.711100
 0.665000 3.501003 31.940042
 0.667500 3.579750 31.080901
 0.670000 3.656224 30.120080
 0.672500 3.730176 29.077414
 0.675000 3.801464 28.010706
 0.677500 3.870130 26.988591
 0.680000 3.936362 26.083684
 0.682500 4.000495 25.321345
 0.685000 4.062872 24.673479
 0.687500 4.123708 24.076673
 0.690000 4.183015 23.443909
 0.692500 4.240590 22.680304
 0.695000 4.295996 21.719385
 0.697500 4.348704 20.510072
 0.700000 4.398051 19.035669
 0.702500 4.443389 17.315785
 0.705000 4.484159 15.395474
 0.707500 4.519937 13.354028
 0.710000 4.550562 11.290929
 0.712500 4.576103 9.312689
 0.715000 4.596872 7.493054
 0.717500 4.613334 5.866363
 0.720000 4.625940 4.405953
 0.722500 4.635050 3.050075
 0.725000 4.640793 1.722581
 0.727500 4.643166 0.337301
 0.730000 4.641940 -1.148715
 0.732500 4.636846 -2.750926
 0.735000 4.627614 -4.447959
 0.737500 4.614055 -6.204049
 0.740000 4.596086 -7.961911
 0.742500 4.573766 -9.664271
 0.745000 4.547320 -11.251617
 0.747500 4.517092 -12.671875
 0.750000 4.483551 -13.899214
 0.752500 4.447189 -14.931645
 0.755000 4.408455 -15.800866
 0.757500 4.367680 -16.574073
 0.760000 4.325012 -17.323863
 0.762500 4.280430 -18.117861
 0.765000 4.233746 -18.999919
 0.767500 4.184720 -19.989630
 0.770000 4.133089 -21.078083
 0.772500 4.078645 -22.244757
 0.775000 4.021220 -23.441482
 0.777500 3.960795 -24.647174
 0.780000 3.897385 -25.817360
 0.782500 3.831140 -26.907233
 0.785000 3.762315 -27.880769
 0.787500 3.691243 -28.699350
 0.790000 3.618333 -29.342480
 0.792500 3.544045 -29.814038
 0.795000 3.468777 -30.123834
 0.797500 3.392915 -30.308641
 0.800000 3.316713 -30.397165
 0.802500 3.240371 -30.423606
 0.805000 3.164014 -30.404708
 0.807500 3.087747 -30.357896
 0.810000 3.011646 -30.280149
 0.812500 2.935782 -30.162979
 0.815000 2.860270 -29.997040
 0.817500 2.785254 -29.768807
 0.820000 2.710903 -29.472707
 0.822500 2.637362 -29.122205
 0.825000 2.564736 -28.760950
 0.827500 2.492963 -28.449028
 0.830000 2.421841 -28.255480
 0.832500 2.351012 -28.219282
 0.835000 2.280088 -28.338355
 0.837500 2.208747 -28.540710
 0.840000 2.136896 -28.722559
 0.842500 2.064739 -28.774792
 0.845000 1.992713 -28.614709
 0.847500 1.921390 -28.215402
 0.850000 1.851348 -27.610840
 0.852500 1.783006 -26.861869
 0.855000 1.716637 -26.050823
 0.857500 1.652325 -25.236803
 0.860000 1.590020 -24.447059
 0.862500 1.529645 -23.693768
 0.865000 1.471120 -22.975784
 0.867500 1.414362 -22.282225
 0.870000 1.359320 -21.608109
 0.872500 1.305950 -20.942891
 0.875000 1.254237 -20.279548
 0.877500 1.204189 -19.612876
 0.880000 1.155834 -18.937452
 0.882500 1.109186 -18.253767
 0.885000 1.064247 -17.579701
 0.887500 1.020956 -16.942983
 0.890000 0.979187 -16.371530
 0.892500 0.938749 -15.884482
 0.895000 0.899421 -15.482671
 0.897500 0.861008 -15.150946
 0.900000 0.823376 -14.860568
 0.902500 0.786457 -14.574481
 0.905000 0.750281 -14.271812
 0.907500 0.714905 -13.936648
 0.910000 0.680407 -13.571352
 0.912500 0.646851 -13.185674
 0.915000 0.614279 -12.789329
 0.917500 0.582714 -12.387355
 0.920000 0.552171 -11.974368
 0.922500 0.522677 -11.543883
 0.925000 0.494288 -11.097331
 0.927500 0.467047 -10.629456
 0.930000 0.440999 -10.144874
 0.932500 0.416181 -9.648667
 0.935000 0.392612 -9.145978
 0.937500 0.370304 -8.643364
 0.940000 0.349250 -8.146563
 0.942500 0.329428 -7.664159
 0.945000 0.310788 -7.205875
 0.947500 0.293255 -6.783496
 0.950000 0.276719 -6.408718
 0.952500 0.261052 -6.093019
 0.955000 0.246101 -5.839510
 0.957500 0.231713 -5.641834
 0.960000 0.217764 -5.486231
 0.962500 0.204176 -5.351465
 0.965000 0.190931 -5.211855
 0.967500 0.178068 -5.041247
 0.970000 0.165690 -4.825165
 0.972500 0.153916 -4.559160
 0.975000 0.142863 -4.252497
 0.977500 0.132611 -3.923413
 0.980000 0.123188 -3.595176
 0.982500 0.114565 -3.287525
 0.985000 0.106670 -3.013958
 0.987500 0.099412 -2.779921
 0.990000 0.092695 -2.582133
 0.992500 0.086436 -2.412835
 0.995000 0.080571 -2.265061
 0.997500 0.075055 -2.135348
 1.000000 0.069843 -2.022693
 1.002500 0.064894 -1.927828
 1.005000 0.060159 -1.849323
 1.007500 0.055601 -1.786348
 1.010000 0.051191 -1.730799
 1.012500 0.046925 -1.672174
 1.015000 0.042822 -1.598006
 1.017500 0.038933 -1.501322
 1.020000 0.035316 -1.380056
 1.022500 0.032029 -1.240644
 1.025000 0.029102 -1.093471
 1.027500 0.026539 -0.953328
 1.030000 0.024305 -0.831780
 1.032500 0.022343 -0.736200
 1.035000 0.020586 -0.669082
 1.037500 0.018965 -0.626321
 1.040000 0.017428 -0.601566
 1.042500 0.015940 -0.585849
 1.045000 0.014487 -0.571886
 1.047500 0.013074 -0.553696
 1.050000 0.011715 -0.528170
 1.052500 0.010431 -0.494814
 1.055000 0.009239 -0.454817
 1.057500 0.008152 -0.412133
 1.060000 0.007174 -0.369431
 1.062500 0.006299 -0.329254
 1.065000 0.005519 -0.293340
 1.067500 0.004824 -0.262380
 1.070000 0.004201 -0.234991
 1.072500 0.003642 -0.210471
 1.075000 0.003143 -0.187554
 1.077500 0.002701 -0.165181
 1.080000 0.002314 -0.142994
 1.082500 0.001982 -0.121953
 1.085000 0.001700 -0.102650
 1.087500 0.001463 -0.086403
 1.090000 0.001263 -0.073752
 1.092500 0.001090 -0.064726
 1.095000 0.000936 -0.058664
 1.097500 0.000794 -0.054586
 1.100000 0.000661 -0.051269
 1.102500 0.000537 -0.047570
 1.105000 0.000423 -0.043064
 1.107500 0.000322 -0.037536
 1.110000 0.000235 -0.031195
 1.112500 0.000165 -0.024742
 1.115000 0.000111 -0.018610
 1.117500 0.000071 -0.013256
 1.120000 0.000044 -0.008978
 1.122500 0.000025 -0.005673
 1.125000 0.000014 -0.003440
 1.127500 0.000007 -0.001948
 1.130000 0.000004 -0.001029
 1.132500 0.000002 -0.000465
 1.135000 0.000001 -0.000228
 1.137500 0.000000 -0.000084
 1.140000 0.000000 -0.000037
 1.142500 0.000000 0.000000
 1.145000 0.000000 0.000000
 1.147500 0.000000 0.000000
 1.150000 0.000000 0.000000
 1.152500 0.000000 0.000000
 1.155000 0.000000 0.000000
 1.157500 0.000000 0.000000
 1.160000 0.000000 0.000000
 1.162500 0.000000 0.000000
 1.165000 0.000000 0.000000
 1.167500 0.000000 0.000000
 1.170000 0.000000 0.000000
 1.172500 0.000000 0.000000
 1.175000 0.000000 0.000000
 1.177500 0.000000 0.000000
 1.180000 0.000000 0.000000
 1.182500 0.000000 0.000000
 1.185000 0.000000 0.000000
 1.187500 0.000000 0.000000
 1.190000 0.000000 0.000000
 1.192500 0.000000 0.000000
 1.195000 0.000000 0.000000
 1.197500 0.000000 0.000000
 1.200000 0.000000 0.000000
 1.202500 0.000000 0.000000
 1.205000 0.000000 0.000000
 1.207500 0.000000 0.000000
 1.210000 0.000000 0.000000
 1.212500 0.000000 0.000000
 1.215000 0.000000 0.000000
 1.217500 0.000000 0.000000
 1.220000 0.000000 0.000000
 1.222500 0.000000 0.000000
 1.225000 0.000000 0.000000
 1.227500 0.000000 0.000000
 1.230000 0.000000 0.000000
 1.232500 0.000000 0.000000
 1.235000 0.000000 0.000000
 1.237500 0.000000 0.000000
 1.240000 0.000000 0.000000
 1.242500 0.000000 0.000000
 1.245000 0.000000 0.000000
 1.247500 0.000000 0.000000
 1.250000 0.000000 0.000000
 1.252500 0.000000 0.000000
 1.255000 0.000000 0.000000
 1.257500 0.000000 0.000000
 1.260000 0.000000 0.000000
 1.262500 0.000000 0.000000
 1.265000 0.000000 0.000000
 1.267500 0.000000 0.000000
 1.270000 0.000000 0.000000
 1.272500 0.000000 0.000000
 1.275000 0.000000 0.000000
 1.277500 0.000000 0.000000
 1.280000 0.000000 0.000000
 1.282500 0.000000 0.000000
 1.285000 0.000000 0.000000
 1.287500 0.000000 0.000000
 1.290000 0.000000 0.000000
 1.292500 0.000000 0.000000
 1.295000 0.000000 0.000000
 1.297500 0.000000 0.000000
 1.300000 0.000000 0.000000
 1.302500 0.000000 0.000000
 1.305000 0.000000 0.000000
 1.307500 0.000000 0.000000
 1.310000 0.000000 0.000000
 1.312500 0.000000 0.000000
 1.315000 0.000000 0.000000
 1.317500 0.000000 0.000000
 1.320000 0.000000 0.000000
 1.322500 0.000000 0.000000
 1.325000 0.000000 0.000000
 1.327500 0.000000 0.000000
 1.330000 0.000000 0.000000
 1.332500 0.000000 0.000000
 1.335000 0.000000 0.000000
 1.337500 0.000000 0.000000
 1.340000 0.000000 0.000000
 1.342500 0.000000 0.000000
 1.345000 0.000000 0.000000
 1.347500 0.000000 0.000000
 1.350000 0.000000 0.000000
 1.352500 0.000000 0.000000
 1.355000 0.000000 0.000000
 1.357500 0.000000 0.000000
 1.360000 0.000000 0.000000
 1.362500 0.000000 0.000000
 1.365000 0.000000 0.000000
 1.367500 0.000000 0.000000
 1.370000 0.000000 0.000000
 1.372500 0.000000 0.000000
 1.375000 0.000000 0.000000
 1.377500 0.000000 0.000000
 1.380000 0.000000 0.000000
 1.382500 0.000000 0.000000
 1.385000 0.000000 0.000000
 1.387500 0.000000 0.000000
 1.390000 0.000000 0.000000
 1.392500 0.000000 0.000000
 1.395000 0.000000 0.000000
 1.397500 0.000000 0.000000
 1.400000 0.000000 0.000000
 1.402500 0.000000 0.000000
 1.405000 0.000000 0.000000
 1.407500 0.000000 0.000000
 1.410000 0.000000 0.000000
 1.412500 0.000000 0.000000
 1.415000 0.000000 0.000000
 1.417500 0.000000 0.000000
 1.420000 0.000000 0.000000
 1.422500 0.000000 0.000000
 1.425000 0.000000 0.000000
 1.427500 0.000000 0.000000
 1.430000 0.000000 0.000000
 1.432500 0.000000 0.000000
 1.435000 0.000000 0.000000
 1.437500 0.000000 0.000000
 1.440000 0.000000 0.000000
 1.442500 0.000000 0.000000
 1.445000 0.000000 0.000000
 1.447500 0.000000 0.000000
 1.450000 0.000000 0.000000
 1.452500 0.000000 0.000000
 1.455000 0.000000 0.000000
 1.457500 0.000000 0.000000
 1.460000 0.000000 0.000000
 1.462500 0.000000 0.000000
 1.465000 0.000000 0.000000
 1.467500 0.000000 0.000000
 1.470000 0.000000 0.000000
 1.472500 0.000000 0.000000
 1.475000 0.000000 0.000000
 1.477500 0.000000 0.000000
 1.480000 0.000000 0.000000
 1.482500 0.000000 0.000000
 1.485000 0.000000 0.000000
 1.487500 0.000000 0.000000
 1.490000 0.000000 0.000000
 1.492500 0.000000 0.000000
 1.495000 0.000000 0.000000
 1.497500 0.000000 0.000000
 1.500000 0.000000 0.000000
 1.502500 0.000000 0.000000
 1.505000 0.000000 0.000000
 1.507500 0.000000 0.000000
 1.510000 0.000000 0.000000
 1.512500 0.000000 0.000000
 1.515000 0.000000 0.000000
 1.517500 0.000000 0.000000
 1.520000 0.000000 0.000000
 1.522500 0.000000 0.000000
 1.525000 0.000000 0.000000
 1.527500 0.000000 0.000000
 1.530000 0.000000 0.000000
 1.532500 0.000000 0.000000
 1.535000 0.000000 0.000000
 1.537500 0.000000 0.000000
 1.540000 0.000000 0.000000
 1.542500 0.000000 0.000000
 1.545000 0.000000 0.000000
 1.547500 0.000000 0.000000
 1.550000 0.000000 0.000000
 1.552500 0.000000 0.000000
 1.555000 0.000000 0.000000
 1.557500 0.000000 0.000000
 1.560000 0.000000 0.000000
 1.562500 0.000000 0.000000
 1.565000 0.000000 0.000000
 1.567500 0.000000 0.000000
 1.570000 0.000000 0.000000
 1.572500 0.000000 0.000000
 1.575000 0.000000 0.000000
 1.577500 0.000000 0.000000
 1.580000 0.000000 0.000000
 1.582500 0.000000 0.000000
 1.585000 0.000000 0.000000
 1.587500 0.000000 0.000000
 1.590000 0.000000 0.000000
 1.592500 0.000000 0.000000
 1.595000 0.000000 0.000000
 1.597500 0.000000 0.000000
 1.600000 0.000000 0.000000
 1.602500 0.000000 0.000000
 1.605000 0.000000 0.000000
 1.607500 0.000000 0.000000
 1.610000 0.000000 0.000000
 1.612500 0.000000 0.000000
 1.615000 0.000000 0.000000
 1.617500 0.000000 0.000000
 1.620000 0.000000 0.000000
 1.622500 0.000000 0.000000
 1.625000 0.000000 0.000000
 1.627500 0.000000 0.000000
 1.630000 0.000000 0.000000
 1.632500 0.000000 0.000000
 1.635000 0.000000 0.000000
 1.637500 0.000000 0.000000
 1.640000 0.000000 0.000000
 1.642500 0.000000 0.000000
 1.645000 0.000000 0.000000
 1.647500 0.000000 0.000000
 1.650000 0.000000 0.000000
 1.652500 0.000000 0.000000
 1.655000 0.000000 0.000000
 1.657500 0.000000 0.000000
 1.660000 0.000000 0.000000
 1.662500 0.000000 0.000000
 1.665000 0.000000 0.000000
 1.667500 0.000000 0.000000
 1.670000 0.000000 0.000000
 1.672500 0.000000 0.000000
 1.675000 0.000000 0.000000
 1.677500 0.000000 0.000000
 1.680000 0.000000 0.000000
 1.682500 0.000000 0.000000
 1.685000 0.000000 0.000000
 1.687500 0.000000 0.000000
 1.690000 0.000000 0.000000
 1.692500 0.000000 0.000000
 1.695000 0.000000 0.000000
 1.697500 0.000000 0.000000
 1.700000 0.000000 0.000000
 1.702500 0.000000 0.000000
 1.705000 0.000000 0.000000
 1.707500 0.000000 0.000000
 1.710000 0.000000 0.000000
 1.712500 0.000000 0.000000
 1.715000 0.000000 0.000000
 1.717500 0.000000 0.000000
 1.720000 0.000000 0.000000
 1.722500 0.000000 0.000000
 1.725000 0.000000 0.000000
 1.727500 0.000000 0.000000
 1.730000 0.000000 0.000000
 1.732500 0.000000 0.000000
 1.735000 0.000000 0.000000
 1.737500 0.000000 0.000000
 1.740000 0.000000 0.000000
 1.742500 0.000000 0.000000
 1.745000 0.000000 0.000000
 1.747500 0.000000 0.000000
 1.750000 0.000000 0.000000
 1.752500 0.000000 0.000000
 1.755000 0.000000 0.000000
 1.757500 0.000000 0.000000
 1.760000 0.000000 0.000000
 1.762500 0.000000 0.000000
 1.765000 0.000000 0.000000
 1.767500 0.000000 0.000000
 1.770000 0.000000 0.000000
 1.772500 0.000000 0.000000
 1.775000 0.000000 0.000000
 1.777500 0.000000 0.000000
 1.780000 0.000000 0.000000
 1.782500 0.000000 0.000000
 1.785000 0.000000 0.000000
 1.787500 0.000000 0.000000
 1.790000 0.000000 0.000000
 1.792500 0.000000 0.000000
 1.795000 0.000000 0.000000
 1.797500 0.000000 0.000000
 1.800000 0.000000 0.000000
 1.802500 0.000000 0.000000
 1.805000 0.000000 0.000000
 1.807500 0.000000 0.000000
 1.810000 0.000000 0.000000
 1.812500 0.000000 0.000000
 1.815000 0.000000 0.000000
 1.817500 0.000000 0.000000
 1.820000 0.000000 0.000000
 1.822500 0.000000 0.000000
 1.825000 0.000000 0.000000
 1.827500 0.000000 0.000000
 1.830000 0.000000 0.000000
 1.832500 0.000000 0.000000
 1.835000 0.000000 0.000000
 1.837500 0.000000 0.000000
 1.840000 0.000000 0.000000
 1.842500 0.000000 0.000000
 1.845000 0.000000 0.000000
 1.847500 0.000000 0.000000
 1.850000 0.000000 0.000000
 1.852500 0.000000 0.000000
 1.855000 0.000000 0.000000
 1.857500 0.000000 0.000000
 1.860000 0.000000 0.000000
 1.862500 0.000000 0.000000
 1.865000 0.000000 0.000000
 1.867500 0.000000 0.000000
 1.870000 0.000000 0.000000
 1.872500 0.000000 0.000000
 1.875000 0.000000 0.000000
 1.877500 0.000000 0.000000
 1.880000 0.000000 0.000000
 1.882500 0.000000 0.000000
 1.885000 0.000000 0.000000
 1.887500 0.000000 0.000000
 1.890000 0.000000 0.000000
 1.892500 0.000000 0.000000
 1.895000 0.000000 0.000000
 1.897500 0.000000 0.000000
 1.900000 0.000000 0.000000
 1.902500 0.000000 0.000000
 1.905000 0.000000 0.000000
 1.907500 0.000000 0.000000
 1.910000 0.000000 0.000000
 1.912500 0.000000 0.000000
 1.915000 0.000000 0.000000
 1.917500 0.000000 0.000000
 1.920000 0.000000 0.000000
 1.922500 0.000000 0.000000
 1.925000 0.000000 0.000000
 1.927500 0.000000 0.000000
 1.930000 0.000000 0.000000
 1.932500 0.000000 0.000000
 1.935000 0.000000 0.000000
 1.937500 0.000000 0.000000
 1.940000 0.000000 0.000000
 1.942500 0.000000 0.000000
 1.945000 0.000000 0.000000
 1.947500 0.000000 0.000000
 1.950000 0.000000 0.000000
 1.952500 0.000000 0.000000
 1.955000 0.000000 0.000000
 1.957500 0.000000 0.000000
 1.960000 0.000000 0.000000
 1.962500 0.000000 0.000000
 1.965000 0.000000 0.000000
 1.967500 0.000000 0.000000
 1.970000 0.000000 0.000000
 1.972500 0.000000 0.000000
 1.975000 0.000000 0.000000
 1.977500 0.000000 0.000000
 1.980000 0.000000 0.000000
 1.982500 0.000000 0.000000
 1.985000 0.000000 0.000000
 1.987500 0.000000 0.000000
 1.990000 0.000000 0.000000
 1.992500 0.000000 0.000000
 1.995000 0.000000 0.000000
 1.997500 0.000000 0.000000
 2.000000 0.000000 0.000000
