#! FIELDS es hh dhh_es
#! SET normalisation  2000.000000
#! SET min_es -0.5
#! SET max_es 2
#! SET nbins_es  1000
#! SET periodic_es false
 -0.500000 0.000000 0.000000
 -0.497500 0.000000 0.000000
 -0.495000 0.000000 0.000000
 -0.492500 0.000000 0.000000
 -0.490000 0.000000 0.000000
 -0.487500 0.000000 0.000000
 -0.485000 0.000000 0.000000
 -0.482500 0.000000 0.000000
 -0.480000 0.000000 0.000000
 -0.477500 0.000000 0.000000
 -0.475000 0.000000 0.000000
 -0.472500 0.000000 0.000000
 -0.470000 0.000000 0.000000
 -0.467500 0.000000 0.000000
 -0.465000 0.000000 0.000000
 -0.462500 0.000000 0.000000
 -0.460000 0.000000 0.000000
 -0.457500 0.000000 0.000000
 -0.455000 0.000000 0.000000
 -0.452500 0.000000 0.000000
 -0.450000 0.000000 0.000000
 -0.447500 0.000000 0.000000
 -0.445000 0.000000 0.000000
 -0.442500 0.000000 0.000000
 -0.440000 0.000000 0.000000
 -0.437500 0.000000 0.000000
 -0.435000 0.000000 0.000000
 -0.432500 0.000000 0.000000
 -0.430000 0.000000 0.000000
 -0.427500 0.000000 0.000000
 -0.425000 0.000000 0.000000
 -0.422500 0.000000 0.000000
 -0.420000 0.000000 0.000000
 -0.417500 0.000000 0.000000
 -0.415000 0.000000 0.000000
 -0.412500 0.000000 0.000000
 -0.410000 0.000000 0.000000
 -0.407500 0.000000 0.000000
 -0.405000 0.000000 0.000000
 -0.402500 0.000000 0.000000
 -0.400000 0.000000 0.000000
 -0.397500 0.000000 0.000000
 -0.395000 0.000000 0.000000
 -0.392500 0.000000 0.000000
 -0.390000 0.000000 0.000000
 -0.387500 0.000000 0.000000
 -0.385000 0.000000 0.000000
 -0.382500 0.000000 0.000000
 -0.380000 0.000000 0.000000
 -0.377500 0.000000 0.000000
 -0.375000 0.000000 0.000000
 -0.372500 0.000000 0.000000
 -0.370000 0.000000 0.000000
 -0.367500 0.000000 0.000000
 -0.365000 0.000000 0.000000
 -0.362500 0.000000 0.000000
 -0.360000 0.000000 0.000000
 -0.357500 0.000000 0.000000
 -0.355000 0.000000 0.000000
 -0.352500 0.000000 0.000000
 -0.350000 0.000000 0.000000
 -0.347500 0.000000 0.000000
 -0.345000 0.000000 0.000000
 -0.342500 0.000000 0.000000
 -0.340000 0.000000 0.000000
 -0.337500 0.000000 0.000000
 -0.335000 0.000000 0.000000
 -0.332500 0.000000 0.000000
 -0.330000 0.000000 0.000000
 -0.327500 0.000000 0.000000
 -0.325000 0.000000 0.000000
 -0.322500 0.000000 0.000000
 -0.320000 0.000000 0.000000
 -0.317500 0.000000 0.000000
 -0.315000 0.000000 0.000000
 -0.312500 0.000000 0.000000
 -0.310000 0.000000 0.000000
 -0.307500 0.000000 0.000000
 -0.305000 0.000000 0.000000
 -0.302500 0.000000 0.000000
 -0.300000 0.000000 0.000000
 -0.297500 0.000000 0.000000
 -0.295000 0.000000 0.000000
 -0.292500 0.000000 0.000000
 -0.290000 0.000000 0.000000
 -0.287500 0.000000 0.000000
 -0.285000 0.000000 0.000000
 -0.282500 0.000000 0.000000
 -0.280000 0.000000 0.000000
 -0.277500 0.000000 0.000000
 -0.275000 0.000000 0.000000
 -0.272500 0.000000 0.000000
 -0.270000 0.000000 0.000000
 -0.267500 0.000000 0.000000
 -0.265000 0.000000 0.000000
 -0.262500 0.000000 0.000000
 -0.260000 0.000000 0.000000
 -0.257500 0.000000 0.000000
 -0.255000 0.000000 0.000000
 -0.252500 0.000000 0.000000
 -0.250000 0.000000 0.000000
 -0.247500 0.000000 0.000000
 -0.245000 0.000000 0.000000
 -0.242500 0.000000 0.000000
 -0.240000 0.000000 0.000000
 -0.237500 0.000000 0.000000
 -0.235000 0.000000 0.000000
 -0.232500 0.000000 0.000000
 -0.230000 0.000000 0.000000
 -0.227500 0.000000 0.000000
 -0.225000 0.000000 0.000000
 -0.222500 0.000000 0.000000
 -0.220000 0.000000 0.000000
 -0.217500 0.000000 0.000000
 -0.215000 0.000000 0.000000
 -0.212500 0.000000 0.000000
 -0.210000 0.000000 0.000000
 -0.207500 0.000000 0.000000
 -0.205000 0.000000 0.000000
 -0.202500 0.000000 0.000000
 -0.200000 0.000000 0.000000
 -0.197500 0.000000 0.000000
 -0.195000 0.000000 0.000000
 -0.192500 0.000000 0.000000
 -0.190000 0.000000 0.000000
 -0.187500 0.000000 0.000000
 -0.185000 0.000000 0.000000
 -0.182500 0.000000 0.000000
 -0.180000 0.000000 0.000000
 -0.177500 0.000000 0.000000
 -0.175000 0.000000 0.000000
 -0.172500 0.000000 0.000000
 -0.170000 0.000000 0.000000
 -0.167500 0.000000 0.000000
 -0.165000 0.000000 0.000000
 -0.162500 0.000000 0.000000
 -0.160000 0.000000 0.000000
 -0.157500 0.000000 0.000000
 -0.155000 0.000000 0.000000
 -0.152500 0.000000 0.000000
 -0.150000 0.000000 0.000000
 -0.147500 0.000000 0.000000
 -0.145000 0.000000 0.000000
 -0.142500 0.000000 0.000000
 -0.140000 0.000000 0.000000
 -0.137500 0.000000 0.000000
 -0.135000 0.000000 0.000000
 -0.132500 0.000000 0.000000
 -0.130000 0.000000 0.000000
 -0.127500 0.000000 0.000000
 -0.125000 0.000000 0.000000
 -0.122500 0.000000 0.000000
 -0.120000 0.000000 0.000000
 -0.117500 0.000000 0.000000
 -0.115000 0.000000 0.000000
 -0.112500 0.000000 0.000000
 -0.110000 0.000000 0.000000
 -0.107500 0.000000 0.000000
 -0.105000 0.000000 0.000000
 -0.102500 0.000000 0.000000
 -0.100000 0.000000 0.000000
 -0.097500 0.000000 0.000000
 -0.095000 0.000000 0.000000
 -0.092500 0.000000 0.000000
 -0.090000 0.000000 0.000000
 -0.087500 0.000000 0.000000
 -0.085000 0.000000 0.000000
 -0.082500 0.000000 0.000000
 -0.080000 0.000000 0.000000
 -0.077500 0.000000 0.000000
 -0.075000 0.000000 0.000000
 -0.072500 0.000000 0.000000
 -0.070000 0.000000 0.000000
 -0.067500 0.000000 0.000000
 -0.065000 0.000000 0.000000
 -0.062500 0.000000 0.000000
 -0.060000 0.000000 0.000000
 -0.057500 0.000000 0.000000
 -0.055000 0.000000 0.000000
 -0.052500 0.000000 0.000000
 -0.050000 0.000000 0.000000
 -0.047500 0.000000 0.000000
 -0.045000 0.000000 0.000000
 -0.042500 0.000000 0.000000
 -0.040000 0.000000 0.000000
 -0.037500 0.000000 0.000000
 -0.035000 0.000000 0.000000
 -0.032500 0.000000 0.000000
 -0.030000 0.000000 0.000000
 -0.027500 0.000000 0.000000
 -0.025000 0.000000 0.000000
 -0.022500 0.000000 0.000000
 -0.020000 0.000000 0.000000
 -0.017500 0.000000 0.000000
 -0.015000 0.000000 0.000000
 -0.012500 0.000000 0.000000
 -0.010000 0.000000 0.000016
 -0.007500 0.000000 0.000054
 -0.005000 0.000000 0.000154
 -0.002500 0.000001 0.000417
 0.000000 0.000003 0.000936
 0.002500 0.000007 0.002044
 0.005000 0.000015 0.004178
 0.007500 0.000030 0.008154
 0.010000 0.000059 0.015053
 0.012500 0.000112 0.026775
 0.015000 0.000201 0.045405
 0.017500 0.000350 0.074187
 0.020000 0.000588 0.117286
 0.022500 0.000958 0.179915
 0.025000 0.001516 0.268080
 0.027500 0.002335 0.389203
 0.030000 0.003505 0.550402
 0.032500 0.005140 0.760109
 0.035000 0.007368 1.025771
 0.037500 0.010340 1.355347
 0.040000 0.014225 1.757169
 0.042500 0.019216 2.240239
 0.045000 0.025529 2.814924
 0.047500 0.033406 3.491859
 0.050000 0.043114 4.279586
 0.052500 0.054941 5.183482
 0.055000 0.069171 6.200249
 0.057500 0.086077 7.319124
 0.060000 0.105891 8.521645
 0.062500 0.128798 9.787057
 0.065000 0.154928 11.095742
 0.067500 0.184370 12.435308
 0.070000 0.217203 13.805909
 0.072500 0.253516 15.217629
 0.075000 0.293428 16.685387
 0.077500 0.337092 18.219977
 0.080000 0.384679 19.821124
 0.082500 0.436344 21.472789
 0.085000 0.492164 23.136185
 0.087500 0.552107 24.760521
 0.090000 0.616005 26.292718
 0.092500 0.683577 27.690416
 0.095000 0.754450 28.930033
 0.097500 0.828221 30.007571
 0.100000 0.904488 30.929791
 0.102500 0.982883 31.708700
 0.105000 1.063047 32.348884
 0.107500 1.144642 32.850296
 0.110000 1.227317 33.213195
 0.112500 1.310724 33.437082
 0.115000 1.394521 33.530761
 0.117500 1.478415 33.519662
 0.120000 1.562181 33.434367
 0.122500 1.645674 33.311975
 0.125000 1.728857 33.190560
 0.127500 1.811766 33.096443
 0.130000 1.894467 33.033274
 0.132500 1.977027 32.982239
 0.135000 2.059431 32.905219
 0.137500 2.141553 32.752118
 0.140000 2.223144 32.477288
 0.142500 2.303859 32.049019
 0.145000 2.383288 31.451476
 0.147500 2.461007 30.689179
 0.150000 2.536610 29.772276
 0.152500 2.609739 28.716146
 0.155000 2.680074 27.542178
 0.157500 2.747360 26.283245
 0.160000 2.811431 24.991221
 0.162500 2.872271 23.715257
 0.165000 2.930006 22.517498
 0.167500 2.984893 21.447650
 0.170000 3.037288 20.530120
 0.172500 3.087558 19.754026
 0.175000 3.136028 19.089531
 0.177500 3.182931 18.495084
 0.180000 3.228389 17.942642
 0.182500 3.272491 17.405131
 0.185000 3.315253 16.869908
 0.187500 3.356646 16.311232
 0.190000 3.396547 15.676973
 0.192500 3.434715 14.913188
 0.195000 3.470755 13.981058
 0.197500 3.504253 12.893185
 0.200000 3.534906 11.720897
 0.202500 3.562657 10.604181
 0.205000 3.587826 9.687116
 0.207500 3.611078 9.085260
 0.210000 3.633268 8.834347
 0.212500 3.655207 8.869973
 0.215000 3.677444 9.050263
 0.217500 3.700122 9.200649
 0.220000 3.722969 9.171292
 0.222500 3.745413 8.866748
 0.225000 3.766714 8.263049
 0.227500 3.786145 7.374543
 0.230000 3.803036 6.240646
 0.232500 3.816820 4.893534
 0.235000 3.827000 3.371272
 0.237500 3.833195 1.726000
 0.240000 3.835200 0.035201
 0.242500 3.833042 -1.573934
 0.245000 3.827108 -2.967354
 0.247500 3.818078 -4.029388
 0.250000 3.806875 -4.712710
 0.252500 3.794428 -5.027693
 0.255000 3.781547 -5.079769
 0.257500 3.768696 -5.020590
 0.260000 3.755946 -5.027269
 0.262500 3.742941 -5.242079
 0.265000 3.729020 -5.763715
 0.267500 3.713385 -6.626060
 0.270000 3.695200 -7.775112
 0.272500 3.673884 -9.118689
 0.275000 3.649104 -10.516374
 0.277500 3.620887 -11.838899
 0.280000 3.589568 -12.977824
 0.282500 3.555705 -13.873920
 0.285000 3.519943 -14.496389
 0.287500 3.482955 -14.863083
 0.290000 3.445313 -15.026369
 0.292500 3.407454 -15.056717
 0.295000 3.369602 -15.033245
 0.297500 3.331775 -15.045364
 0.300000 3.293789 -15.169764
 0.302500 3.255296 -15.453874
 0.305000 3.215882 -15.908867
 0.307500 3.175155 -16.495852
 0.310000 3.132873 -17.131613
 0.312500 3.089036 -17.720937
 0.315000 3.043880 -18.175321
 0.317500 2.997821 -18.446409
 0.320000 2.951321 -18.539938
 0.322500 2.904745 -18.512556
 0.325000 2.858285 -18.464554
 0.327500 2.811879 -18.488629
 0.330000 2.765274 -18.633580
 0.332500 2.718142 -18.899893
 0.335000 2.670244 -19.242730
 0.337500 2.621469 -19.590669
 0.340000 2.571899 -19.871092
 0.342500 2.521753 -20.044523
 0.345000 2.471321 -20.095760
 0.347500 2.420920 -20.037890
 0.350000 2.370788 -19.878854
 0.352500 2.321157 -19.635671
 0.355000 2.272238 -19.312487
 0.357500 2.224226 -18.913091
 0.360000 2.177317 -18.447552
 0.362500 2.131639 -17.930368
 0.365000 2.087276 -17.395535
 0.367500 2.044228 -16.894549
 0.370000 2.002347 -16.466087
 0.372500 1.961412 -16.142747
 0.375000 1.921143 -15.941127
 0.377500 1.881239 -15.854146
 0.380000 1.841440 -15.854054
 0.382500 1.801573 -15.900280
 0.385000 1.761581 -15.950232
 0.387500 1.721514 -15.954800
 0.390000 1.681535 -15.877686
 0.392500 1.641876 -15.701330
 0.395000 1.602779 -15.429209
 0.397500 1.564468 -15.086779
 0.400000 1.527071 -14.701276
 0.402500 1.490664 -14.305200
 0.405000 1.455240 -13.922082
 0.407500 1.420744 -13.565995
 0.410000 1.387091 -13.246715
 0.412500 1.354189 -12.967451
 0.415000 1.321937 -12.733134
 0.417500 1.290215 -12.536299
 0.420000 1.258948 -12.376957
 0.422500 1.228047 -12.245582
 0.425000 1.197453 -12.126897
 0.427500 1.167147 -12.017054
 0.430000 1.137124 -11.908699
 0.432500 1.107379 -11.788045
 0.435000 1.077962 -11.652251
 0.437500 1.048921 -11.485786
 0.440000 1.020346 -11.279327
 0.442500 0.992346 -11.025312
 0.445000 0.965048 -10.718917
 0.447500 0.938583 -10.365576
 0.450000 0.913054 -9.974823
 0.452500 0.888529 -9.566138
 0.455000 0.865025 -9.163076
 0.457500 0.842500 -8.788893
 0.460000 0.820846 -8.464637
 0.462500 0.799934 -8.206616
 0.465000 0.779588 -8.015643
 0.467500 0.759636 -7.888364
 0.470000 0.739923 -7.818941
 0.472500 0.720329 -7.797331
 0.475000 0.700750 -7.803933
 0.477500 0.681152 -7.815308
 0.480000 0.661553 -7.800505
 0.482500 0.642048 -7.733262
 0.485000 0.622795 -7.596887
 0.487500 0.603984 -7.388055
 0.490000 0.585776 -7.113334
 0.492500 0.568316 -6.801005
 0.495000 0.551655 -6.480064
 0.497500 0.535772 -6.180931
 0.500000 0.520586 -5.930311
 0.502500 0.505950 -5.741153
 0.505000 0.491705 -5.622348
 0.507500 0.477671 -5.569643
 0.510000 0.463699 -5.571561
 0.512500 0.449675 -5.607802
 0.515000 0.435552 -5.646439
 0.517500 0.421361 -5.656138
 0.520000 0.407220 -5.606011
 0.522500 0.393300 -5.477673
 0.525000 0.379798 -5.275453
 0.527500 0.366874 -5.022019
 0.530000 0.354615 -4.753795
 0.532500 0.343006 -4.508515
 0.535000 0.331948 -4.313045
 0.537500 0.321305 -4.180300
 0.540000 0.310928 -4.097496
 0.542500 0.300719 -4.042505
 0.545000 0.290641 -3.987408
 0.547500 0.280726 -3.911284
 0.550000 0.271045 -3.798322
 0.552500 0.261697 -3.647970
 0.555000 0.252765 -3.466876
 0.557500 0.244310 -3.269527
 0.560000 0.236352 -3.072740
 0.562500 0.228873 -2.892479
 0.565000 0.221810 -2.742352
 0.567500 0.215078 -2.629495
 0.570000 0.208579 -2.554361
 0.572500 0.202224 -2.513595
 0.575000 0.195943 -2.495660
 0.577500 0.189692 -2.485893
 0.580000 0.183467 -2.474274
 0.582500 0.177284 -2.449032
 0.585000 0.171191 -2.405817
 0.587500 0.165234 -2.338901
 0.590000 0.159477 -2.248488
 0.592500 0.153972 -2.134125
 0.595000 0.148782 -2.002705
 0.597500 0.143937 -1.857579
 0.600000 0.139458 -1.712430
 0.602500 0.135328 -1.583110
 0.605000 0.131486 -1.483726
 0.607500 0.127842 -1.425226
 0.610000 0.124289 -1.410998
 0.612500 0.120725 -1.433222
 0.615000 0.117077 -1.475312
 0.617500 0.113319 -1.517014
 0.620000 0.109477 -1.541389
 0.622500 0.105607 -1.539033
 0.625000 0.101780 -1.509774
 0.627500 0.098053 -1.459585
 0.630000 0.094465 -1.398832
 0.632500 0.091034 -1.338154
 0.635000 0.087749 -1.281425
 0.637500 0.084601 -1.230950
 0.640000 0.081571 -1.184159
 0.642500 0.078657 -1.141255
 0.645000 0.075847 -1.098660
 0.647500 0.073144 -1.056330
 0.650000 0.070547 -1.013381
 0.652500 0.068058 -0.969307
 0.655000 0.065681 -0.923678
 0.657500 0.063419 -0.878959
 0.660000 0.061269 -0.835598
 0.662500 0.059223 -0.795848
 0.665000 0.057270 -0.762308
 0.667500 0.055391 -0.735699
 0.670000 0.053569 -0.717256
 0.672500 0.051784 -0.706504
 0.675000 0.050017 -0.702725
 0.677500 0.048252 -0.704329
 0.680000 0.046479 -0.710192
 0.682500 0.044688 -0.717378
 0.685000 0.042881 -0.723421
 0.687500 0.041063 -0.725381
 0.690000 0.039248 -0.720927
 0.692500 0.037453 -0.709440
 0.695000 0.035695 -0.693269
 0.697500 0.033981 -0.672989
 0.700000 0.032319 -0.653949
 0.702500 0.030700 -0.637841
 0.705000 0.029117 -0.625866
 0.707500 0.027560 -0.615922
 0.710000 0.026029 -0.605191
 0.712500 0.024531 -0.588844
 0.715000 0.023085 -0.563276
 0.717500 0.021717 -0.526343
 0.720000 0.020454 -0.478894
 0.722500 0.019321 -0.423566
 0.725000 0.018332 -0.364969
 0.727500 0.017489 -0.306949
 0.730000 0.016786 -0.254076
 0.732500 0.016206 -0.208619
 0.735000 0.015729 -0.172735
 0.737500 0.015330 -0.146465
 0.740000 0.014983 -0.130458
 0.742500 0.014663 -0.125993
 0.745000 0.014339 -0.133477
 0.747500 0.013981 -0.152254
 0.750000 0.013565 -0.180014
 0.752500 0.013075 -0.211601
 0.755000 0.012507 -0.240307
 0.757500 0.011877 -0.260295
 0.760000 0.011213 -0.267453
 0.762500 0.010548 -0.261043
 0.765000 0.009915 -0.243420
 0.767500 0.009335 -0.218438
 0.770000 0.008822 -0.191067
 0.772500 0.008376 -0.165059
 0.775000 0.007991 -0.142320
 0.777500 0.007658 -0.124482
 0.780000 0.007363 -0.111451
 0.782500 0.007094 -0.103348
 0.785000 0.006840 -0.100373
 0.787500 0.006586 -0.102092
 0.790000 0.006322 -0.108438
 0.792500 0.006038 -0.118209
 0.795000 0.005728 -0.128971
 0.797500 0.005393 -0.138072
 0.800000 0.005040 -0.142593
 0.802500 0.004685 -0.140331
 0.805000 0.004344 -0.130011
 0.807500 0.004039 -0.111930
 0.810000 0.003788 -0.088272
 0.812500 0.003599 -0.061809
 0.815000 0.003477 -0.036053
 0.817500 0.003414 -0.014826
 0.820000 0.003396 -0.000812
 0.822500 0.003401 0.004187
 0.825000 0.003407 -0.000494
 0.827500 0.003391 -0.013624
 0.830000 0.003333 -0.032292
 0.832500 0.003226 -0.053061
 0.835000 0.003069 -0.071839
 0.837500 0.002870 -0.085737
 0.840000 0.002645 -0.092767
 0.842500 0.002411 -0.092976
 0.845000 0.002184 -0.087667
 0.847500 0.001975 -0.078867
 0.850000 0.001790 -0.068682
 0.852500 0.001631 -0.058896
 0.855000 0.001494 -0.050758
 0.857500 0.001375 -0.045027
 0.860000 0.001266 -0.041809
 0.862500 0.001163 -0.040508
 0.865000 0.001062 -0.040149
 0.867500 0.000962 -0.039537
 0.870000 0.000865 -0.037622
 0.872500 0.000775 -0.034012
 0.875000 0.000695 -0.028751
 0.877500 0.000631 -0.022867
 0.880000 0.000581 -0.017289
 0.882500 0.000543 -0.013221
 0.885000 0.000513 -0.011132
 0.887500 0.000485 -0.010973
 0.890000 0.000457 -0.011829
 0.892500 0.000426 -0.012814
 0.895000 0.000393 -0.012957
 0.897500 0.000362 -0.011810
 0.900000 0.000335 -0.009620
 0.902500 0.000314 -0.006945
 0.905000 0.000299 -0.004785
 0.907500 0.000289 -0.003704
 0.910000 0.000279 -0.003957
 0.912500 0.000268 -0.005488
 0.915000 0.000251 -0.007769
 0.917500 0.000229 -0.010204
 0.920000 0.000201 -0.012154
 0.922500 0.000169 -0.013192
 0.925000 0.000136 -0.013116
 0.927500 0.000104 -0.012106
 0.930000 0.000076 -0.010330
 0.932500 0.000052 -0.008258
 0.935000 0.000034 -0.006158
 0.937500 0.000021 -0.004292
 0.940000 0.000012 -0.002799
 0.942500 0.000007 -0.001710
 0.945000 0.000004 -0.000959
 0.947500 0.000002 -0.000517
 0.950000 0.000001 -0.000261
 0.952500 0.000000 -0.000111
 0.955000 0.000000 -0.000050
 0.957500 0.000000 0.000000
 0.960000 0.000000 0.000000
 0.962500 0.000000 0.000000
 0.965000 0.000000 0.000000
 0.967500 0.000000 0.000000
 0.970000 0.000000 0.000000
 0.972500 0.000000 0.000000
 0.975000 0.000000 0.000000
 0.977500 0.000000 0.000000
 0.980000 0.000000 0.000000
 0.982500 0.000000 0.000000
 0.985000 0.000000 0.000000
 0.987500 0.000000 0.000000
 0.990000 0.000000 0.000000
 0.992500 0.000000 0.000000
 0.995000 0.000000 0.000000
 0.997500 0.000000 0.000000
 1.000000 0.000000 0.000000
 1.002500 0.000000 0.000000
 1.005000 0.000000 0.000000
 1.007500 0.000000 0.000000
 1.010000 0.000000 0.000000
 1.012500 0.000000 0.000000
 1.015000 0.000000 0.000000
 1.017500 0.000000 0.000000
 1.020000 0.000000 0.000000
 1.022500 0.000000 0.000000
 1.025000 0.000000 0.000000
 1.027500 0.000000 0.000000
 1.030000 0.000000 0.000000
 1.032500 0.000000 0.000000
 1.035000 0.000000 0.000000
 1.037500 0.000000 0.000000
 1.040000 0.000000 0.000000
 1.042500 0.000000 0.000000
 1.045000 0.000000 0.000000
 1.047500 0.000000 0.000000
 1.050000 0.000000 0.000000
 1.052500 0.000000 0.000000
 1.055000 0.000000 0.000000
 1.057500 0.000000 0.000000
 1.060000 0.000000 0.000000
 1.062500 0.000000 0.000000
 1.065000 0.000000 0.000000
 1.067500 0.000000 0.000000
 1.070000 0.000000 0.000000
 1.072500 0.000000 0.000000
 1.075000 0.000000 0.000000
 1.077500 0.000000 0.000000
 1.080000 0.000000 0.000000
 1.082500 0.000000 0.000000
 1.085000 0.000000 0.000000
 1.087500 0.000000 0.000000
 1.090000 0.000000 0.000000
 1.092500 0.000000 0.000000
 1.095000 0.000000 0.000000
 1.097500 0.000000 0.000000
 1.100000 0.000000 0.000000
 1.102500 0.000000 0.000000
 1.105000 0.000000 0.000000
 1.107500 0.000000 0.000000
 1.110000 0.000000 0.000000
 1.112500 0.000000 0.000000
 1.115000 0.000000 0.000000
 1.117500 0.000000 0.000000
 1.120000 0.000000 0.000000
 1.122500 0.000000 0.000000
 1.125000 0.000000 0.000000
 1.127500 0.000000 0.000000
 1.130000 0.000000 0.000000
 1.132500 0.000000 0.000000
 1.135000 0.000000 0.000000
 1.137500 0.000000 0.000000
 1.140000 0.000000 0.000000
 1.142500 0.000000 0.000000
 1.145000 0.000000 0.000000
 1.147500 0.000000 0.000000
 1.150000 0.000000 0.000000
 1.152500 0.000000 0.000000
 1.155000 0.000000 0.000000
 1.157500 0.000000 0.000000
 1.160000 0.000000 0.000000
 1.162500 0.000000 0.000000
 1.165000 0.000000 0.000000
 1.167500 0.000000 0.000000
 1.170000 0.000000 0.000000
 1.172500 0.000000 0.000000
 1.175000 0.000000 0.000000
 1.177500 0.000000 0.000000
 1.180000 0.000000 0.000000
 1.182500 0.000000 0.000000
 1.185000 0.000000 0.000000
 1.187500 0.000000 0.000000
 1.190000 0.000000 0.000000
 1.192500 0.000000 0.000000
 1.195000 0.000000 0.000000
 1.197500 0.000000 0.000000
 1.200000 0.000000 0.000000
 1.202500 0.000000 0.000000
 1.205000 0.000000 0.000000
 1.207500 0.000000 0.000000
 1.210000 0.000000 0.000000
 1.212500 0.000000 0.000000
 1.215000 0.000000 0.000000
 1.217500 0.000000 0.000000
 1.220000 0.000000 0.000000
 1.222500 0.000000 0.000000
 1.225000 0.000000 0.000000
 1.227500 0.000000 0.000000
 1.230000 0.000000 0.000000
 1.232500 0.000000 0.000000
 1.235000 0.000000 0.000000
 1.237500 0.000000 0.000000
 1.240000 0.000000 0.000000
 1.242500 0.000000 0.000000
 1.245000 0.000000 0.000000
 1.247500 0.000000 0.000000
 1.250000 0.000000 0.000000
 1.252500 0.000000 0.000000
 1.255000 0.000000 0.000000
 1.257500 0.000000 0.000000
 1.260000 0.000000 0.000000
 1.262500 0.000000 0.000000
 1.265000 0.000000 0.000000
 1.267500 0.000000 0.000000
 1.270000 0.000000 0.000000
 1.272500 0.000000 0.000000
 1.275000 0.000000 0.000000
 1.277500 0.000000 0.000000
 1.280000 0.000000 0.000000
 1.282500 0.000000 0.000000
 1.285000 0.000000 0.000000
 1.287500 0.000000 0.000000
 1.290000 0.000000 0.000000
 1.292500 0.000000 0.000000
 1.295000 0.000000 0.000000
 1.297500 0.000000 0.000000
 1.300000 0.000000 0.000000
 1.302500 0.000000 0.000000
 1.305000 0.000000 0.000000
 1.307500 0.000000 0.000000
 1.310000 0.000000 0.000000
 1.312500 0.000000 0.000000
 1.315000 0.000000 0.000000
 1.317500 0.000000 0.000000
 1.320000 0.000000 0.000000
 1.322500 0.000000 0.000000
 1.325000 0.000000 0.000000
 1.327500 0.000000 0.000000
 1.330000 0.000000 0.000000
 1.332500 0.000000 0.000000
 1.335000 0.000000 0.000000
 1.337500 0.000000 0.000000
 1.340000 0.000000 0.000000
 1.342500 0.000000 0.000000
 1.345000 0.000000 0.000000
 1.347500 0.000000 0.000000
 1.350000 0.000000 0.000000
 1.352500 0.000000 0.000000
 1.355000 0.000000 0.000000
 1.357500 0.000000 0.000000
 1.360000 0.000000 0.000000
 1.362500 0.000000 0.000000
 1.365000 0.000000 0.000000
 1.367500 0.000000 0.000000
 1.370000 0.000000 0.000000
 1.372500 0.000000 0.000000
 1.375000 0.000000 0.000000
 1.377500 0.000000 0.000000
 1.380000 0.000000 0.000000
 1.382500 0.000000 0.000000
 1.385000 0.000000 0.000000
 1.387500 0.000000 0.000000
 1.390000 0.000000 0.000000
 1.392500 0.000000 0.000000
 1.395000 0.000000 0.000000
 1.397500 0.000000 0.000000
 1.400000 0.000000 0.000000
 1.402500 0.000000 0.000000
 1.405000 0.000000 0.000000
 1.407500 0.000000 0.000000
 1.410000 0.000000 0.000000
 1.412500 0.000000 0.000000
 1.415000 0.000000 0.000000
 1.417500 0.000000 0.000000
 1.420000 0.000000 0.000000
 1.422500 0.000000 0.000000
 1.425000 0.000000 0.000000
 1.427500 0.000000 0.000000
 1.430000 0.000000 0.000000
 1.432500 0.000000 0.000000
 1.435000 0.000000 0.000000
 1.437500 0.000000 0.000000
 1.440000 0.000000 0.000000
 1.442500 0.000000 0.000000
 1.445000 0.000000 0.000000
 1.447500 0.000000 0.000000
 1.450000 0.000000 0.000000
 1.452500 0.000000 0.000000
 1.455000 0.000000 0.000000
 1.457500 0.000000 0.000000
 1.460000 0.000000 0.000000
 1.462500 0.000000 0.000000
 1.465000 0.000000 0.000000
 1.467500 0.000000 0.000000
 1.470000 0.000000 0.000000
 1.472500 0.000000 0.000000
 1.475000 0.000000 0.000000
 1.477500 0.000000 0.000000
 1.480000 0.000000 0.000000
 1.482500 0.000000 0.000000
 1.485000 0.000000 0.000000
 1.487500 0.000000 0.000000
 1.490000 0.000000 0.000000
 1.492500 0.000000 0.000000
 1.495000 0.000000 0.000000
 1.497500 0.000000 0.000000
 1.500000 0.000000 0.000000
 1.502500 0.000000 0.000000
 1.505000 0.000000 0.000000
 1.507500 0.000000 0.000000
 1.510000 0.000000 0.000000
 1.512500 0.000000 0.000000
 1.515000 0.000000 0.000000
 1.517500 0.000000 0.000000
 1.520000 0.000000 0.000000
 1.522500 0.000000 0.000000
 1.525000 0.000000 0.000000
 1.527500 0.000000 0.000000
 1.530000 0.000000 0.000000
 1.532500 0.000000 0.000000
 1.535000 0.000000 0.000000
 1.537500 0.000000 0.000000
 1.540000 0.000000 0.000000
 1.542500 0.000000 0.000000
 1.545000 0.000000 0.000000
 1.547500 0.000000 0.000000
 1.550000 0.000000 0.000000
 1.552500 0.000000 0.000000
 1.555000 0.000000 0.000000
 1.557500 0.000000 0.000000
 1.560000 0.000000 0.000000
 1.562500 0.000000 0.000000
 1.565000 0.000000 0.000000
 1.567500 0.000000 0.000000
 1.570000 0.000000 0.000000
 1.572500 0.000000 0.000000
 1.575000 0.000000 0.000000
 1.577500 0.000000 0.000000
 1.580000 0.000000 0.000000
 1.582500 0.000000 0.000000
 1.585000 0.000000 0.000000
 1.587500 0.000000 0.000000
 1.590000 0.000000 0.000000
 1.592500 0.000000 0.000000
 1.595000 0.000000 0.000000
 1.597500 0.000000 0.000000
 1.600000 0.000000 0.000000
 1.602500 0.000000 0.000000
 1.605000 0.000000 0.000000
 1.607500 0.000000 0.000000
 1.610000 0.000000 0.000000
 1.612500 0.000000 0.000000
 1.615000 0.000000 0.000000
 1.617500 0.000000 0.000000
 1.620000 0.000000 0.000000
 1.622500 0.000000 0.000000
 1.625000 0.000000 0.000000
 1.627500 0.000000 0.000000
 1.630000 0.000000 0.000000
 1.632500 0.000000 0.000000
 1.635000 0.000000 0.000000
 1.637500 0.000000 0.000000
 1.640000 0.000000 0.000000
 1.642500 0.000000 0.000000
 1.645000 0.000000 0.000000
 1.647500 0.000000 0.000000
 1.650000 0.000000 0.000000
 1.652500 0.000000 0.000000
 1.655000 0.000000 0.000000
 1.657500 0.000000 0.000000
 1.660000 0.000000 0.000000
 1.662500 0.000000 0.000000
 1.665000 0.000000 0.000000
 1.667500 0.000000 0.000000
 1.670000 0.000000 0.000000
 1.672500 0.000000 0.000000
 1.675000 0.000000 0.000000
 1.677500 0.000000 0.000000
 1.680000 0.000000 0.000000
 1.682500 0.000000 0.000000
 1.685000 0.000000 0.000000
 1.687500 0.000000 0.000000
 1.690000 0.000000 0.000000
 1.692500 0.000000 0.000000
 1.695000 0.000000 0.000000
 1.697500 0.000000 0.000000
 1.700000 0.000000 0.000000
 1.702500 0.000000 0.000000
 1.705000 0.000000 0.000000
 1.707500 0.000000 0.000000
 1.710000 0.000000 0.000000
 1.712500 0.000000 0.000000
 1.715000 0.000000 0.000000
 1.717500 0.000000 0.000000
 1.720000 0.000000 0.000000
 1.722500 0.000000 0.000000
 1.725000 0.000000 0.000000
 1.727500 0.000000 0.000000
 1.730000 0.000000 0.000000
 1.732500 0.000000 0.000000
 1.735000 0.000000 0.000000
 1.737500 0.000000 0.000000
 1.740000 0.000000 0.000000
 1.742500 0.000000 0.000000
 1.745000 0.000000 0.000000
 1.747500 0.000000 0.000000
 1.750000 0.000000 0.000000
 1.752500 0.000000 0.000000
 1.755000 0.000000 0.000000
 1.757500 0.000000 0.000000
 1.760000 0.000000 0.000000
 1.762500 0.000000 0.000000
 1.765000 0.000000 0.000000
 1.767500 0.000000 0.000000
 1.770000 0.000000 0.000000
 1.772500 0.000000 0.000000
 1.775000 0.000000 0.000000
 1.777500 0.000000 0.000000
 1.780000 0.000000 0.000000
 1.782500 0.000000 0.000000
 1.785000 0.000000 0.000000
 1.787500 0.000000 0.000000
 1.790000 0.000000 0.000000
 1.792500 0.000000 0.000000
 1.795000 0.000000 0.000000
 1.797500 0.000000 0.000000
 1.800000 0.000000 0.000000
 1.802500 0.000000 0.000000
 1.805000 0.000000 0.000000
 1.807500 0.000000 0.000000
 1.810000 0.000000 0.000000
 1.812500 0.000000 0.000000
 1.815000 0.000000 0.000000
 1.817500 0.000000 0.000000
 1.820000 0.000000 0.000000
 1.822500 0.000000 0.000000
 1.825000 0.000000 0.000000
 1.827500 0.000000 0.000000
 1.830000 0.000000 0.000000
 1.832500 0.000000 0.000000
 1.835000 0.000000 0.000000
 1.837500 0.000000 0.000000
 1.840000 0.000000 0.000000
 1.842500 0.000000 0.000000
 1.845000 0.000000 0.000000
 1.847500 0.000000 0.000000
 1.850000 0.000000 0.000000
 1.852500 0.000000 0.000000
 1.855000 0.000000 0.000000
 1.857500 0.000000 0.000000
 1.860000 0.000000 0.000000
 1.862500 0.000000 0.000000
 1.865000 0.000000 0.000000
 1.867500 0.000000 0.000000
 1.870000 0.000000 0.000000
 1.872500 0.000000 0.000000
 1.875000 0.000000 0.000000
 1.877500 0.000000 0.000000
 1.880000 0.000000 0.000000
 1.882500 0.000000 0.000000
 1.885000 0.000000 0.000000
 1.887500 0.000000 0.000000
 1.890000 0.000000 0.000000
 1.892500 0.000000 0.000000
 1.895000 0.000000 0.000000
 1.897500 0.000000 0.000000
 1.900000 0.000000 0.000000
 1.902500 0.000000 0.000000
 1.905000 0.000000 0.000000
 1.907500 0.000000 0.000000
 1.910000 0.000000 0.000000
 1.912500 0.000000 0.000000
 1.915000 0.000000 0.000000
 1.917500 0.000000 0.000000
 1.920000 0.000000 0.000000
 1.922500 0.000000 0.000000
 1.925000 0.000000 0.000000
 1.927500 0.000000 0.000000
 1.930000 0.000000 0.000000
 1.932500 0.000000 0.000000
 1.935000 0.000000 0.000000
 1.937500 0.000000 0.000000
 1.940000 0.000000 0.000000
 1.942500 0.000000 0.000000
 1.945000 0.000000 0.000000
 1.947500 0.000000 0.000000
 1.950000 0.000000 0.000000
 1.952500 0.000000 0.000000
 1.955000 0.000000 0.000000
 1.957500 0.000000 0.000000
 1.960000 0.000000 0.000000
 1.962500 0.000000 0.000000
 1.965000 0.000000 0.000000
 1.967500 0.000000 0.000000
 1.970000 0.000000 0.000000
 1.972500 0.000000 0.000000
 1.975000 0.000000 0.000000
 1.977500 0.000000 0.000000
 1.980000 0.000000 0.000000
 1.982500 0.000000 0.000000
 1.985000 0.000000 0.000000
 1.987500 0.000000 0.000000
 1.990000 0.000000 0.000000
 1.992500 0.000000 0.000000
 1.995000 0.000000 0.000000
 1.997500 0.000000 0.000000
 2.000000 0.000000 0.000000
