#! FIELDS es hh dhh_es
#! SET normalisation  2000.000000
#! SET min_es -0.5
#! SET max_es 2
#! SET nbins_es  1000
#! SET periodic_es false
 -0.500000 0.000000 0.000000
 -0.497500 0.000000 0.000000
 -0.495000 0.000000 0.000000
 -0.492500 0.000000 0.000000
 -0.490000 0.000000 0.000000
 -0.487500 0.000000 0.000000
 -0.485000 0.000000 0.000000
 -0.482500 0.000000 0.000000
 -0.480000 0.000000 0.000000
 -0.477500 0.000000 0.000000
 -0.475000 0.000000 0.000000
 -0.472500 0.000000 0.000000
 -0.470000 0.000000 0.000000
 -0.467500 0.000000 0.000000
 -0.465000 0.000000 0.000000
 -0.462500 0.000000 0.000000
 -0.460000 0.000000 0.000000
 -0.457500 0.000000 0.000000
 -0.455000 0.000000 0.000000
 -0.452500 0.000000 0.000000
 -0.450000 0.000000 0.000000
 -0.447500 0.000000 0.000000
 -0.445000 0.000000 0.000000
 -0.442500 0.000000 0.000000
 -0.440000 0.000000 0.000000
 -0.437500 0.000000 0.000000
 -0.435000 0.000000 0.000000
 -0.432500 0.000000 0.000000
 -0.430000 0.000000 0.000000
 -0.427500 0.000000 0.000000
 -0.425000 0.000000 0.000000
 -0.422500 0.000000 0.000000
 -0.420000 0.000000 0.000000
 -0.417500 0.000000 0.000000
 -0.415000 0.000000 0.000000
 -0.412500 0.000000 0.000000
 -0.410000 0.000000 0.000000
 -0.407500 0.000000 0.000000
 -0.405000 0.000000 0.000000
 -0.402500 0.000000 0.000000
 -0.400000 0.000000 0.000000
 -0.397500 0.000000 0.000000
 -0.395000 0.000000 0.000000
 -0.392500 0.000000 0.000000
 -0.390000 0.000000 0.000000
 -0.387500 0.000000 0.000000
 -0.385000 0.000000 0.000000
 -0.382500 0.000000 0.000000
 -0.380000 0.000000 0.000000
 -0.377500 0.000000 0.000000
 -0.375000 0.000000 0.000000
 -0.372500 0.000000 0.000000
 -0.370000 0.000000 0.000000
 -0.367500 0.000000 0.000000
 -0.365000 0.000000 0.000000
 -0.362500 0.000000 0.000000
 -0.360000 0.000000 0.000000
 -0.357500 0.000000 0.000000
 -0.355000 0.000000 0.000000
 -0.352500 0.000000 0.000000
 -0.350000 0.000000 0.000000
 -0.347500 0.000000 0.000000
 -0.345000 0.000000 0.000000
 -0.342500 0.000000 0.000000
 -0.340000 0.000000 0.000000
 -0.337500 0.000000 0.000000
 -0.335000 0.000000 0.000000
 -0.332500 0.000000 0.000000
 -0.330000 0.000000 0.000000
 -0.327500 0.000000 0.000000
 -0.325000 0.000000 0.000000
 -0.322500 0.000000 0.000000
 -0.320000 0.000000 0.000000
 -0.317500 0.000000 0.000000
 -0.315000 0.000000 0.000000
 -0.312500 0.000000 0.000000
 -0.310000 0.000000 0.000000
 -0.307500 0.000000 0.000000
 -0.305000 0.000000 0.000000
 -0.302500 0.000000 0.000000
 -0.300000 0.000000 0.000000
 -0.297500 0.000000 0.000000
 -0.295000 0.000000 0.000000
 -0.292500 0.000000 0.000000
 -0.290000 0.000000 0.000000
 -0.287500 0.000000 0.000000
 -0.285000 0.000000 0.000000
 -0.282500 0.000000 0.000000
 -0.280000 0.000000 0.000000
 -0.277500 0.000000 0.000000
 -0.275000 0.000000 0.000000
 -0.272500 0.000000 0.000000
 -0.270000 0.000000 0.000000
 -0.267500 0.000000 0.000000
 -0.265000 0.000000 0.000000
 -0.262500 0.000000 0.000000
 -0.260000 0.000000 0.000000
 -0.257500 0.000000 0.000000
 -0.255000 0.000000 0.000000
 -0.252500 0.000000 0.000000
 -0.250000 0.000000 0.000000
 -0.247500 0.000000 0.000000
 -0.245000 0.000000 0.000000
 -0.242500 0.000000 0.000000
 -0.240000 0.000000 0.000000
 -0.237500 0.000000 0.000000
 -0.235000 0.000000 0.000000
 -0.232500 0.000000 0.000000
 -0.230000 0.000000 0.000000
 -0.227500 0.000000 0.000000
 -0.225000 0.000000 0.000000
 -0.222500 0.000000 0.000000
 -0.220000 0.000000 0.000000
 -0.217500 0.000000 0.000000
 -0.215000 0.000000 0.000000
 -0.212500 0.000000 0.000000
 -0.210000 0.000000 0.000000
 -0.207500 0.000000 0.000000
 -0.205000 0.000000 0.000000
 -0.202500 0.000000 0.000000
 -0.200000 0.000000 0.000000
 -0.197500 0.000000 0.000000
 -0.195000 0.000000 0.000000
 -0.192500 0.000000 0.000000
 -0.190000 0.000000 0.000000
 -0.187500 0.000000 0.000000
 -0.185000 0.000000 0.000000
 -0.182500 0.000000 0.000000
 -0.180000 0.000000 0.000000
 -0.177500 0.000000 0.000000
 -0.175000 0.000000 0.000000
 -0.172500 0.000000 0.000000
 -0.170000 0.000000 0.000000
 -0.167500 0.000000 0.000000
 -0.165000 0.000000 0.000000
 -0.162500 0.000000 0.000000
 -0.160000 0.000000 0.000000
 -0.157500 0.000000 0.000000
 -0.155000 0.000000 0.000000
 -0.152500 0.000000 0.000000
 -0.150000 0.000000 0.000000
 -0.147500 0.000000 0.000000
 -0.145000 0.000000 0.000000
 -0.142500 0.000000 0.000000
 -0.140000 0.000000 0.000000
 -0.137500 0.000000 0.000000
 -0.135000 0.000000 0.000000
 -0.132500 0.000000 0.000000
 -0.130000 0.000000 0.000000
 -0.127500 0.000000 0.000000
 -0.125000 0.000000 0.000000
 -0.122500 0.000000 0.000000
 -0.120000 0.000000 0.000000
 -0.117500 0.000000 0.000000
 -0.115000 0.000000 0.000000
 -0.112500 0.000000 0.000000
 -0.110000 0.000000 0.000000
 -0.107500 0.000000 0.000000
 -0.105000 0.000000 0.000000
 -0.102500 0.000000 0.000000
 -0.100000 0.000000 0.000000
 -0.097500 0.000000 0.000000
 -0.095000 0.000000 0.000000
 -0.092500 0.000000 0.000000
 -0.090000 0.000000 0.000000
 -0.087500 0.000000 0.000000
 -0.085000 0.000000 0.000000
 -0.082500 0.000000 0.000000
 -0.080000 0.000000 0.000000
 -0.077500 0.000000 0.000000
 -0.075000 0.000000 0.000000
 -0.072500 0.000000 0.000000
 -0.070000 0.000000 0.000000
 -0.067500 0.000000 0.000000
 -0.065000 0.000000 0.000000
 -0.062500 0.000000 0.000000
 -0.060000 0.000000 0.000000
 -0.057500 0.000000 0.000000
 -0.055000 0.000000 0.000000
 -0.052500 0.000000 0.000000
 -0.050000 0.000000 0.000000
 -0.047500 0.000000 0.000000
 -0.045000 0.000000 0.000000
 -0.042500 0.000000 0.000000
 -0.040000 0.000000 0.000000
 -0.037500 0.000000 0.000000
 -0.035000 0.000000 0.000000
 -0.032500 0.000000 0.000013
 -0.030000 0.000007 0.002737
 -0.027500 0.000053 0.020058
 -0.025000 0.000204 0.074918
 -0.022500 0.000604 0.211485
 -0.020000 0.001548 0.513831
 -0.017500 0.003611 1.128723
 -0.015000 0.007854 2.296672
 -0.012500 0.016078 4.374909
 -0.010000 0.031128 7.839516
 -0.007500 0.057165 13.253872
 -0.005000 0.099765 21.172827
 -0.002500 0.165751 32.004111
 0.000000 0.262589 45.828914
 0.002500 0.397368 62.243179
 0.005000 0.575489 80.291284
 0.007500 0.799296 98.518038
 0.010000 1.067090 115.184359
 0.012500 1.372800 128.586463
 0.015000 1.706481 137.384847
 0.017500 2.055579 140.859775
 0.020000 2.406636 139.008043
 0.022500 2.747008 132.464079
 0.025000 3.066242 122.299099
 0.027500 3.356835 109.760217
 0.030000 3.614371 96.036907
 0.032500 3.837162 82.104294
 0.035000 4.025622 68.663601
 0.037500 4.181571 56.151668
 0.040000 4.307656 44.804929
 0.042500 4.406970 34.743389
 0.045000 4.482787 26.015264
 0.047500 4.538473 18.647502
 0.050000 4.577386 12.634108
 0.052500 4.602843 7.919164
 0.055000 4.617962 4.380126
 0.057500 4.625468 1.831738
 0.060000 4.627553 0.028635
 0.062500 4.625753 -1.295607
 0.065000 4.620957 -2.387709
 0.067500 4.613487 -3.435265
 0.070000 4.603306 -4.549928
 0.072500 4.590208 -5.758660
 0.075000 4.573997 -7.017449
 0.077500 4.554634 -8.252742
 0.080000 4.532306 -9.378104
 0.082500 4.507370 -10.306136
 0.085000 4.480402 -10.996808
 0.087500 4.452042 -11.426381
 0.090000 4.422906 -11.624574
 0.092500 4.393492 -11.664929
 0.095000 4.364060 -11.663378
 0.097500 4.334551 -11.738470
 0.100000 4.304645 -11.990196
 0.102500 4.273849 -12.455847
 0.105000 4.241650 -13.099260
 0.107500 4.207715 -13.822054
 0.110000 4.172017 -14.484049
 0.112500 4.134864 -14.966873
 0.115000 4.096817 -15.195097
 0.117500 4.058547 -15.160522
 0.120000 4.020645 -14.906232
 0.122500 3.983557 -14.527350
 0.125000 3.947471 -14.107670
 0.127500 3.912423 -13.713601
 0.130000 3.878314 -13.361256
 0.132500 3.845050 -13.035861
 0.135000 3.812577 -12.722385
 0.137500 3.780878 -12.421278
 0.140000 3.749879 -12.169793
 0.142500 3.719386 -12.025503
 0.145000 3.689055 -12.055466
 0.147500 3.658387 -12.304142
 0.150000 3.626815 -12.774473
 0.152500 3.593820 -13.436889
 0.155000 3.559003 -14.225467
 0.157500 3.522149 -15.049624
 0.160000 3.483292 -15.820337
 0.162500 3.442670 -16.451970
 0.165000 3.400719 -16.860487
 0.167500 3.358078 -17.003756
 0.170000 3.315446 -16.848417
 0.172500 3.273568 -16.410004
 0.175000 3.233098 -15.742747
 0.177500 3.194489 -14.940194
 0.180000 3.157927 -14.121660
 0.182500 3.123302 -13.410775
 0.185000 3.090223 -12.904573
 0.187500 3.058089 -12.649295
 0.190000 3.026266 -12.655279
 0.192500 2.994139 -12.888788
 0.195000 2.961213 -13.287881
 0.197500 2.927152 -13.784474
 0.200000 2.891788 -14.323357
 0.202500 2.855074 -14.860715
 0.205000 2.817043 -15.372183
 0.207500 2.777786 -15.847523
 0.210000 2.737392 -16.282892
 0.212500 2.695957 -16.684711
 0.215000 2.653549 -17.062049
 0.217500 2.610209 -17.437890
 0.220000 2.565906 -17.837487
 0.222500 2.520552 -18.285868
 0.225000 2.473982 -18.807698
 0.227500 2.426003 -19.414113
 0.230000 2.376402 -20.102828
 0.232500 2.325010 -20.844794
 0.235000 2.271740 -21.601352
 0.237500 2.216607 -22.321359
 0.240000 2.159769 -22.965346
 0.242500 2.101459 -23.493291
 0.245000 2.042002 -23.886657
 0.247500 1.981746 -24.130034
 0.250000 1.921068 -24.228101
 0.252500 1.860327 -24.179344
 0.255000 1.799892 -23.983825
 0.257500 1.740148 -23.630726
 0.260000 1.681501 -23.104918
 0.262500 1.624397 -22.397890
 0.265000 1.569281 -21.520820
 0.267500 1.516535 -20.513731
 0.270000 1.466397 -19.452192
 0.272500 1.418890 -18.425047
 0.275000 1.373825 -17.516778
 0.277500 1.330827 -16.780038
 0.280000 1.289444 -16.218863
 0.282500 1.249289 -15.799203
 0.285000 1.210081 -15.448666
 0.287500 1.171750 -15.096212
 0.290000 1.134368 -14.685998
 0.292500 1.098109 -14.198113
 0.295000 1.063158 -13.648273
 0.297500 1.029630 -13.072836
 0.300000 0.997530 -12.509638
 0.302500 0.966796 -11.993651
 0.305000 0.937286 -11.528222
 0.307500 0.908896 -11.107894
 0.310000 0.881531 -10.699407
 0.312500 0.855192 -10.284114
 0.315000 0.829924 -9.847800
 0.317500 0.805775 -9.391903
 0.320000 0.782766 -8.940170
 0.322500 0.760851 -8.526051
 0.325000 0.739893 -8.179095
 0.327500 0.719703 -7.922214
 0.330000 0.700043 -7.753921
 0.332500 0.680717 -7.655310
 0.335000 0.661581 -7.592504
 0.337500 0.642598 -7.532816
 0.340000 0.623796 -7.443577
 0.342500 0.605276 -7.309444
 0.345000 0.587146 -7.131613
 0.347500 0.569503 -6.924690
 0.350000 0.552402 -6.704194
 0.352500 0.535855 -6.485254
 0.355000 0.519846 -6.276392
 0.357500 0.504347 -6.077694
 0.360000 0.489334 -5.886747
 0.362500 0.474800 -5.697484
 0.365000 0.460745 -5.502767
 0.367500 0.447185 -5.300233
 0.370000 0.434145 -5.088543
 0.372500 0.421645 -4.870141
 0.375000 0.409692 -4.653641
 0.377500 0.398266 -4.453665
 0.380000 0.387307 -4.284780
 0.382500 0.376719 -4.158394
 0.385000 0.366387 -4.080674
 0.387500 0.356194 -4.045340
 0.390000 0.346054 -4.040009
 0.392500 0.335909 -4.045273
 0.395000 0.325754 -4.042154
 0.397500 0.315635 -4.019994
 0.400000 0.305608 -3.968721
 0.402500 0.295750 -3.884476
 0.405000 0.286140 -3.769821
 0.407500 0.276855 -3.628573
 0.410000 0.267949 -3.465698
 0.412500 0.259471 -3.291349
 0.415000 0.251434 -3.116644
 0.417500 0.243822 -2.955260
 0.420000 0.236578 -2.818951
 0.422500 0.229635 -2.717343
 0.425000 0.222903 -2.653449
 0.427500 0.216289 -2.620341
 0.430000 0.209727 -2.609345
 0.432500 0.203181 -2.609931
 0.435000 0.196628 -2.611601
 0.437500 0.190079 -2.609379
 0.440000 0.183545 -2.597419
 0.442500 0.177055 -2.574375
 0.445000 0.170639 -2.539399
 0.447500 0.164329 -2.488899
 0.450000 0.158169 -2.419989
 0.452500 0.152206 -2.332118
 0.455000 0.146487 -2.226387
 0.457500 0.141049 -2.107901
 0.460000 0.135914 -1.986403
 0.462500 0.131076 -1.872028
 0.465000 0.126505 -1.774162
 0.467500 0.122150 -1.698901
 0.470000 0.117958 -1.646301
 0.472500 0.113877 -1.609723
 0.475000 0.109876 -1.577269
 0.477500 0.105963 -1.540576
 0.480000 0.102157 -1.489209
 0.482500 0.098502 -1.422961
 0.485000 0.095029 -1.342681
 0.487500 0.091767 -1.258671
 0.490000 0.088709 -1.178461
 0.492500 0.085840 -1.109875
 0.495000 0.083126 -1.054393
 0.497500 0.080541 -1.008735
 0.500000 0.078063 -0.965446
 0.502500 0.075695 -0.919761
 0.505000 0.073446 -0.871792
 0.507500 0.071317 -0.824677
 0.510000 0.069295 -0.786351
 0.512500 0.067354 -0.763954
 0.515000 0.065446 -0.758858
 0.517500 0.063531 -0.767816
 0.520000 0.061583 -0.783862
 0.522500 0.059597 -0.799502
 0.525000 0.057580 -0.808546
 0.527500 0.055549 -0.808968
 0.530000 0.053525 -0.803967
 0.532500 0.051517 -0.796223
 0.535000 0.049532 -0.786495
 0.537500 0.047575 -0.773285
 0.540000 0.045658 -0.754009
 0.542500 0.043800 -0.726293
 0.545000 0.042024 -0.688874
 0.547500 0.040352 -0.643588
 0.550000 0.038800 -0.594147
 0.552500 0.037372 -0.544897
 0.555000 0.036060 -0.500764
 0.557500 0.034848 -0.465873
 0.560000 0.033711 -0.441383
 0.562500 0.032624 -0.426055
 0.565000 0.031568 -0.415855
 0.567500 0.030535 -0.407463
 0.570000 0.029524 -0.397190
 0.572500 0.028541 -0.386045
 0.575000 0.027584 -0.375701
 0.577500 0.026649 -0.371563
 0.580000 0.025712 -0.376734
 0.582500 0.024750 -0.392445
 0.585000 0.023737 -0.416374
 0.587500 0.022660 -0.443124
 0.590000 0.021519 -0.465580
 0.592500 0.020334 -0.478309
 0.595000 0.019135 -0.476081
 0.597500 0.017963 -0.457213
 0.600000 0.016858 -0.421976
 0.602500 0.015859 -0.372800
 0.605000 0.014997 -0.313938
 0.607500 0.014288 -0.250227
 0.610000 0.013741 -0.186892
 0.612500 0.013346 -0.128962
 0.615000 0.013084 -0.081169
 0.617500 0.012924 -0.047663
 0.620000 0.012827 -0.030215
 0.622500 0.012753 -0.029998
 0.625000 0.012660 -0.045716
 0.627500 0.012511 -0.074097
 0.630000 0.012279 -0.110989
 0.632500 0.011949 -0.151676
 0.635000 0.011518 -0.190863
 0.637500 0.010997 -0.223870
 0.640000 0.010406 -0.245841
 0.642500 0.009777 -0.254228
 0.645000 0.009145 -0.247778
 0.647500 0.008547 -0.227980
 0.650000 0.008012 -0.198133
 0.652500 0.007558 -0.163742
 0.655000 0.007190 -0.130618
 0.657500 0.006897 -0.104245
 0.660000 0.006659 -0.087444
 0.662500 0.006450 -0.080607
 0.665000 0.006247 -0.081870
 0.667500 0.006034 -0.087809
 0.670000 0.005805 -0.095240
 0.672500 0.005557 -0.101439
 0.675000 0.005297 -0.105640
 0.677500 0.005029 -0.108285
 0.680000 0.004755 -0.109380
 0.682500 0.004480 -0.110146
 0.685000 0.004204 -0.109784
 0.687500 0.003932 -0.106931
 0.690000 0.003672 -0.100264
 0.692500 0.003434 -0.088885
 0.695000 0.003230 -0.073065
 0.697500 0.003070 -0.054382
 0.700000 0.002957 -0.035640
 0.702500 0.002889 -0.018761
 0.705000 0.002859 -0.005516
 0.707500 0.002857 0.003724
 0.710000 0.002873 0.009308
 0.712500 0.002900 0.012105
 0.715000 0.002931 0.012511
 0.717500 0.002960 0.010670
 0.720000 0.002982 0.006159
 0.722500 0.002988 -0.001182
 0.725000 0.002973 -0.011464
 0.727500 0.002928 -0.024228
 0.730000 0.002849 -0.038785
 0.732500 0.002733 -0.053568
 0.735000 0.002582 -0.066802
 0.737500 0.002402 -0.076741
 0.740000 0.002203 -0.081721
 0.742500 0.001998 -0.081086
 0.745000 0.001801 -0.075083
 0.747500 0.001625 -0.065050
 0.750000 0.001477 -0.053167
 0.752500 0.001358 -0.041595
 0.755000 0.001267 -0.031941
 0.757500 0.001196 -0.024950
 0.760000 0.001139 -0.020650
 0.762500 0.001091 -0.018152
 0.765000 0.001047 -0.016756
 0.767500 0.001006 -0.015978
 0.770000 0.000966 -0.015593
 0.772500 0.000926 -0.016080
 0.775000 0.000884 -0.017595
 0.777500 0.000837 -0.020068
 0.780000 0.000783 -0.023156
 0.782500 0.000721 -0.026036
 0.785000 0.000654 -0.028051
 0.787500 0.000582 -0.028684
 0.790000 0.000511 -0.027625
 0.792500 0.000446 -0.024625
 0.795000 0.000390 -0.019795
 0.797500 0.000348 -0.013449
 0.800000 0.000323 -0.006375
 0.802500 0.000315 0.000364
 0.805000 0.000323 0.005503
 0.807500 0.000340 0.007997
 0.810000 0.000360 0.007239
 0.812500 0.000374 0.003448
 0.815000 0.000375 -0.002487
 0.817500 0.000361 -0.008992
 0.820000 0.000331 -0.014517
 0.822500 0.000290 -0.017706
 0.825000 0.000245 -0.017916
 0.827500 0.000203 -0.015324
 0.830000 0.000170 -0.010696
 0.832500 0.000150 -0.005088
 0.835000 0.000144 0.000250
 0.837500 0.000150 0.004347
 0.840000 0.000164 0.006572
 0.842500 0.000181 0.006772
 0.845000 0.000197 0.005255
 0.847500 0.000207 0.002665
 0.850000 0.000210 -0.000239
 0.852500 0.000206 -0.002784
 0.855000 0.000196 -0.004680
 0.857500 0.000183 -0.005868
 0.860000 0.000167 -0.006568
 0.862500 0.000150 -0.007007
 0.865000 0.000132 -0.007353
 0.867500 0.000113 -0.007615
 0.870000 0.000094 -0.007680
 0.872500 0.000075 -0.007419
 0.875000 0.000058 -0.006772
 0.877500 0.000042 -0.005793
 0.880000 0.000029 -0.004624
 0.882500 0.000019 -0.003437
 0.885000 0.000011 -0.002362
 0.887500 0.000007 -0.001506
 0.890000 0.000004 -0.000910
 0.892500 0.000002 -0.000512
 0.895000 0.000001 -0.000268
 0.897500 0.000000 -0.000131
 0.900000 0.000000 -0.000060
 0.902500 0.000000 0.000000
 0.905000 0.000000 0.000000
 0.907500 0.000000 0.000000
 0.910000 0.000000 0.000000
 0.912500 0.000000 0.000000
 0.915000 0.000000 0.000000
 0.917500 0.000000 0.000000
 0.920000 0.000000 0.000000
 0.922500 0.000000 0.000000
 0.925000 0.000000 0.000000
 0.927500 0.000000 0.000000
 0.930000 0.000000 0.000000
 0.932500 0.000000 0.000000
 0.935000 0.000000 0.000000
 0.937500 0.000000 0.000000
 0.940000 0.000000 0.000000
 0.942500 0.000000 0.000000
 0.945000 0.000000 0.000000
 0.947500 0.000000 0.000000
 0.950000 0.000000 0.000000
 0.952500 0.000000 0.000000
 0.955000 0.000000 0.000000
 0.957500 0.000000 0.000000
 0.960000 0.000000 0.000000
 0.962500 0.000000 0.000000
 0.965000 0.000000 0.000000
 0.967500 0.000000 0.000000
 0.970000 0.000000 0.000000
 0.972500 0.000000 0.000000
 0.975000 0.000000 0.000000
 0.977500 0.000000 0.000000
 0.980000 0.000000 0.000000
 0.982500 0.000000 0.000000
 0.985000 0.000000 0.000000
 0.987500 0.000000 0.000000
 0.990000 0.000000 0.000000
 0.992500 0.000000 0.000000
 0.995000 0.000000 0.000000
 0.997500 0.000000 0.000000
 1.000000 0.000000 0.000000
 1.002500 0.000000 0.000000
 1.005000 0.000000 0.000000
 1.007500 0.000000 0.000000
 1.010000 0.000000 0.000000
 1.012500 0.000000 0.000000
 1.015000 0.000000 0.000000
 1.017500 0.000000 0.000000
 1.020000 0.000000 0.000000
 1.022500 0.000000 0.000000
 1.025000 0.000000 0.000000
 1.027500 0.000000 0.000000
 1.030000 0.000000 0.000000
 1.032500 0.000000 0.000000
 1.035000 0.000000 0.000000
 1.037500 0.000000 0.000000
 1.040000 0.000000 0.000000
 1.042500 0.000000 0.000000
 1.045000 0.000000 0.000000
 1.047500 0.000000 0.000000
 1.050000 0.000000 0.000000
 1.052500 0.000000 0.000000
 1.055000 0.000000 0.000000
 1.057500 0.000000 0.000000
 1.060000 0.000000 0.000000
 1.062500 0.000000 0.000000
 1.065000 0.000000 0.000000
 1.067500 0.000000 0.000000
 1.070000 0.000000 0.000000
 1.072500 0.000000 0.000000
 1.075000 0.000000 0.000000
 1.077500 0.000000 0.000000
 1.080000 0.000000 0.000000
 1.082500 0.000000 0.000000
 1.085000 0.000000 0.000000
 1.087500 0.000000 0.000000
 1.090000 0.000000 0.000000
 1.092500 0.000000 0.000000
 1.095000 0.000000 0.000000
 1.097500 0.000000 0.000000
 1.100000 0.000000 0.000000
 1.102500 0.000000 0.000000
 1.105000 0.000000 0.000000
 1.107500 0.000000 0.000000
 1.110000 0.000000 0.000000
 1.112500 0.000000 0.000000
 1.115000 0.000000 0.000000
 1.117500 0.000000 0.000000
 1.120000 0.000000 0.000000
 1.122500 0.000000 0.000000
 1.125000 0.000000 0.000000
 1.127500 0.000000 0.000000
 1.130000 0.000000 0.000000
 1.132500 0.000000 0.000000
 1.135000 0.000000 0.000000
 1.137500 0.000000 0.000000
 1.140000 0.000000 0.000000
 1.142500 0.000000 0.000000
 1.145000 0.000000 0.000000
 1.147500 0.000000 0.000000
 1.150000 0.000000 0.000000
 1.152500 0.000000 0.000000
 1.155000 0.000000 0.000000
 1.157500 0.000000 0.000000
 1.160000 0.000000 0.000000
 1.162500 0.000000 0.000000
 1.165000 0.000000 0.000000
 1.167500 0.000000 0.000000
 1.170000 0.000000 0.000000
 1.172500 0.000000 0.000000
 1.175000 0.000000 0.000000
 1.177500 0.000000 0.000000
 1.180000 0.000000 0.000000
 1.182500 0.000000 0.000000
 1.185000 0.000000 0.000000
 1.187500 0.000000 0.000000
 1.190000 0.000000 0.000000
 1.192500 0.000000 0.000000
 1.195000 0.000000 0.000000
 1.197500 0.000000 0.000000
 1.200000 0.000000 0.000000
 1.202500 0.000000 0.000000
 1.205000 0.000000 0.000000
 1.207500 0.000000 0.000000
 1.210000 0.000000 0.000000
 1.212500 0.000000 0.000000
 1.215000 0.000000 0.000000
 1.217500 0.000000 0.000000
 1.220000 0.000000 0.000000
 1.222500 0.000000 0.000000
 1.225000 0.000000 0.000000
 1.227500 0.000000 0.000000
 1.230000 0.000000 0.000000
 1.232500 0.000000 0.000000
 1.235000 0.000000 0.000000
 1.237500 0.000000 0.000000
 1.240000 0.000000 0.000000
 1.242500 0.000000 0.000000
 1.245000 0.000000 0.000000
 1.247500 0.000000 0.000000
 1.250000 0.000000 0.000000
 1.252500 0.000000 0.000000
 1.255000 0.000000 0.000000
 1.257500 0.000000 0.000000
 1.260000 0.000000 0.000000
 1.262500 0.000000 0.000000
 1.265000 0.000000 0.000000
 1.267500 0.000000 0.000000
 1.270000 0.000000 0.000000
 1.272500 0.000000 0.000000
 1.275000 0.000000 0.000000
 1.277500 0.000000 0.000000
 1.280000 0.000000 0.000000
 1.282500 0.000000 0.000000
 1.285000 0.000000 0.000000
 1.287500 0.000000 0.000000
 1.290000 0.000000 0.000000
 1.292500 0.000000 0.000000
 1.295000 0.000000 0.000000
 1.297500 0.000000 0.000000
 1.300000 0.000000 0.000000
 1.302500 0.000000 0.000000
 1.305000 0.000000 0.000000
 1.307500 0.000000 0.000000
 1.310000 0.000000 0.000000
 1.312500 0.000000 0.000000
 1.315000 0.000000 0.000000
 1.317500 0.000000 0.000000
 1.320000 0.000000 0.000000
 1.322500 0.000000 0.000000
 1.325000 0.000000 0.000000
 1.327500 0.000000 0.000000
 1.330000 0.000000 0.000000
 1.332500 0.000000 0.000000
 1.335000 0.000000 0.000000
 1.337500 0.000000 0.000000
 1.340000 0.000000 0.000000
 1.342500 0.000000 0.000000
 1.345000 0.000000 0.000000
 1.347500 0.000000 0.000000
 1.350000 0.000000 0.000000
 1.352500 0.000000 0.000000
 1.355000 0.000000 0.000000
 1.357500 0.000000 0.000000
 1.360000 0.000000 0.000000
 1.362500 0.000000 0.000000
 1.365000 0.000000 0.000000
 1.367500 0.000000 0.000000
 1.370000 0.000000 0.000000
 1.372500 0.000000 0.000000
 1.375000 0.000000 0.000000
 1.377500 0.000000 0.000000
 1.380000 0.000000 0.000000
 1.382500 0.000000 0.000000
 1.385000 0.000000 0.000000
 1.387500 0.000000 0.000000
 1.390000 0.000000 0.000000
 1.392500 0.000000 0.000000
 1.395000 0.000000 0.000000
 1.397500 0.000000 0.000000
 1.400000 0.000000 0.000000
 1.402500 0.000000 0.000000
 1.405000 0.000000 0.000000
 1.407500 0.000000 0.000000
 1.410000 0.000000 0.000000
 1.412500 0.000000 0.000000
 1.415000 0.000000 0.000000
 1.417500 0.000000 0.000000
 1.420000 0.000000 0.000000
 1.422500 0.000000 0.000000
 1.425000 0.000000 0.000000
 1.427500 0.000000 0.000000
 1.430000 0.000000 0.000000
 1.432500 0.000000 0.000000
 1.435000 0.000000 0.000000
 1.437500 0.000000 0.000000
 1.440000 0.000000 0.000000
 1.442500 0.000000 0.000000
 1.445000 0.000000 0.000000
 1.447500 0.000000 0.000000
 1.450000 0.000000 0.000000
 1.452500 0.000000 0.000000
 1.455000 0.000000 0.000000
 1.457500 0.000000 0.000000
 1.460000 0.000000 0.000000
 1.462500 0.000000 0.000000
 1.465000 0.000000 0.000000
 1.467500 0.000000 0.000000
 1.470000 0.000000 0.000000
 1.472500 0.000000 0.000000
 1.475000 0.000000 0.000000
 1.477500 0.000000 0.000000
 1.480000 0.000000 0.000000
 1.482500 0.000000 0.000000
 1.485000 0.000000 0.000000
 1.487500 0.000000 0.000000
 1.490000 0.000000 0.000000
 1.492500 0.000000 0.000000
 1.495000 0.000000 0.000000
 1.497500 0.000000 0.000000
 1.500000 0.000000 0.000000
 1.502500 0.000000 0.000000
 1.505000 0.000000 0.000000
 1.507500 0.000000 0.000000
 1.510000 0.000000 0.000000
 1.512500 0.000000 0.000000
 1.515000 0.000000 0.000000
 1.517500 0.000000 0.000000
 1.520000 0.000000 0.000000
 1.522500 0.000000 0.000000
 1.525000 0.000000 0.000000
 1.527500 0.000000 0.000000
 1.530000 0.000000 0.000000
 1.532500 0.000000 0.000000
 1.535000 0.000000 0.000000
 1.537500 0.000000 0.000000
 1.540000 0.000000 0.000000
 1.542500 0.000000 0.000000
 1.545000 0.000000 0.000000
 1.547500 0.000000 0.000000
 1.550000 0.000000 0.000000
 1.552500 0.000000 0.000000
 1.555000 0.000000 0.000000
 1.557500 0.000000 0.000000
 1.560000 0.000000 0.000000
 1.562500 0.000000 0.000000
 1.565000 0.000000 0.000000
 1.567500 0.000000 0.000000
 1.570000 0.000000 0.000000
 1.572500 0.000000 0.000000
 1.575000 0.000000 0.000000
 1.577500 0.000000 0.000000
 1.580000 0.000000 0.000000
 1.582500 0.000000 0.000000
 1.585000 0.000000 0.000000
 1.587500 0.000000 0.000000
 1.590000 0.000000 0.000000
 1.592500 0.000000 0.000000
 1.595000 0.000000 0.000000
 1.597500 0.000000 0.000000
 1.600000 0.000000 0.000000
 1.602500 0.000000 0.000000
 1.605000 0.000000 0.000000
 1.607500 0.000000 0.000000
 1.610000 0.000000 0.000000
 1.612500 0.000000 0.000000
 1.615000 0.000000 0.000000
 1.617500 0.000000 0.000000
 1.620000 0.000000 0.000000
 1.622500 0.000000 0.000000
 1.625000 0.000000 0.000000
 1.627500 0.000000 0.000000
 1.630000 0.000000 0.000000
 1.632500 0.000000 0.000000
 1.635000 0.000000 0.000000
 1.637500 0.000000 0.000000
 1.640000 0.000000 0.000000
 1.642500 0.000000 0.000000
 1.645000 0.000000 0.000000
 1.647500 0.000000 0.000000
 1.650000 0.000000 0.000000
 1.652500 0.000000 0.000000
 1.655000 0.000000 0.000000
 1.657500 0.000000 0.000000
 1.660000 0.000000 0.000000
 1.662500 0.000000 0.000000
 1.665000 0.000000 0.000000
 1.667500 0.000000 0.000000
 1.670000 0.000000 0.000000
 1.672500 0.000000 0.000000
 1.675000 0.000000 0.000000
 1.677500 0.000000 0.000000
 1.680000 0.000000 0.000000
 1.682500 0.000000 0.000000
 1.685000 0.000000 0.000000
 1.687500 0.000000 0.000000
 1.690000 0.000000 0.000000
 1.692500 0.000000 0.000000
 1.695000 0.000000 0.000000
 1.697500 0.000000 0.000000
 1.700000 0.000000 0.000000
 1.702500 0.000000 0.000000
 1.705000 0.000000 0.000000
 1.707500 0.000000 0.000000
 1.710000 0.000000 0.000000
 1.712500 0.000000 0.000000
 1.715000 0.000000 0.000000
 1.717500 0.000000 0.000000
 1.720000 0.000000 0.000000
 1.722500 0.000000 0.000000
 1.725000 0.000000 0.000000
 1.727500 0.000000 0.000000
 1.730000 0.000000 0.000000
 1.732500 0.000000 0.000000
 1.735000 0.000000 0.000000
 1.737500 0.000000 0.000000
 1.740000 0.000000 0.000000
 1.742500 0.000000 0.000000
 1.745000 0.000000 0.000000
 1.747500 0.000000 0.000000
 1.750000 0.000000 0.000000
 1.752500 0.000000 0.000000
 1.755000 0.000000 0.000000
 1.757500 0.000000 0.000000
 1.760000 0.000000 0.000000
 1.762500 0.000000 0.000000
 1.765000 0.000000 0.000000
 1.767500 0.000000 0.000000
 1.770000 0.000000 0.000000
 1.772500 0.000000 0.000000
 1.775000 0.000000 0.000000
 1.777500 0.000000 0.000000
 1.780000 0.000000 0.000000
 1.782500 0.000000 0.000000
 1.785000 0.000000 0.000000
 1.787500 0.000000 0.000000
 1.790000 0.000000 0.000000
 1.792500 0.000000 0.000000
 1.795000 0.000000 0.000000
 1.797500 0.000000 0.000000
 1.800000 0.000000 0.000000
 1.802500 0.000000 0.000000
 1.805000 0.000000 0.000000
 1.807500 0.000000 0.000000
 1.810000 0.000000 0.000000
 1.812500 0.000000 0.000000
 1.815000 0.000000 0.000000
 1.817500 0.000000 0.000000
 1.820000 0.000000 0.000000
 1.822500 0.000000 0.000000
 1.825000 0.000000 0.000000
 1.827500 0.000000 0.000000
 1.830000 0.000000 0.000000
 1.832500 0.000000 0.000000
 1.835000 0.000000 0.000000
 1.837500 0.000000 0.000000
 1.840000 0.000000 0.000000
 1.842500 0.000000 0.000000
 1.845000 0.000000 0.000000
 1.847500 0.000000 0.000000
 1.850000 0.000000 0.000000
 1.852500 0.000000 0.000000
 1.855000 0.000000 0.000000
 1.857500 0.000000 0.000000
 1.860000 0.000000 0.000000
 1.862500 0.000000 0.000000
 1.865000 0.000000 0.000000
 1.867500 0.000000 0.000000
 1.870000 0.000000 0.000000
 1.872500 0.000000 0.000000
 1.875000 0.000000 0.000000
 1.877500 0.000000 0.000000
 1.880000 0.000000 0.000000
 1.882500 0.000000 0.000000
 1.885000 0.000000 0.000000
 1.887500 0.000000 0.000000
 1.890000 0.000000 0.000000
 1.892500 0.000000 0.000000
 1.895000 0.000000 0.000000
 1.897500 0.000000 0.000000
 1.900000 0.000000 0.000000
 1.902500 0.000000 0.000000
 1.905000 0.000000 0.000000
 1.907500 0.000000 0.000000
 1.910000 0.000000 0.000000
 1.912500 0.000000 0.000000
 1.915000 0.000000 0.000000
 1.917500 0.000000 0.000000
 1.920000 0.000000 0.000000
 1.922500 0.000000 0.000000
 1.925000 0.000000 0.000000
 1.927500 0.000000 0.000000
 1.930000 0.000000 0.000000
 1.932500 0.000000 0.000000
 1.935000 0.000000 0.000000
 1.937500 0.000000 0.000000
 1.940000 0.000000 0.000000
 1.942500 0.000000 0.000000
 1.945000 0.000000 0.000000
 1.947500 0.000000 0.000000
 1.950000 0.000000 0.000000
 1.952500 0.000000 0.000000
 1.955000 0.000000 0.000000
 1.957500 0.000000 0.000000
 1.960000 0.000000 0.000000
 1.962500 0.000000 0.000000
 1.965000 0.000000 0.000000
 1.967500 0.000000 0.000000
 1.970000 0.000000 0.000000
 1.972500 0.000000 0.000000
 1.975000 0.000000 0.000000
 1.977500 0.000000 0.000000
 1.980000 0.000000 0.000000
 1.982500 0.000000 0.000000
 1.985000 0.000000 0.000000
 1.987500 0.000000 0.000000
 1.990000 0.000000 0.000000
 1.992500 0.000000 0.000000
 1.995000 0.000000 0.000000
 1.997500 0.000000 0.000000
 2.000000 0.000000 0.000000
