#! FIELDS es hh dhh_es
#! SET normalisation  2000.000000
#! SET min_es -0.5
#! SET max_es 2
#! SET nbins_es  1000
#! SET periodic_es false
 -0.500000 0.000000 0.000000
 -0.497500 0.000000 0.000000
 -0.495000 0.000000 0.000000
 -0.492500 0.000000 0.000000
 -0.490000 0.000000 0.000000
 -0.487500 0.000000 0.000000
 -0.485000 0.000000 0.000000
 -0.482500 0.000000 0.000000
 -0.480000 0.000000 0.000000
 -0.477500 0.000000 0.000000
 -0.475000 0.000000 0.000000
 -0.472500 0.000000 0.000000
 -0.470000 0.000000 0.000000
 -0.467500 0.000000 0.000000
 -0.465000 0.000000 0.000000
 -0.462500 0.000000 0.000000
 -0.460000 0.000000 0.000000
 -0.457500 0.000000 0.000000
 -0.455000 0.000000 0.000000
 -0.452500 0.000000 0.000000
 -0.450000 0.000000 0.000000
 -0.447500 0.000000 0.000000
 -0.445000 0.000000 0.000000
 -0.442500 0.000000 0.000000
 -0.440000 0.000000 0.000000
 -0.437500 0.000000 0.000000
 -0.435000 0.000000 0.000000
 -0.432500 0.000000 0.000000
 -0.430000 0.000000 0.000000
 -0.427500 0.000000 0.000000
 -0.425000 0.000000 0.000000
 -0.422500 0.000000 0.000000
 -0.420000 0.000000 0.000000
 -0.417500 0.000000 0.000000
 -0.415000 0.000000 0.000000
 -0.412500 0.000000 0.000000
 -0.410000 0.000000 0.000000
 -0.407500 0.000000 0.000000
 -0.405000 0.000000 0.000000
 -0.402500 0.000000 0.000000
 -0.400000 0.000000 0.000000
 -0.397500 0.000000 0.000000
 -0.395000 0.000000 0.000000
 -0.392500 0.000000 0.000000
 -0.390000 0.000000 0.000000
 -0.387500 0.000000 0.000000
 -0.385000 0.000000 0.000000
 -0.382500 0.000000 0.000000
 -0.380000 0.000000 0.000000
 -0.377500 0.000000 0.000000
 -0.375000 0.000000 0.000000
 -0.372500 0.000000 0.000000
 -0.370000 0.000000 0.000000
 -0.367500 0.000000 0.000000
 -0.365000 0.000000 0.000000
 -0.362500 0.000000 0.000000
 -0.360000 0.000000 0.000000
 -0.357500 0.000000 0.000000
 -0.355000 0.000000 0.000000
 -0.352500 0.000000 0.000000
 -0.350000 0.000000 0.000000
 -0.347500 0.000000 0.000000
 -0.345000 0.000000 0.000000
 -0.342500 0.000000 0.000000
 -0.340000 0.000000 0.000000
 -0.337500 0.000000 0.000000
 -0.335000 0.000000 0.000000
 -0.332500 0.000000 0.000000
 -0.330000 0.000000 0.000000
 -0.327500 0.000000 0.000000
 -0.325000 0.000000 0.000000
 -0.322500 0.000000 0.000000
 -0.320000 0.000000 0.000000
 -0.317500 0.000000 0.000000
 -0.315000 0.000000 0.000000
 -0.312500 0.000000 0.000000
 -0.310000 0.000000 0.000000
 -0.307500 0.000000 0.000000
 -0.305000 0.000000 0.000000
 -0.302500 0.000000 0.000000
 -0.300000 0.000000 0.000000
 -0.297500 0.000000 0.000000
 -0.295000 0.000000 0.000000
 -0.292500 0.000000 0.000000
 -0.290000 0.000000 0.000000
 -0.287500 0.000000 0.000000
 -0.285000 0.000000 0.000000
 -0.282500 0.000000 0.000000
 -0.280000 0.000000 0.000000
 -0.277500 0.000000 0.000000
 -0.275000 0.000000 0.000000
 -0.272500 0.000000 0.000000
 -0.270000 0.000000 0.000000
 -0.267500 0.000000 0.000000
 -0.265000 0.000000 0.000000
 -0.262500 0.000000 0.000000
 -0.260000 0.000000 0.000000
 -0.257500 0.000000 0.000000
 -0.255000 0.000000 0.000000
 -0.252500 0.000000 0.000000
 -0.250000 0.000000 0.000000
 -0.247500 0.000000 0.000000
 -0.245000 0.000000 0.000000
 -0.242500 0.000000 0.000000
 -0.240000 0.000000 0.000000
 -0.237500 0.000000 0.000000
 -0.235000 0.000000 0.000000
 -0.232500 0.000000 0.000000
 -0.230000 0.000000 0.000000
 -0.227500 0.000000 0.000000
 -0.225000 0.000000 0.000000
 -0.222500 0.000000 0.000000
 -0.220000 0.000000 0.000000
 -0.217500 0.000000 0.000000
 -0.215000 0.000000 0.000000
 -0.212500 0.000000 0.000000
 -0.210000 0.000000 0.000000
 -0.207500 0.000000 0.000000
 -0.205000 0.000000 0.000000
 -0.202500 0.000000 0.000000
 -0.200000 0.000000 0.000000
 -0.197500 0.000000 0.000000
 -0.195000 0.000000 0.000000
 -0.192500 0.000000 0.000000
 -0.190000 0.000000 0.000000
 -0.187500 0.000000 0.000000
 -0.185000 0.000000 0.000000
 -0.182500 0.000000 0.000000
 -0.180000 0.000000 0.000000
 -0.177500 0.000000 0.000000
 -0.175000 0.000000 0.000000
 -0.172500 0.000000 0.000000
 -0.170000 0.000000 0.000000
 -0.167500 0.000000 0.000000
 -0.165000 0.000000 0.000000
 -0.162500 0.000000 0.000000
 -0.160000 0.000000 0.000000
 -0.157500 0.000000 0.000000
 -0.155000 0.000000 0.000000
 -0.152500 0.000000 0.000000
 -0.150000 0.000000 0.000000
 -0.147500 0.000000 0.000000
 -0.145000 0.000000 0.000000
 -0.142500 0.000000 0.000000
 -0.140000 0.000000 0.000000
 -0.137500 0.000000 0.000000
 -0.135000 0.000000 0.000000
 -0.132500 0.000000 0.000000
 -0.130000 0.000000 0.000000
 -0.127500 0.000000 0.000000
 -0.125000 0.000000 0.000000
 -0.122500 0.000000 0.000000
 -0.120000 0.000000 0.000000
 -0.117500 0.000000 0.000000
 -0.115000 0.000000 0.000000
 -0.112500 0.000000 0.000000
 -0.110000 0.000000 0.000000
 -0.107500 0.000000 0.000000
 -0.105000 0.000000 0.000000
 -0.102500 0.000000 0.000000
 -0.100000 0.000000 0.000000
 -0.097500 0.000000 0.000000
 -0.095000 0.000000 0.000000
 -0.092500 0.000000 0.000000
 -0.090000 0.000000 0.000000
 -0.087500 0.000000 0.000000
 -0.085000 0.000000 0.000000
 -0.082500 0.000000 0.000000
 -0.080000 0.000000 0.000000
 -0.077500 0.000000 0.000000
 -0.075000 0.000000 0.000000
 -0.072500 0.000000 0.000000
 -0.070000 0.000000 0.000000
 -0.067500 0.000000 0.000000
 -0.065000 0.000000 0.000000
 -0.062500 0.000000 0.000000
 -0.060000 0.000000 0.000000
 -0.057500 0.000000 0.000000
 -0.055000 0.000000 0.000000
 -0.052500 0.000000 0.000000
 -0.050000 0.000000 0.000000
 -0.047500 0.000000 0.000000
 -0.045000 0.000000 0.000000
 -0.042500 0.000000 0.000000
 -0.040000 0.000000 0.000000
 -0.037500 0.000000 0.000000
 -0.035000 0.000000 0.000000
 -0.032500 0.000000 0.000000
 -0.030000 0.000000 0.000000
 -0.027500 0.000000 0.000000
 -0.025000 0.000000 0.000000
 -0.022500 0.000000 0.000000
 -0.020000 0.000000 0.000000
 -0.017500 0.000000 0.000000
 -0.015000 0.000000 0.000000
 -0.012500 0.000000 0.000000
 -0.010000 0.000000 0.000000
 -0.007500 0.000000 0.000000
 -0.005000 0.000000 0.000000
 -0.002500 0.000000 0.000000
 0.000000 0.000000 0.000000
 0.002500 0.000000 0.000000
 0.005000 0.000000 0.000000
 0.007500 0.000000 0.000000
 0.010000 0.000000 0.000000
 0.012500 0.000000 0.000000
 0.015000 0.000000 0.000000
 0.017500 0.000000 0.000000
 0.020000 0.000000 0.000000
 0.022500 0.000000 0.000000
 0.025000 0.000000 0.000000
 0.027500 0.000000 0.000000
 0.030000 0.000000 0.000000
 0.032500 0.000000 0.000000
 0.035000 0.000000 0.000000
 0.037500 0.000000 0.000000
 0.040000 0.000000 0.000000
 0.042500 0.000000 0.000000
 0.045000 0.000000 0.000000
 0.047500 0.000000 0.000000
 0.050000 0.000000 0.000000
 0.052500 0.000000 0.000000
 0.055000 0.000000 0.000000
 0.057500 0.000000 0.000000
 0.060000 0.000000 0.000000
 0.062500 0.000000 0.000000
 0.065000 0.000000 0.000000
 0.067500 0.000000 0.000000
 0.070000 0.000000 0.000000
 0.072500 0.000000 0.000000
 0.075000 0.000000 0.000000
 0.077500 0.000000 0.000000
 0.080000 0.000000 0.000000
 0.082500 0.000000 0.000000
 0.085000 0.000000 0.000000
 0.087500 0.000000 0.000000
 0.090000 0.000000 0.000000
 0.092500 0.000000 0.000000
 0.095000 0.000000 0.000000
 0.097500 0.000000 0.000000
 0.100000 0.000000 0.000000
 0.102500 0.000000 0.000000
 0.105000 0.000000 0.000000
 0.107500 0.000000 0.000000
 0.110000 0.000000 0.000000
 0.112500 0.000000 0.000000
 0.115000 0.000000 0.000000
 0.117500 0.000000 0.000000
 0.120000 0.000000 0.000000
 0.122500 0.000000 0.000000
 0.125000 0.000000 0.000000
 0.127500 0.000000 0.000000
 0.130000 0.000000 0.000000
 0.132500 0.000000 0.000000
 0.135000 0.000000 0.000000
 0.137500 0.000000 0.000000
 0.140000 0.000000 0.000000
 0.142500 0.000000 0.000000
 0.145000 0.000000 0.000000
 0.147500 0.000000 0.000000
 0.150000 0.000000 0.000000
 0.152500 0.000000 0.000000
 0.155000 0.000000 0.000000
 0.157500 0.000000 0.000000
 0.160000 0.000000 0.000000
 0.162500 0.000000 0.000000
 0.165000 0.000000 0.000000
 0.167500 0.000000 0.000012
 0.170000 0.000000 0.000031
 0.172500 0.000000 0.000112
 0.175000 0.000001 0.000251
 0.177500 0.000002 0.000526
 0.180000 0.000004 0.001065
 0.182500 0.000007 0.001973
 0.185000 0.000014 0.003450
 0.187500 0.000025 0.005621
 0.190000 0.000043 0.008603
 0.192500 0.000069 0.012301
 0.195000 0.000105 0.016533
 0.197500 0.000152 0.020807
 0.200000 0.000209 0.024561
 0.202500 0.000274 0.027261
 0.205000 0.000344 0.028619
 0.207500 0.000416 0.028705
 0.210000 0.000487 0.028014
 0.212500 0.000556 0.027428
 0.215000 0.000625 0.027945
 0.217500 0.000698 0.030485
 0.220000 0.000781 0.035686
 0.222500 0.000880 0.043791
 0.225000 0.001002 0.054483
 0.227500 0.001155 0.067715
 0.230000 0.001344 0.083290
 0.232500 0.001575 0.101593
 0.235000 0.001855 0.123081
 0.237500 0.002195 0.148795
 0.240000 0.002605 0.179408
 0.242500 0.003098 0.214932
 0.245000 0.003686 0.254942
 0.247500 0.004378 0.298941
 0.250000 0.005186 0.346751
 0.252500 0.006118 0.398588
 0.255000 0.007187 0.456014
 0.257500 0.008408 0.521148
 0.260000 0.009804 0.595998
 0.262500 0.011402 0.681747
 0.265000 0.013227 0.777425
 0.267500 0.015301 0.880806
 0.270000 0.017641 0.988387
 0.272500 0.020252 1.097925
 0.275000 0.023139 1.209074
 0.277500 0.026311 1.325475
 0.280000 0.029787 1.453660
 0.282500 0.033608 1.602406
 0.285000 0.037838 1.780713
 0.287500 0.042555 1.994461
 0.290000 0.047857 2.247574
 0.292500 0.053841 2.540150
 0.295000 0.060606 2.870652
 0.297500 0.068241 3.235315
 0.300000 0.076826 3.629690
 0.302500 0.086428 4.046789
 0.305000 0.097094 4.477380
 0.307500 0.108840 4.907822
 0.310000 0.121646 5.322640
 0.312500 0.135456 5.707542
 0.315000 0.150185 6.057353
 0.317500 0.165747 6.375108
 0.320000 0.182082 6.678584
 0.322500 0.199187 6.995431
 0.325000 0.217138 7.358559
 0.327500 0.236085 7.795595
 0.330000 0.256238 8.323828
 0.332500 0.277831 8.947230
 0.335000 0.301094 9.656039
 0.337500 0.326218 10.432011
 0.340000 0.353347 11.254545
 0.342500 0.382566 12.101577
 0.345000 0.413916 12.956468
 0.347500 0.447403 13.805664
 0.350000 0.482993 14.636797
 0.352500 0.520625 15.437373
 0.355000 0.560211 16.198403
 0.357500 0.601645 16.913343
 0.360000 0.644804 17.579601
 0.362500 0.689582 18.207926
 0.365000 0.735894 18.810878
 0.367500 0.783712 19.415035
 0.370000 0.833068 20.042799
 0.372500 0.884044 20.713785
 0.375000 0.936758 21.435066
 0.377500 0.991340 22.205139
 0.380000 1.047897 23.014790
 0.382500 1.106516 23.851131
 0.385000 1.167244 24.702427
 0.387500 1.230108 25.557121
 0.390000 1.295098 26.399300
 0.392500 1.362155 27.208667
 0.395000 1.431159 27.950510
 0.397500 1.501903 28.595178
 0.400000 1.574098 29.110082
 0.402500 1.647390 29.475236
 0.405000 1.721408 29.692757
 0.407500 1.795808 29.785795
 0.410000 1.870330 29.800042
 0.412500 1.944839 29.787660
 0.415000 2.019337 29.799316
 0.417500 2.093913 29.860827
 0.420000 2.168707 29.965906
 0.422500 2.243790 30.084209
 0.425000 2.319125 30.162924
 0.427500 2.394538 30.145287
 0.430000 2.469758 30.002690
 0.432500 2.544462 29.740211
 0.435000 2.618378 29.390183
 0.437500 2.691374 29.008773
 0.440000 2.763428 28.657215
 0.442500 2.834678 28.373097
 0.445000 2.905337 28.184867
 0.447500 2.975612 28.075856
 0.450000 3.045671 28.009782
 0.452500 3.115577 27.937707
 0.455000 3.185222 27.802597
 0.457500 3.254380 27.542641
 0.460000 3.322677 27.112563
 0.462500 3.389658 26.483461
 0.465000 3.454783 25.635965
 0.467500 3.517512 24.572190
 0.470000 3.577314 23.312109
 0.472500 3.633753 21.887709
 0.475000 3.686486 20.371024
 0.477500 3.735379 18.833878
 0.480000 3.780497 17.358033
 0.482500 3.822074 16.019910
 0.485000 3.860504 14.849585
 0.487500 3.896202 13.836467
 0.490000 3.929518 12.930079
 0.492500 3.960609 12.053023
 0.495000 3.989462 11.128920
 0.497500 4.015887 10.110711
 0.500000 4.039613 8.986658
 0.502500 4.060420 7.789349
 0.505000 4.078207 6.575859
 0.507500 4.093009 5.424786
 0.510000 4.105055 4.388120
 0.512500 4.114664 3.474725
 0.515000 4.122122 2.667544
 0.517500 4.127619 1.898678
 0.520000 4.131164 1.082743
 0.522500 4.132508 0.148660
 0.525000 4.131314 -0.965699
 0.527500 4.127099 -2.267066
 0.530000 4.119411 -3.718182
 0.532500 4.107960 -5.262383
 0.535000 4.092623 -6.814128
 0.537500 4.073485 -8.291846
 0.540000 4.050802 -9.628833
 0.542500 4.024986 -10.798036
 0.545000 3.996471 -11.778667
 0.547500 3.965727 -12.587260
 0.550000 3.933158 -13.239023
 0.552500 3.899134 -13.756190
 0.555000 3.863955 -14.169738
 0.557500 3.827828 -14.508835
 0.560000 3.790916 -14.802618
 0.562500 3.753287 -15.096137
 0.565000 3.714881 -15.426390
 0.567500 3.675549 -15.839064
 0.570000 3.635039 -16.378646
 0.572500 3.592995 -17.062969
 0.575000 3.549055 -17.888420
 0.577500 3.502921 -18.816261
 0.580000 3.454413 -19.770944
 0.582500 3.403576 -20.658755
 0.585000 3.350711 -21.385204
 0.587500 3.296314 -21.869205
 0.590000 3.241052 -22.083198
 0.592500 3.185587 -22.037021
 0.595000 3.130491 -21.807124
 0.597500 3.076096 -21.497825
 0.600000 3.022451 -21.227097
 0.602500 2.969339 -21.081651
 0.605000 2.916384 -21.105881
 0.607500 2.863160 -21.285194
 0.610000 2.809361 -21.563546
 0.612500 2.754827 -21.858771
 0.615000 2.699613 -22.098252
 0.617500 2.643915 -22.240738
 0.620000 2.587998 -22.277198
 0.622500 2.532103 -22.231616
 0.625000 2.476388 -22.146101
 0.627500 2.420899 -22.066859
 0.630000 2.365566 -22.017903
 0.632500 2.310291 -22.020961
 0.635000 2.254982 -22.063823
 0.637500 2.199550 -22.102966
 0.640000 2.144057 -22.111538
 0.642500 2.088609 -22.059030
 0.645000 2.033389 -21.931687
 0.647500 1.978582 -21.734822
 0.650000 1.924348 -21.478500
 0.652500 1.870821 -21.174668
 0.655000 1.818113 -20.823062
 0.657500 1.766343 -20.431238
 0.660000 1.715610 -19.997285
 0.662500 1.666013 -19.523737
 0.665000 1.617637 -19.026590
 0.667500 1.570526 -18.524797
 0.670000 1.524658 -18.033893
 0.672500 1.479984 -17.573681
 0.675000 1.436411 -17.154664
 0.677500 1.393838 -16.781794
 0.680000 1.352150 -16.444890
 0.682500 1.311277 -16.130375
 0.685000 1.271189 -15.821645
 0.687500 1.231885 -15.498939
 0.690000 1.193420 -15.155438
 0.692500 1.155838 -14.792136
 0.695000 1.119181 -14.426982
 0.697500 1.083424 -14.075508
 0.700000 1.048514 -13.757022
 0.702500 1.014354 -13.478173
 0.705000 0.980849 -13.232431
 0.707500 0.947938 -13.000520
 0.710000 0.915617 -12.764432
 0.712500 0.883913 -12.504277
 0.715000 0.852896 -12.216913
 0.717500 0.822626 -11.912233
 0.720000 0.793134 -11.606245
 0.722500 0.764388 -11.311090
 0.725000 0.736356 -11.036117
 0.727500 0.709002 -10.773777
 0.730000 0.682315 -10.501717
 0.732500 0.656345 -10.195469
 0.735000 0.631203 -9.842464
 0.737500 0.607004 -9.445278
 0.740000 0.583836 -9.022005
 0.742500 0.561726 -8.607129
 0.745000 0.540609 -8.233011
 0.747500 0.520354 -7.925497
 0.750000 0.500780 -7.689935
 0.752500 0.481713 -7.519540
 0.755000 0.463014 -7.392302
 0.757500 0.444609 -7.286348
 0.760000 0.426466 -7.176105
 0.762500 0.408624 -7.045943
 0.765000 0.391149 -6.883005
 0.767500 0.374133 -6.675231
 0.770000 0.357701 -6.419493
 0.772500 0.341973 -6.114227
 0.775000 0.327064 -5.769602
 0.777500 0.313047 -5.405829
 0.780000 0.299936 -5.054486
 0.782500 0.287653 -4.749445
 0.785000 0.276041 -4.520880
 0.787500 0.264886 -4.385554
 0.790000 0.253958 -4.337359
 0.792500 0.243071 -4.348750
 0.795000 0.232128 -4.376840
 0.797500 0.221144 -4.373422
 0.800000 0.210248 -4.302042
 0.802500 0.199639 -4.144554
 0.805000 0.189532 -3.903133
 0.807500 0.180113 -3.601131
 0.810000 0.171492 -3.273736
 0.812500 0.163680 -2.957211
 0.815000 0.156612 -2.686906
 0.817500 0.150141 -2.483015
 0.820000 0.144088 -2.355796
 0.822500 0.138261 -2.299871
 0.825000 0.132498 -2.300311
 0.827500 0.126686 -2.334943
 0.830000 0.120773 -2.378394
 0.832500 0.114768 -2.405449
 0.835000 0.108735 -2.398968
 0.837500 0.102770 -2.352038
 0.840000 0.096974 -2.265056
 0.842500 0.091437 -2.148768
 0.845000 0.086216 -2.015776
 0.847500 0.081334 -1.880201
 0.850000 0.076780 -1.753792
 0.852500 0.072523 -1.644939
 0.855000 0.068513 -1.557556
 0.857500 0.064695 -1.490124
 0.860000 0.061025 -1.438778
 0.862500 0.057470 -1.396184
 0.865000 0.054019 -1.355159
 0.867500 0.050678 -1.308327
 0.870000 0.047466 -1.251070
 0.872500 0.044410 -1.183900
 0.875000 0.041535 -1.109159
 0.877500 0.038850 -1.031087
 0.880000 0.036361 -0.956179
 0.882500 0.034052 -0.885631
 0.885000 0.031912 -0.821825
 0.887500 0.029924 -0.764700
 0.890000 0.028071 -0.714093
 0.892500 0.026336 -0.670864
 0.895000 0.024700 -0.635684
 0.897500 0.023139 -0.610001
 0.900000 0.021632 -0.593032
 0.902500 0.020160 -0.580699
 0.905000 0.018721 -0.567380
 0.907500 0.017323 -0.545973
 0.910000 0.015994 -0.511349
 0.912500 0.014771 -0.462004
 0.915000 0.013688 -0.400222
 0.917500 0.012770 -0.331601
 0.920000 0.012022 -0.264902
 0.922500 0.011430 -0.208482
 0.925000 0.010959 -0.170193
 0.927500 0.010558 -0.152610
 0.930000 0.010174 -0.155255
 0.932500 0.009763 -0.174515
 0.935000 0.009290 -0.203234
 0.937500 0.008741 -0.234341
 0.940000 0.008118 -0.261273
 0.942500 0.007438 -0.279988
 0.945000 0.006723 -0.288090
 0.947500 0.006003 -0.285759
 0.950000 0.005300 -0.273863
 0.952500 0.004638 -0.253990
 0.955000 0.004032 -0.228744
 0.957500 0.003495 -0.200136
 0.960000 0.003031 -0.170801
 0.962500 0.002638 -0.143088
 0.965000 0.002311 -0.119041
 0.967500 0.002037 -0.099950
 0.970000 0.001804 -0.086107
 0.972500 0.001601 -0.076227
 0.975000 0.001419 -0.068974
 0.977500 0.001254 -0.062809
 0.980000 0.001104 -0.056488
 0.982500 0.000970 -0.049944
 0.985000 0.000852 -0.043593
 0.987500 0.000750 -0.038014
 0.990000 0.000661 -0.033587
 0.992500 0.000580 -0.030459
 0.995000 0.000507 -0.028154
 0.997500 0.000439 -0.026247
 1.000000 0.000375 -0.024209
 1.002500 0.000318 -0.021892
 1.005000 0.000266 -0.019290
 1.007500 0.000221 -0.016734
 1.010000 0.000182 -0.014458
 1.012500 0.000148 -0.012580
 1.015000 0.000118 -0.011095
 1.017500 0.000092 -0.009734
 1.020000 0.000069 -0.008353
 1.022500 0.000050 -0.006909
 1.025000 0.000035 -0.005455
 1.027500 0.000023 -0.004077
 1.030000 0.000014 -0.002831
 1.032500 0.000008 -0.001844
 1.035000 0.000005 -0.001118
 1.037500 0.000002 -0.000647
 1.040000 0.000001 -0.000348
 1.042500 0.000001 -0.000175
 1.045000 0.000000 -0.000082
 1.047500 0.000000 -0.000036
 1.050000 0.000000 0.000000
 1.052500 0.000000 0.000000
 1.055000 0.000000 0.000000
 1.057500 0.000000 0.000000
 1.060000 0.000000 0.000000
 1.062500 0.000000 0.000000
 1.065000 0.000000 0.000000
 1.067500 0.000000 0.000000
 1.070000 0.000000 0.000000
 1.072500 0.000000 0.000000
 1.075000 0.000000 0.000000
 1.077500 0.000000 0.000000
 1.080000 0.000000 0.000000
 1.082500 0.000000 0.000000
 1.085000 0.000000 0.000000
 1.087500 0.000000 0.000000
 1.090000 0.000000 0.000000
 1.092500 0.000000 0.000000
 1.095000 0.000000 0.000000
 1.097500 0.000000 0.000000
 1.100000 0.000000 0.000000
 1.102500 0.000000 0.000000
 1.105000 0.000000 0.000000
 1.107500 0.000000 0.000000
 1.110000 0.000000 0.000000
 1.112500 0.000000 0.000000
 1.115000 0.000000 0.000000
 1.117500 0.000000 0.000000
 1.120000 0.000000 0.000000
 1.122500 0.000000 0.000000
 1.125000 0.000000 0.000000
 1.127500 0.000000 0.000000
 1.130000 0.000000 0.000000
 1.132500 0.000000 0.000000
 1.135000 0.000000 0.000000
 1.137500 0.000000 0.000000
 1.140000 0.000000 0.000000
 1.142500 0.000000 0.000000
 1.145000 0.000000 0.000000
 1.147500 0.000000 0.000000
 1.150000 0.000000 0.000000
 1.152500 0.000000 0.000000
 1.155000 0.000000 0.000000
 1.157500 0.000000 0.000000
 1.160000 0.000000 0.000000
 1.162500 0.000000 0.000000
 1.165000 0.000000 0.000000
 1.167500 0.000000 0.000000
 1.170000 0.000000 0.000000
 1.172500 0.000000 0.000000
 1.175000 0.000000 0.000000
 1.177500 0.000000 0.000000
 1.180000 0.000000 0.000000
 1.182500 0.000000 0.000000
 1.185000 0.000000 0.000000
 1.187500 0.000000 0.000000
 1.190000 0.000000 0.000000
 1.192500 0.000000 0.000000
 1.195000 0.000000 0.000000
 1.197500 0.000000 0.000000
 1.200000 0.000000 0.000000
 1.202500 0.000000 0.000000
 1.205000 0.000000 0.000000
 1.207500 0.000000 0.000000
 1.210000 0.000000 0.000000
 1.212500 0.000000 0.000000
 1.215000 0.000000 0.000000
 1.217500 0.000000 0.000000
 1.220000 0.000000 0.000000
 1.222500 0.000000 0.000000
 1.225000 0.000000 0.000000
 1.227500 0.000000 0.000000
 1.230000 0.000000 0.000000
 1.232500 0.000000 0.000000
 1.235000 0.000000 0.000000
 1.237500 0.000000 0.000000
 1.240000 0.000000 0.000000
 1.242500 0.000000 0.000000
 1.245000 0.000000 0.000000
 1.247500 0.000000 0.000000
 1.250000 0.000000 0.000000
 1.252500 0.000000 0.000000
 1.255000 0.000000 0.000000
 1.257500 0.000000 0.000000
 1.260000 0.000000 0.000000
 1.262500 0.000000 0.000000
 1.265000 0.000000 0.000000
 1.267500 0.000000 0.000000
 1.270000 0.000000 0.000000
 1.272500 0.000000 0.000000
 1.275000 0.000000 0.000000
 1.277500 0.000000 0.000000
 1.280000 0.000000 0.000000
 1.282500 0.000000 0.000000
 1.285000 0.000000 0.000000
 1.287500 0.000000 0.000000
 1.290000 0.000000 0.000000
 1.292500 0.000000 0.000000
 1.295000 0.000000 0.000000
 1.297500 0.000000 0.000000
 1.300000 0.000000 0.000000
 1.302500 0.000000 0.000000
 1.305000 0.000000 0.000000
 1.307500 0.000000 0.000000
 1.310000 0.000000 0.000000
 1.312500 0.000000 0.000000
 1.315000 0.000000 0.000000
 1.317500 0.000000 0.000000
 1.320000 0.000000 0.000000
 1.322500 0.000000 0.000000
 1.325000 0.000000 0.000000
 1.327500 0.000000 0.000000
 1.330000 0.000000 0.000000
 1.332500 0.000000 0.000000
 1.335000 0.000000 0.000000
 1.337500 0.000000 0.000000
 1.340000 0.000000 0.000000
 1.342500 0.000000 0.000000
 1.345000 0.000000 0.000000
 1.347500 0.000000 0.000000
 1.350000 0.000000 0.000000
 1.352500 0.000000 0.000000
 1.355000 0.000000 0.000000
 1.357500 0.000000 0.000000
 1.360000 0.000000 0.000000
 1.362500 0.000000 0.000000
 1.365000 0.000000 0.000000
 1.367500 0.000000 0.000000
 1.370000 0.000000 0.000000
 1.372500 0.000000 0.000000
 1.375000 0.000000 0.000000
 1.377500 0.000000 0.000000
 1.380000 0.000000 0.000000
 1.382500 0.000000 0.000000
 1.385000 0.000000 0.000000
 1.387500 0.000000 0.000000
 1.390000 0.000000 0.000000
 1.392500 0.000000 0.000000
 1.395000 0.000000 0.000000
 1.397500 0.000000 0.000000
 1.400000 0.000000 0.000000
 1.402500 0.000000 0.000000
 1.405000 0.000000 0.000000
 1.407500 0.000000 0.000000
 1.410000 0.000000 0.000000
 1.412500 0.000000 0.000000
 1.415000 0.000000 0.000000
 1.417500 0.000000 0.000000
 1.420000 0.000000 0.000000
 1.422500 0.000000 0.000000
 1.425000 0.000000 0.000000
 1.427500 0.000000 0.000000
 1.430000 0.000000 0.000000
 1.432500 0.000000 0.000000
 1.435000 0.000000 0.000000
 1.437500 0.000000 0.000000
 1.440000 0.000000 0.000000
 1.442500 0.000000 0.000000
 1.445000 0.000000 0.000000
 1.447500 0.000000 0.000000
 1.450000 0.000000 0.000000
 1.452500 0.000000 0.000000
 1.455000 0.000000 0.000000
 1.457500 0.000000 0.000000
 1.460000 0.000000 0.000000
 1.462500 0.000000 0.000000
 1.465000 0.000000 0.000000
 1.467500 0.000000 0.000000
 1.470000 0.000000 0.000000
 1.472500 0.000000 0.000000
 1.475000 0.000000 0.000000
 1.477500 0.000000 0.000000
 1.480000 0.000000 0.000000
 1.482500 0.000000 0.000000
 1.485000 0.000000 0.000000
 1.487500 0.000000 0.000000
 1.490000 0.000000 0.000000
 1.492500 0.000000 0.000000
 1.495000 0.000000 0.000000
 1.497500 0.000000 0.000000
 1.500000 0.000000 0.000000
 1.502500 0.000000 0.000000
 1.505000 0.000000 0.000000
 1.507500 0.000000 0.000000
 1.510000 0.000000 0.000000
 1.512500 0.000000 0.000000
 1.515000 0.000000 0.000000
 1.517500 0.000000 0.000000
 1.520000 0.000000 0.000000
 1.522500 0.000000 0.000000
 1.525000 0.000000 0.000000
 1.527500 0.000000 0.000000
 1.530000 0.000000 0.000000
 1.532500 0.000000 0.000000
 1.535000 0.000000 0.000000
 1.537500 0.000000 0.000000
 1.540000 0.000000 0.000000
 1.542500 0.000000 0.000000
 1.545000 0.000000 0.000000
 1.547500 0.000000 0.000000
 1.550000 0.000000 0.000000
 1.552500 0.000000 0.000000
 1.555000 0.000000 0.000000
 1.557500 0.000000 0.000000
 1.560000 0.000000 0.000000
 1.562500 0.000000 0.000000
 1.565000 0.000000 0.000000
 1.567500 0.000000 0.000000
 1.570000 0.000000 0.000000
 1.572500 0.000000 0.000000
 1.575000 0.000000 0.000000
 1.577500 0.000000 0.000000
 1.580000 0.000000 0.000000
 1.582500 0.000000 0.000000
 1.585000 0.000000 0.000000
 1.587500 0.000000 0.000000
 1.590000 0.000000 0.000000
 1.592500 0.000000 0.000000
 1.595000 0.000000 0.000000
 1.597500 0.000000 0.000000
 1.600000 0.000000 0.000000
 1.602500 0.000000 0.000000
 1.605000 0.000000 0.000000
 1.607500 0.000000 0.000000
 1.610000 0.000000 0.000000
 1.612500 0.000000 0.000000
 1.615000 0.000000 0.000000
 1.617500 0.000000 0.000000
 1.620000 0.000000 0.000000
 1.622500 0.000000 0.000000
 1.625000 0.000000 0.000000
 1.627500 0.000000 0.000000
 1.630000 0.000000 0.000000
 1.632500 0.000000 0.000000
 1.635000 0.000000 0.000000
 1.637500 0.000000 0.000000
 1.640000 0.000000 0.000000
 1.642500 0.000000 0.000000
 1.645000 0.000000 0.000000
 1.647500 0.000000 0.000000
 1.650000 0.000000 0.000000
 1.652500 0.000000 0.000000
 1.655000 0.000000 0.000000
 1.657500 0.000000 0.000000
 1.660000 0.000000 0.000000
 1.662500 0.000000 0.000000
 1.665000 0.000000 0.000000
 1.667500 0.000000 0.000000
 1.670000 0.000000 0.000000
 1.672500 0.000000 0.000000
 1.675000 0.000000 0.000000
 1.677500 0.000000 0.000000
 1.680000 0.000000 0.000000
 1.682500 0.000000 0.000000
 1.685000 0.000000 0.000000
 1.687500 0.000000 0.000000
 1.690000 0.000000 0.000000
 1.692500 0.000000 0.000000
 1.695000 0.000000 0.000000
 1.697500 0.000000 0.000000
 1.700000 0.000000 0.000000
 1.702500 0.000000 0.000000
 1.705000 0.000000 0.000000
 1.707500 0.000000 0.000000
 1.710000 0.000000 0.000000
 1.712500 0.000000 0.000000
 1.715000 0.000000 0.000000
 1.717500 0.000000 0.000000
 1.720000 0.000000 0.000000
 1.722500 0.000000 0.000000
 1.725000 0.000000 0.000000
 1.727500 0.000000 0.000000
 1.730000 0.000000 0.000000
 1.732500 0.000000 0.000000
 1.735000 0.000000 0.000000
 1.737500 0.000000 0.000000
 1.740000 0.000000 0.000000
 1.742500 0.000000 0.000000
 1.745000 0.000000 0.000000
 1.747500 0.000000 0.000000
 1.750000 0.000000 0.000000
 1.752500 0.000000 0.000000
 1.755000 0.000000 0.000000
 1.757500 0.000000 0.000000
 1.760000 0.000000 0.000000
 1.762500 0.000000 0.000000
 1.765000 0.000000 0.000000
 1.767500 0.000000 0.000000
 1.770000 0.000000 0.000000
 1.772500 0.000000 0.000000
 1.775000 0.000000 0.000000
 1.777500 0.000000 0.000000
 1.780000 0.000000 0.000000
 1.782500 0.000000 0.000000
 1.785000 0.000000 0.000000
 1.787500 0.000000 0.000000
 1.790000 0.000000 0.000000
 1.792500 0.000000 0.000000
 1.795000 0.000000 0.000000
 1.797500 0.000000 0.000000
 1.800000 0.000000 0.000000
 1.802500 0.000000 0.000000
 1.805000 0.000000 0.000000
 1.807500 0.000000 0.000000
 1.810000 0.000000 0.000000
 1.812500 0.000000 0.000000
 1.815000 0.000000 0.000000
 1.817500 0.000000 0.000000
 1.820000 0.000000 0.000000
 1.822500 0.000000 0.000000
 1.825000 0.000000 0.000000
 1.827500 0.000000 0.000000
 1.830000 0.000000 0.000000
 1.832500 0.000000 0.000000
 1.835000 0.000000 0.000000
 1.837500 0.000000 0.000000
 1.840000 0.000000 0.000000
 1.842500 0.000000 0.000000
 1.845000 0.000000 0.000000
 1.847500 0.000000 0.000000
 1.850000 0.000000 0.000000
 1.852500 0.000000 0.000000
 1.855000 0.000000 0.000000
 1.857500 0.000000 0.000000
 1.860000 0.000000 0.000000
 1.862500 0.000000 0.000000
 1.865000 0.000000 0.000000
 1.867500 0.000000 0.000000
 1.870000 0.000000 0.000000
 1.872500 0.000000 0.000000
 1.875000 0.000000 0.000000
 1.877500 0.000000 0.000000
 1.880000 0.000000 0.000000
 1.882500 0.000000 0.000000
 1.885000 0.000000 0.000000
 1.887500 0.000000 0.000000
 1.890000 0.000000 0.000000
 1.892500 0.000000 0.000000
 1.895000 0.000000 0.000000
 1.897500 0.000000 0.000000
 1.900000 0.000000 0.000000
 1.902500 0.000000 0.000000
 1.905000 0.000000 0.000000
 1.907500 0.000000 0.000000
 1.910000 0.000000 0.000000
 1.912500 0.000000 0.000000
 1.915000 0.000000 0.000000
 1.917500 0.000000 0.000000
 1.920000 0.000000 0.000000
 1.922500 0.000000 0.000000
 1.925000 0.000000 0.000000
 1.927500 0.000000 0.000000
 1.930000 0.000000 0.000000
 1.932500 0.000000 0.000000
 1.935000 0.000000 0.000000
 1.937500 0.000000 0.000000
 1.940000 0.000000 0.000000
 1.942500 0.000000 0.000000
 1.945000 0.000000 0.000000
 1.947500 0.000000 0.000000
 1.950000 0.000000 0.000000
 1.952500 0.000000 0.000000
 1.955000 0.000000 0.000000
 1.957500 0.000000 0.000000
 1.960000 0.000000 0.000000
 1.962500 0.000000 0.000000
 1.965000 0.000000 0.000000
 1.967500 0.000000 0.000000
 1.970000 0.000000 0.000000
 1.972500 0.000000 0.000000
 1.975000 0.000000 0.000000
 1.977500 0.000000 0.000000
 1.980000 0.000000 0.000000
 1.982500 0.000000 0.000000
 1.985000 0.000000 0.000000
 1.987500 0.000000 0.000000
 1.990000 0.000000 0.000000
 1.992500 0.000000 0.000000
 1.995000 0.000000 0.000000
 1.997500 0.000000 0.000000
 2.000000 0.000000 0.000000
