#! FIELDS es hh dhh_es
#! SET normalisation  2000.000000
#! SET min_es -0.5
#! SET max_es 2
#! SET nbins_es  1000
#! SET periodic_es false
 -0.500000 0.000000 0.000000
 -0.497500 0.000000 0.000000
 -0.495000 0.000000 0.000000
 -0.492500 0.000000 0.000000
 -0.490000 0.000000 0.000000
 -0.487500 0.000000 0.000000
 -0.485000 0.000000 0.000000
 -0.482500 0.000000 0.000000
 -0.480000 0.000000 0.000000
 -0.477500 0.000000 0.000000
 -0.475000 0.000000 0.000000
 -0.472500 0.000000 0.000000
 -0.470000 0.000000 0.000000
 -0.467500 0.000000 0.000000
 -0.465000 0.000000 0.000000
 -0.462500 0.000000 0.000000
 -0.460000 0.000000 0.000000
 -0.457500 0.000000 0.000000
 -0.455000 0.000000 0.000000
 -0.452500 0.000000 0.000000
 -0.450000 0.000000 0.000000
 -0.447500 0.000000 0.000000
 -0.445000 0.000000 0.000000
 -0.442500 0.000000 0.000000
 -0.440000 0.000000 0.000000
 -0.437500 0.000000 0.000000
 -0.435000 0.000000 0.000000
 -0.432500 0.000000 0.000000
 -0.430000 0.000000 0.000000
 -0.427500 0.000000 0.000000
 -0.425000 0.000000 0.000000
 -0.422500 0.000000 0.000000
 -0.420000 0.000000 0.000000
 -0.417500 0.000000 0.000000
 -0.415000 0.000000 0.000000
 -0.412500 0.000000 0.000000
 -0.410000 0.000000 0.000000
 -0.407500 0.000000 0.000000
 -0.405000 0.000000 0.000000
 -0.402500 0.000000 0.000000
 -0.400000 0.000000 0.000000
 -0.397500 0.000000 0.000000
 -0.395000 0.000000 0.000000
 -0.392500 0.000000 0.000000
 -0.390000 0.000000 0.000000
 -0.387500 0.000000 0.000000
 -0.385000 0.000000 0.000000
 -0.382500 0.000000 0.000000
 -0.380000 0.000000 0.000000
 -0.377500 0.000000 0.000000
 -0.375000 0.000000 0.000000
 -0.372500 0.000000 0.000000
 -0.370000 0.000000 0.000000
 -0.367500 0.000000 0.000000
 -0.365000 0.000000 0.000000
 -0.362500 0.000000 0.000000
 -0.360000 0.000000 0.000000
 -0.357500 0.000000 0.000000
 -0.355000 0.000000 0.000000
 -0.352500 0.000000 0.000000
 -0.350000 0.000000 0.000000
 -0.347500 0.000000 0.000000
 -0.345000 0.000000 0.000000
 -0.342500 0.000000 0.000000
 -0.340000 0.000000 0.000000
 -0.337500 0.000000 0.000000
 -0.335000 0.000000 0.000000
 -0.332500 0.000000 0.000000
 -0.330000 0.000000 0.000000
 -0.327500 0.000000 0.000000
 -0.325000 0.000000 0.000000
 -0.322500 0.000000 0.000000
 -0.320000 0.000000 0.000000
 -0.317500 0.000000 0.000000
 -0.315000 0.000000 0.000000
 -0.312500 0.000000 0.000000
 -0.310000 0.000000 0.000000
 -0.307500 0.000000 0.000000
 -0.305000 0.000000 0.000000
 -0.302500 0.000000 0.000000
 -0.300000 0.000000 0.000000
 -0.297500 0.000000 0.000000
 -0.295000 0.000000 0.000000
 -0.292500 0.000000 0.000000
 -0.290000 0.000000 0.000000
 -0.287500 0.000000 0.000000
 -0.285000 0.000000 0.000000
 -0.282500 0.000000 0.000000
 -0.280000 0.000000 0.000000
 -0.277500 0.000000 0.000000
 -0.275000 0.000000 0.000000
 -0.272500 0.000000 0.000000
 -0.270000 0.000000 0.000000
 -0.267500 0.000000 0.000000
 -0.265000 0.000000 0.000000
 -0.262500 0.000000 0.000000
 -0.260000 0.000000 0.000000
 -0.257500 0.000000 0.000000
 -0.255000 0.000000 0.000000
 -0.252500 0.000000 0.000000
 -0.250000 0.000000 0.000000
 -0.247500 0.000000 0.000000
 -0.245000 0.000000 0.000000
 -0.242500 0.000000 0.000000
 -0.240000 0.000000 0.000000
 -0.237500 0.000000 0.000000
 -0.235000 0.000000 0.000000
 -0.232500 0.000000 0.000000
 -0.230000 0.000000 0.000000
 -0.227500 0.000000 0.000000
 -0.225000 0.000000 0.000000
 -0.222500 0.000000 0.000000
 -0.220000 0.000000 0.000000
 -0.217500 0.000000 0.000000
 -0.215000 0.000000 0.000000
 -0.212500 0.000000 0.000000
 -0.210000 0.000000 0.000000
 -0.207500 0.000000 0.000000
 -0.205000 0.000000 0.000000
 -0.202500 0.000000 0.000000
 -0.200000 0.000000 0.000000
 -0.197500 0.000000 0.000000
 -0.195000 0.000000 0.000000
 -0.192500 0.000000 0.000000
 -0.190000 0.000000 0.000000
 -0.187500 0.000000 0.000000
 -0.185000 0.000000 0.000000
 -0.182500 0.000000 0.000000
 -0.180000 0.000000 0.000000
 -0.177500 0.000000 0.000000
 -0.175000 0.000000 0.000000
 -0.172500 0.000000 0.000000
 -0.170000 0.000000 0.000000
 -0.167500 0.000000 0.000000
 -0.165000 0.000000 0.000000
 -0.162500 0.000000 0.000000
 -0.160000 0.000000 0.000000
 -0.157500 0.000000 0.000000
 -0.155000 0.000000 0.000000
 -0.152500 0.000000 0.000000
 -0.150000 0.000000 0.000000
 -0.147500 0.000000 0.000000
 -0.145000 0.000000 0.000000
 -0.142500 0.000000 0.000000
 -0.140000 0.000000 0.000000
 -0.137500 0.000000 0.000000
 -0.135000 0.000000 0.000000
 -0.132500 0.000000 0.000000
 -0.130000 0.000000 0.000000
 -0.127500 0.000000 0.000000
 -0.125000 0.000000 0.000000
 -0.122500 0.000000 0.000000
 -0.120000 0.000000 0.000000
 -0.117500 0.000000 0.000000
 -0.115000 0.000000 0.000000
 -0.112500 0.000000 0.000000
 -0.110000 0.000000 0.000000
 -0.107500 0.000000 0.000000
 -0.105000 0.000000 0.000000
 -0.102500 0.000000 0.000000
 -0.100000 0.000000 0.000000
 -0.097500 0.000000 0.000000
 -0.095000 0.000000 0.000000
 -0.092500 0.000000 0.000000
 -0.090000 0.000000 0.000000
 -0.087500 0.000000 0.000000
 -0.085000 0.000000 0.000000
 -0.082500 0.000000 0.000000
 -0.080000 0.000000 0.000000
 -0.077500 0.000000 0.000000
 -0.075000 0.000000 0.000000
 -0.072500 0.000000 0.000000
 -0.070000 0.000000 0.000000
 -0.067500 0.000000 0.000000
 -0.065000 0.000000 0.000000
 -0.062500 0.000000 0.000000
 -0.060000 0.000000 0.000000
 -0.057500 0.000000 0.000000
 -0.055000 0.000000 0.000000
 -0.052500 0.000000 0.000000
 -0.050000 0.000000 0.000000
 -0.047500 0.000000 0.000000
 -0.045000 0.000000 0.000000
 -0.042500 0.000000 0.000000
 -0.040000 0.000000 0.000000
 -0.037500 0.000000 0.000000
 -0.035000 0.000000 0.000000
 -0.032500 0.000000 0.000000
 -0.030000 0.000000 0.000000
 -0.027500 0.000000 0.000063
 -0.025000 0.000001 0.000391
 -0.022500 0.000004 0.001424
 -0.020000 0.000013 0.004477
 -0.017500 0.000036 0.012278
 -0.015000 0.000093 0.030184
 -0.012500 0.000219 0.067739
 -0.010000 0.000484 0.141855
 -0.007500 0.001010 0.279529
 -0.005000 0.002006 0.521493
 -0.002500 0.003798 0.924061
 0.000000 0.006880 1.561977
 0.002500 0.011943 2.521762
 0.005000 0.019914 3.898080
 0.007500 0.031947 5.780720
 0.010000 0.049399 8.238727
 0.012500 0.073764 11.308481
 0.015000 0.106565 14.978495
 0.017500 0.149241 19.189065
 0.020000 0.203008 23.827653
 0.022500 0.268765 28.747026
 0.025000 0.346995 33.771589
 0.027500 0.437728 38.717278
 0.030000 0.540542 43.406965
 0.032500 0.654600 47.685014
 0.035000 0.778700 51.420968
 0.037500 0.911366 54.520020
 0.040000 1.050920 56.919792
 0.042500 1.195568 58.590931
 0.045000 1.343480 59.532527
 0.047500 1.492866 59.771787
 0.050000 1.642017 59.353537
 0.052500 1.789369 58.342779
 0.055000 1.933534 56.820235
 0.057500 2.073355 54.887589
 0.060000 2.207949 52.663601
 0.062500 2.336757 50.282342
 0.065000 2.459529 47.863261
 0.067500 2.576308 45.504802
 0.070000 2.687313 43.250588
 0.072500 2.792789 41.084772
 0.075000 2.892883 38.940484
 0.077500 2.987532 36.729304
 0.080000 3.076489 34.381585
 0.082500 3.159360 31.871424
 0.085000 3.235762 29.232217
 0.087500 3.305472 26.546739
 0.090000 3.368524 23.940108
 0.092500 3.425269 21.526655
 0.095000 3.476314 19.402115
 0.097500 3.522440 17.601023
 0.100000 3.564446 16.113674
 0.102500 3.603044 14.872781
 0.105000 3.638754 13.794039
 0.107500 3.671872 12.791692
 0.110000 3.702503 11.802792
 0.112500 3.730628 10.788882
 0.115000 3.756163 9.741291
 0.117500 3.779039 8.669328
 0.120000 3.799215 7.595104
 0.122500 3.816723 6.540681
 0.125000 3.831636 5.523333
 0.127500 3.844044 4.542318
 0.130000 3.854031 3.595505
 0.132500 3.861693 2.685990
 0.135000 3.867148 1.839506
 0.137500 3.870611 1.101675
 0.140000 3.872417 0.533863
 0.142500 3.873076 0.179687
 0.145000 3.873133 0.062118
 0.147500 3.873142 0.132761
 0.150000 3.873456 0.285406
 0.152500 3.874100 0.378641
 0.155000 3.874766 0.265814
 0.157500 3.874771 -0.141591
 0.160000 3.873348 -0.868914
 0.162500 3.869764 -1.850234
 0.165000 3.863557 -2.948356
 0.167500 3.854624 -4.003707
 0.170000 3.843230 -4.897463
 0.172500 3.829878 -5.566617
 0.175000 3.815117 -6.027986
 0.177500 3.799382 -6.359102
 0.180000 3.782887 -6.657546
 0.182500 3.765594 -7.008755
 0.185000 3.747312 -7.453931
 0.187500 3.727797 -7.986960
 0.190000 3.706894 -8.552898
 0.192500 3.684611 -9.080910
 0.195000 3.661129 -9.494085
 0.197500 3.636808 -9.751274
 0.200000 3.612039 -9.852168
 0.202500 3.587170 -9.829536
 0.205000 3.562439 -9.754487
 0.207500 3.537906 -9.689300
 0.210000 3.513478 -9.681085
 0.212500 3.488968 -9.754594
 0.215000 3.464142 -9.928921
 0.217500 3.438744 -10.215854
 0.220000 3.412481 -10.626611
 0.222500 3.385019 -11.181201
 0.225000 3.355978 -11.885588
 0.227500 3.324986 -12.734709
 0.230000 3.291726 -13.693304
 0.232500 3.255995 -14.695382
 0.235000 3.217784 -15.673278
 0.237500 3.177235 -16.557833
 0.240000 3.134634 -17.315917
 0.242500 3.090295 -17.946888
 0.245000 3.044495 -18.486649
 0.247500 2.997408 -18.991662
 0.250000 2.949062 -19.498193
 0.252500 2.899420 -20.023985
 0.255000 2.848458 -20.551020
 0.257500 2.796223 -21.034780
 0.260000 2.742886 -21.424627
 0.262500 2.688741 -21.679217
 0.265000 2.634142 -21.791111
 0.267500 2.579419 -21.782692
 0.270000 2.524804 -21.714446
 0.272500 2.470376 -21.646540
 0.275000 2.416069 -21.622050
 0.277500 2.361754 -21.661605
 0.280000 2.307282 -21.739726
 0.282500 2.252606 -21.824007
 0.285000 2.197768 -21.859782
 0.287500 2.142947 -21.809986
 0.290000 2.088373 -21.657331
 0.292500 2.034320 -21.404756
 0.295000 1.981012 -21.065147
 0.297500 1.928645 -20.655384
 0.300000 1.877374 -20.193239
 0.302500 1.827330 -19.679559
 0.305000 1.778639 -19.113832
 0.307500 1.731437 -18.493825
 0.310000 1.685851 -17.821366
 0.312500 1.641997 -17.113085
 0.315000 1.599938 -16.394041
 0.317500 1.559661 -15.699309
 0.320000 1.521055 -15.062343
 0.322500 1.483941 -14.515505
 0.325000 1.448062 -14.081746
 0.327500 1.413125 -13.762194
 0.330000 1.378854 -13.549785
 0.332500 1.345007 -13.420566
 0.335000 1.311412 -13.343748
 0.337500 1.277983 -13.291491
 0.340000 1.244689 -13.231622
 0.342500 1.211582 -13.144465
 0.345000 1.178742 -13.014888
 0.347500 1.146285 -12.846277
 0.350000 1.114306 -12.635019
 0.352500 1.082905 -12.387177
 0.355000 1.052174 -12.100221
 0.357500 1.022219 -11.760402
 0.360000 0.993197 -11.358548
 0.362500 0.965279 -10.877436
 0.365000 0.938659 -10.320858
 0.367500 0.913503 -9.722220
 0.370000 0.889846 -9.129296
 0.372500 0.867600 -8.607103
 0.375000 0.846509 -8.209084
 0.377500 0.826232 -7.967746
 0.380000 0.806372 -7.868528
 0.382500 0.786620 -7.874283
 0.385000 0.766786 -7.926384
 0.387500 0.746834 -7.963365
 0.390000 0.726862 -7.937492
 0.392500 0.707061 -7.824709
 0.395000 0.687651 -7.631019
 0.397500 0.668801 -7.383605
 0.400000 0.650593 -7.120992
 0.402500 0.633023 -6.888843
 0.405000 0.615971 -6.711690
 0.407500 0.599286 -6.595512
 0.410000 0.582828 -6.527037
 0.412500 0.566509 -6.476746
 0.415000 0.550323 -6.416979
 0.417500 0.534323 -6.329220
 0.420000 0.518587 -6.204872
 0.422500 0.503201 -6.053316
 0.425000 0.488219 -5.886270
 0.427500 0.473663 -5.712484
 0.430000 0.459544 -5.541934
 0.432500 0.445846 -5.377767
 0.435000 0.432546 -5.221634
 0.437500 0.419626 -5.079553
 0.440000 0.407045 -4.949300
 0.442500 0.394778 -4.828660
 0.445000 0.382807 -4.709625
 0.447500 0.371142 -4.583743
 0.450000 0.359808 -4.443743
 0.452500 0.348844 -4.294412
 0.455000 0.338257 -4.145787
 0.457500 0.328024 -4.016175
 0.460000 0.318074 -3.919657
 0.462500 0.308314 -3.864191
 0.465000 0.298647 -3.843618
 0.467500 0.289013 -3.834822
 0.470000 0.279419 -3.806699
 0.472500 0.269950 -3.731138
 0.475000 0.260749 -3.592932
 0.477500 0.251974 -3.394944
 0.480000 0.243744 -3.160848
 0.482500 0.236106 -2.931149
 0.485000 0.228995 -2.744804
 0.487500 0.222264 -2.631931
 0.490000 0.215714 -2.599979
 0.492500 0.209156 -2.633414
 0.495000 0.202469 -2.698539
 0.497500 0.195621 -2.754833
 0.500000 0.188682 -2.767541
 0.502500 0.181787 -2.718282
 0.505000 0.175097 -2.607783
 0.507500 0.168741 -2.453382
 0.510000 0.162795 -2.286035
 0.512500 0.157256 -2.133845
 0.515000 0.152056 -2.017878
 0.517500 0.147093 -1.945127
 0.520000 0.142265 -1.907991
 0.522500 0.137506 -1.888180
 0.525000 0.132795 -1.864392
 0.527500 0.128166 -1.820223
 0.530000 0.123681 -1.748859
 0.532500 0.119409 -1.653719
 0.535000 0.115395 -1.544442
 0.537500 0.111658 -1.434606
 0.540000 0.108180 -1.337752
 0.542500 0.104922 -1.263334
 0.545000 0.101820 -1.213101
 0.547500 0.098815 -1.184152
 0.550000 0.095862 -1.170246
 0.552500 0.092936 -1.162729
 0.555000 0.090030 -1.152198
 0.557500 0.087160 -1.133823
 0.560000 0.084347 -1.105809
 0.562500 0.081615 -1.071064
 0.565000 0.078972 -1.034020
 0.567500 0.076422 -0.999894
 0.570000 0.073954 -0.968710
 0.572500 0.071561 -0.937998
 0.575000 0.069250 -0.904301
 0.577500 0.067029 -0.863503
 0.580000 0.064920 -0.816717
 0.582500 0.062933 -0.767337
 0.585000 0.061065 -0.721156
 0.587500 0.059305 -0.684098
 0.590000 0.057622 -0.657132
 0.592500 0.055994 -0.640502
 0.595000 0.054399 -0.630699
 0.597500 0.052824 -0.624702
 0.600000 0.051261 -0.621282
 0.602500 0.049703 -0.621875
 0.605000 0.048135 -0.629179
 0.607500 0.046538 -0.645108
 0.610000 0.044891 -0.668983
 0.612500 0.043179 -0.697061
 0.615000 0.041398 -0.722124
 0.617500 0.039566 -0.736511
 0.620000 0.037720 -0.733068
 0.622500 0.035911 -0.707883
 0.625000 0.034190 -0.661099
 0.627500 0.032608 -0.598975
 0.630000 0.031190 -0.530978
 0.632500 0.029939 -0.468611
 0.635000 0.028825 -0.422376
 0.637500 0.027800 -0.399286
 0.640000 0.026800 -0.400611
 0.642500 0.025770 -0.423191
 0.645000 0.024665 -0.458622
 0.647500 0.023468 -0.495260
 0.650000 0.022190 -0.522757
 0.652500 0.020864 -0.531904
 0.655000 0.019542 -0.519527
 0.657500 0.018277 -0.486430
 0.660000 0.017116 -0.437781
 0.662500 0.016091 -0.379588
 0.665000 0.015218 -0.316649
 0.667500 0.014505 -0.252583
 0.670000 0.013950 -0.188894
 0.672500 0.013553 -0.128020
 0.675000 0.013301 -0.072480
 0.677500 0.013178 -0.027213
 0.680000 0.013147 0.001703
 0.682500 0.013163 0.008163
 0.685000 0.013163 -0.009643
 0.687500 0.013090 -0.050467
 0.690000 0.012895 -0.106577
 0.692500 0.012551 -0.167429
 0.695000 0.012060 -0.222093
 0.697500 0.011450 -0.262007
 0.700000 0.010764 -0.282457
 0.702500 0.010051 -0.284011
 0.705000 0.009354 -0.270344
 0.707500 0.008706 -0.246409
 0.710000 0.008125 -0.216681
 0.712500 0.007622 -0.185316
 0.715000 0.007197 -0.154473
 0.717500 0.006845 -0.126369
 0.720000 0.006559 -0.103043
 0.722500 0.006323 -0.086532
 0.725000 0.006118 -0.077531
 0.727500 0.005926 -0.076422
 0.730000 0.005728 -0.081294
 0.732500 0.005513 -0.090279
 0.735000 0.005274 -0.099876
 0.737500 0.005013 -0.107616
 0.740000 0.004738 -0.111471
 0.742500 0.004458 -0.110668
 0.745000 0.004187 -0.105364
 0.747500 0.003934 -0.096518
 0.750000 0.003705 -0.085407
 0.752500 0.003506 -0.073385
 0.755000 0.003337 -0.061075
 0.757500 0.003200 -0.048847
 0.760000 0.003093 -0.036397
 0.762500 0.003017 -0.023743
 0.765000 0.002973 -0.011223
 0.767500 0.002958 0.000186
 0.770000 0.002970 0.008791
 0.772500 0.002998 0.012972
 0.775000 0.003029 0.011016
 0.777500 0.003046 0.002435
 0.780000 0.003035 -0.012517
 0.782500 0.002980 -0.031711
 0.785000 0.002875 -0.051684
 0.787500 0.002723 -0.068959
 0.790000 0.002535 -0.080443
 0.792500 0.002326 -0.084752
 0.795000 0.002116 -0.082043
 0.797500 0.001920 -0.074058
 0.800000 0.001747 -0.063610
 0.802500 0.001602 -0.052933
 0.805000 0.001481 -0.043870
 0.807500 0.001380 -0.037006
 0.810000 0.001293 -0.032303
 0.812500 0.001217 -0.029329
 0.815000 0.001145 -0.027600
 0.817500 0.001077 -0.027019
 0.820000 0.001009 -0.027470
 0.822500 0.000939 -0.028521
 0.825000 0.000865 -0.030016
 0.827500 0.000788 -0.031074
 0.830000 0.000710 -0.031022
 0.832500 0.000635 -0.029212
 0.835000 0.000566 -0.025333
 0.837500 0.000509 -0.019883
 0.840000 0.000467 -0.013523
 0.842500 0.000441 -0.007442
 0.845000 0.000428 -0.002853
 0.847500 0.000424 -0.000683
 0.850000 0.000422 -0.001443
 0.852500 0.000415 -0.004521
 0.855000 0.000398 -0.008790
 0.857500 0.000371 -0.012737
 0.860000 0.000336 -0.015151
 0.862500 0.000297 -0.015180
 0.865000 0.000261 -0.012828
 0.867500 0.000234 -0.008792
 0.870000 0.000218 -0.004244
 0.872500 0.000212 -0.000289
 0.875000 0.000215 0.002203
 0.877500 0.000222 0.002873
 0.880000 0.000228 0.001930
 0.882500 0.000230 -0.000130
 0.885000 0.000227 -0.002697
 0.887500 0.000217 -0.005238
 0.890000 0.000201 -0.007351
 0.892500 0.000180 -0.008970
 0.895000 0.000157 -0.009902
 0.897500 0.000131 -0.010245
 0.900000 0.000106 -0.009960
 0.902500 0.000082 -0.009131
 0.905000 0.000061 -0.007889
 0.907500 0.000043 -0.006412
 0.910000 0.000029 -0.004892
 0.912500 0.000018 -0.003499
 0.915000 0.000011 -0.002344
 0.917500 0.000006 -0.001454
 0.920000 0.000003 -0.000855
 0.922500 0.000002 -0.000457
 0.925000 0.000001 -0.000237
 0.927500 0.000000 -0.000114
 0.930000 0.000000 -0.000052
 0.932500 0.000000 0.000000
 0.935000 0.000000 0.000000
 0.937500 0.000000 0.000000
 0.940000 0.000000 0.000000
 0.942500 0.000000 0.000000
 0.945000 0.000000 0.000000
 0.947500 0.000000 0.000000
 0.950000 0.000000 0.000000
 0.952500 0.000000 0.000000
 0.955000 0.000000 0.000000
 0.957500 0.000000 0.000000
 0.960000 0.000000 0.000000
 0.962500 0.000000 0.000000
 0.965000 0.000000 0.000000
 0.967500 0.000000 0.000000
 0.970000 0.000000 0.000000
 0.972500 0.000000 0.000000
 0.975000 0.000000 0.000000
 0.977500 0.000000 0.000000
 0.980000 0.000000 0.000000
 0.982500 0.000000 0.000000
 0.985000 0.000000 0.000000
 0.987500 0.000000 0.000000
 0.990000 0.000000 0.000000
 0.992500 0.000000 0.000000
 0.995000 0.000000 0.000000
 0.997500 0.000000 0.000000
 1.000000 0.000000 0.000000
 1.002500 0.000000 0.000000
 1.005000 0.000000 0.000000
 1.007500 0.000000 0.000000
 1.010000 0.000000 0.000000
 1.012500 0.000000 0.000000
 1.015000 0.000000 0.000000
 1.017500 0.000000 0.000000
 1.020000 0.000000 0.000000
 1.022500 0.000000 0.000000
 1.025000 0.000000 0.000000
 1.027500 0.000000 0.000000
 1.030000 0.000000 0.000000
 1.032500 0.000000 0.000000
 1.035000 0.000000 0.000000
 1.037500 0.000000 0.000000
 1.040000 0.000000 0.000000
 1.042500 0.000000 0.000000
 1.045000 0.000000 0.000000
 1.047500 0.000000 0.000000
 1.050000 0.000000 0.000000
 1.052500 0.000000 0.000000
 1.055000 0.000000 0.000000
 1.057500 0.000000 0.000000
 1.060000 0.000000 0.000000
 1.062500 0.000000 0.000000
 1.065000 0.000000 0.000000
 1.067500 0.000000 0.000000
 1.070000 0.000000 0.000000
 1.072500 0.000000 0.000000
 1.075000 0.000000 0.000000
 1.077500 0.000000 0.000000
 1.080000 0.000000 0.000000
 1.082500 0.000000 0.000000
 1.085000 0.000000 0.000000
 1.087500 0.000000 0.000000
 1.090000 0.000000 0.000000
 1.092500 0.000000 0.000000
 1.095000 0.000000 0.000000
 1.097500 0.000000 0.000000
 1.100000 0.000000 0.000000
 1.102500 0.000000 0.000000
 1.105000 0.000000 0.000000
 1.107500 0.000000 0.000000
 1.110000 0.000000 0.000000
 1.112500 0.000000 0.000000
 1.115000 0.000000 0.000000
 1.117500 0.000000 0.000000
 1.120000 0.000000 0.000000
 1.122500 0.000000 0.000000
 1.125000 0.000000 0.000000
 1.127500 0.000000 0.000000
 1.130000 0.000000 0.000000
 1.132500 0.000000 0.000000
 1.135000 0.000000 0.000000
 1.137500 0.000000 0.000000
 1.140000 0.000000 0.000000
 1.142500 0.000000 0.000000
 1.145000 0.000000 0.000000
 1.147500 0.000000 0.000000
 1.150000 0.000000 0.000000
 1.152500 0.000000 0.000000
 1.155000 0.000000 0.000000
 1.157500 0.000000 0.000000
 1.160000 0.000000 0.000000
 1.162500 0.000000 0.000000
 1.165000 0.000000 0.000000
 1.167500 0.000000 0.000000
 1.170000 0.000000 0.000000
 1.172500 0.000000 0.000000
 1.175000 0.000000 0.000000
 1.177500 0.000000 0.000000
 1.180000 0.000000 0.000000
 1.182500 0.000000 0.000000
 1.185000 0.000000 0.000000
 1.187500 0.000000 0.000000
 1.190000 0.000000 0.000000
 1.192500 0.000000 0.000000
 1.195000 0.000000 0.000000
 1.197500 0.000000 0.000000
 1.200000 0.000000 0.000000
 1.202500 0.000000 0.000000
 1.205000 0.000000 0.000000
 1.207500 0.000000 0.000000
 1.210000 0.000000 0.000000
 1.212500 0.000000 0.000000
 1.215000 0.000000 0.000000
 1.217500 0.000000 0.000000
 1.220000 0.000000 0.000000
 1.222500 0.000000 0.000000
 1.225000 0.000000 0.000000
 1.227500 0.000000 0.000000
 1.230000 0.000000 0.000000
 1.232500 0.000000 0.000000
 1.235000 0.000000 0.000000
 1.237500 0.000000 0.000000
 1.240000 0.000000 0.000000
 1.242500 0.000000 0.000000
 1.245000 0.000000 0.000000
 1.247500 0.000000 0.000000
 1.250000 0.000000 0.000000
 1.252500 0.000000 0.000000
 1.255000 0.000000 0.000000
 1.257500 0.000000 0.000000
 1.260000 0.000000 0.000000
 1.262500 0.000000 0.000000
 1.265000 0.000000 0.000000
 1.267500 0.000000 0.000000
 1.270000 0.000000 0.000000
 1.272500 0.000000 0.000000
 1.275000 0.000000 0.000000
 1.277500 0.000000 0.000000
 1.280000 0.000000 0.000000
 1.282500 0.000000 0.000000
 1.285000 0.000000 0.000000
 1.287500 0.000000 0.000000
 1.290000 0.000000 0.000000
 1.292500 0.000000 0.000000
 1.295000 0.000000 0.000000
 1.297500 0.000000 0.000000
 1.300000 0.000000 0.000000
 1.302500 0.000000 0.000000
 1.305000 0.000000 0.000000
 1.307500 0.000000 0.000000
 1.310000 0.000000 0.000000
 1.312500 0.000000 0.000000
 1.315000 0.000000 0.000000
 1.317500 0.000000 0.000000
 1.320000 0.000000 0.000000
 1.322500 0.000000 0.000000
 1.325000 0.000000 0.000000
 1.327500 0.000000 0.000000
 1.330000 0.000000 0.000000
 1.332500 0.000000 0.000000
 1.335000 0.000000 0.000000
 1.337500 0.000000 0.000000
 1.340000 0.000000 0.000000
 1.342500 0.000000 0.000000
 1.345000 0.000000 0.000000
 1.347500 0.000000 0.000000
 1.350000 0.000000 0.000000
 1.352500 0.000000 0.000000
 1.355000 0.000000 0.000000
 1.357500 0.000000 0.000000
 1.360000 0.000000 0.000000
 1.362500 0.000000 0.000000
 1.365000 0.000000 0.000000
 1.367500 0.000000 0.000000
 1.370000 0.000000 0.000000
 1.372500 0.000000 0.000000
 1.375000 0.000000 0.000000
 1.377500 0.000000 0.000000
 1.380000 0.000000 0.000000
 1.382500 0.000000 0.000000
 1.385000 0.000000 0.000000
 1.387500 0.000000 0.000000
 1.390000 0.000000 0.000000
 1.392500 0.000000 0.000000
 1.395000 0.000000 0.000000
 1.397500 0.000000 0.000000
 1.400000 0.000000 0.000000
 1.402500 0.000000 0.000000
 1.405000 0.000000 0.000000
 1.407500 0.000000 0.000000
 1.410000 0.000000 0.000000
 1.412500 0.000000 0.000000
 1.415000 0.000000 0.000000
 1.417500 0.000000 0.000000
 1.420000 0.000000 0.000000
 1.422500 0.000000 0.000000
 1.425000 0.000000 0.000000
 1.427500 0.000000 0.000000
 1.430000 0.000000 0.000000
 1.432500 0.000000 0.000000
 1.435000 0.000000 0.000000
 1.437500 0.000000 0.000000
 1.440000 0.000000 0.000000
 1.442500 0.000000 0.000000
 1.445000 0.000000 0.000000
 1.447500 0.000000 0.000000
 1.450000 0.000000 0.000000
 1.452500 0.000000 0.000000
 1.455000 0.000000 0.000000
 1.457500 0.000000 0.000000
 1.460000 0.000000 0.000000
 1.462500 0.000000 0.000000
 1.465000 0.000000 0.000000
 1.467500 0.000000 0.000000
 1.470000 0.000000 0.000000
 1.472500 0.000000 0.000000
 1.475000 0.000000 0.000000
 1.477500 0.000000 0.000000
 1.480000 0.000000 0.000000
 1.482500 0.000000 0.000000
 1.485000 0.000000 0.000000
 1.487500 0.000000 0.000000
 1.490000 0.000000 0.000000
 1.492500 0.000000 0.000000
 1.495000 0.000000 0.000000
 1.497500 0.000000 0.000000
 1.500000 0.000000 0.000000
 1.502500 0.000000 0.000000
 1.505000 0.000000 0.000000
 1.507500 0.000000 0.000000
 1.510000 0.000000 0.000000
 1.512500 0.000000 0.000000
 1.515000 0.000000 0.000000
 1.517500 0.000000 0.000000
 1.520000 0.000000 0.000000
 1.522500 0.000000 0.000000
 1.525000 0.000000 0.000000
 1.527500 0.000000 0.000000
 1.530000 0.000000 0.000000
 1.532500 0.000000 0.000000
 1.535000 0.000000 0.000000
 1.537500 0.000000 0.000000
 1.540000 0.000000 0.000000
 1.542500 0.000000 0.000000
 1.545000 0.000000 0.000000
 1.547500 0.000000 0.000000
 1.550000 0.000000 0.000000
 1.552500 0.000000 0.000000
 1.555000 0.000000 0.000000
 1.557500 0.000000 0.000000
 1.560000 0.000000 0.000000
 1.562500 0.000000 0.000000
 1.565000 0.000000 0.000000
 1.567500 0.000000 0.000000
 1.570000 0.000000 0.000000
 1.572500 0.000000 0.000000
 1.575000 0.000000 0.000000
 1.577500 0.000000 0.000000
 1.580000 0.000000 0.000000
 1.582500 0.000000 0.000000
 1.585000 0.000000 0.000000
 1.587500 0.000000 0.000000
 1.590000 0.000000 0.000000
 1.592500 0.000000 0.000000
 1.595000 0.000000 0.000000
 1.597500 0.000000 0.000000
 1.600000 0.000000 0.000000
 1.602500 0.000000 0.000000
 1.605000 0.000000 0.000000
 1.607500 0.000000 0.000000
 1.610000 0.000000 0.000000
 1.612500 0.000000 0.000000
 1.615000 0.000000 0.000000
 1.617500 0.000000 0.000000
 1.620000 0.000000 0.000000
 1.622500 0.000000 0.000000
 1.625000 0.000000 0.000000
 1.627500 0.000000 0.000000
 1.630000 0.000000 0.000000
 1.632500 0.000000 0.000000
 1.635000 0.000000 0.000000
 1.637500 0.000000 0.000000
 1.640000 0.000000 0.000000
 1.642500 0.000000 0.000000
 1.645000 0.000000 0.000000
 1.647500 0.000000 0.000000
 1.650000 0.000000 0.000000
 1.652500 0.000000 0.000000
 1.655000 0.000000 0.000000
 1.657500 0.000000 0.000000
 1.660000 0.000000 0.000000
 1.662500 0.000000 0.000000
 1.665000 0.000000 0.000000
 1.667500 0.000000 0.000000
 1.670000 0.000000 0.000000
 1.672500 0.000000 0.000000
 1.675000 0.000000 0.000000
 1.677500 0.000000 0.000000
 1.680000 0.000000 0.000000
 1.682500 0.000000 0.000000
 1.685000 0.000000 0.000000
 1.687500 0.000000 0.000000
 1.690000 0.000000 0.000000
 1.692500 0.000000 0.000000
 1.695000 0.000000 0.000000
 1.697500 0.000000 0.000000
 1.700000 0.000000 0.000000
 1.702500 0.000000 0.000000
 1.705000 0.000000 0.000000
 1.707500 0.000000 0.000000
 1.710000 0.000000 0.000000
 1.712500 0.000000 0.000000
 1.715000 0.000000 0.000000
 1.717500 0.000000 0.000000
 1.720000 0.000000 0.000000
 1.722500 0.000000 0.000000
 1.725000 0.000000 0.000000
 1.727500 0.000000 0.000000
 1.730000 0.000000 0.000000
 1.732500 0.000000 0.000000
 1.735000 0.000000 0.000000
 1.737500 0.000000 0.000000
 1.740000 0.000000 0.000000
 1.742500 0.000000 0.000000
 1.745000 0.000000 0.000000
 1.747500 0.000000 0.000000
 1.750000 0.000000 0.000000
 1.752500 0.000000 0.000000
 1.755000 0.000000 0.000000
 1.757500 0.000000 0.000000
 1.760000 0.000000 0.000000
 1.762500 0.000000 0.000000
 1.765000 0.000000 0.000000
 1.767500 0.000000 0.000000
 1.770000 0.000000 0.000000
 1.772500 0.000000 0.000000
 1.775000 0.000000 0.000000
 1.777500 0.000000 0.000000
 1.780000 0.000000 0.000000
 1.782500 0.000000 0.000000
 1.785000 0.000000 0.000000
 1.787500 0.000000 0.000000
 1.790000 0.000000 0.000000
 1.792500 0.000000 0.000000
 1.795000 0.000000 0.000000
 1.797500 0.000000 0.000000
 1.800000 0.000000 0.000000
 1.802500 0.000000 0.000000
 1.805000 0.000000 0.000000
 1.807500 0.000000 0.000000
 1.810000 0.000000 0.000000
 1.812500 0.000000 0.000000
 1.815000 0.000000 0.000000
 1.817500 0.000000 0.000000
 1.820000 0.000000 0.000000
 1.822500 0.000000 0.000000
 1.825000 0.000000 0.000000
 1.827500 0.000000 0.000000
 1.830000 0.000000 0.000000
 1.832500 0.000000 0.000000
 1.835000 0.000000 0.000000
 1.837500 0.000000 0.000000
 1.840000 0.000000 0.000000
 1.842500 0.000000 0.000000
 1.845000 0.000000 0.000000
 1.847500 0.000000 0.000000
 1.850000 0.000000 0.000000
 1.852500 0.000000 0.000000
 1.855000 0.000000 0.000000
 1.857500 0.000000 0.000000
 1.860000 0.000000 0.000000
 1.862500 0.000000 0.000000
 1.865000 0.000000 0.000000
 1.867500 0.000000 0.000000
 1.870000 0.000000 0.000000
 1.872500 0.000000 0.000000
 1.875000 0.000000 0.000000
 1.877500 0.000000 0.000000
 1.880000 0.000000 0.000000
 1.882500 0.000000 0.000000
 1.885000 0.000000 0.000000
 1.887500 0.000000 0.000000
 1.890000 0.000000 0.000000
 1.892500 0.000000 0.000000
 1.895000 0.000000 0.000000
 1.897500 0.000000 0.000000
 1.900000 0.000000 0.000000
 1.902500 0.000000 0.000000
 1.905000 0.000000 0.000000
 1.907500 0.000000 0.000000
 1.910000 0.000000 0.000000
 1.912500 0.000000 0.000000
 1.915000 0.000000 0.000000
 1.917500 0.000000 0.000000
 1.920000 0.000000 0.000000
 1.922500 0.000000 0.000000
 1.925000 0.000000 0.000000
 1.927500 0.000000 0.000000
 1.930000 0.000000 0.000000
 1.932500 0.000000 0.000000
 1.935000 0.000000 0.000000
 1.937500 0.000000 0.000000
 1.940000 0.000000 0.000000
 1.942500 0.000000 0.000000
 1.945000 0.000000 0.000000
 1.947500 0.000000 0.000000
 1.950000 0.000000 0.000000
 1.952500 0.000000 0.000000
 1.955000 0.000000 0.000000
 1.957500 0.000000 0.000000
 1.960000 0.000000 0.000000
 1.962500 0.000000 0.000000
 1.965000 0.000000 0.000000
 1.967500 0.000000 0.000000
 1.970000 0.000000 0.000000
 1.972500 0.000000 0.000000
 1.975000 0.000000 0.000000
 1.977500 0.000000 0.000000
 1.980000 0.000000 0.000000
 1.982500 0.000000 0.000000
 1.985000 0.000000 0.000000
 1.987500 0.000000 0.000000
 1.990000 0.000000 0.000000
 1.992500 0.000000 0.000000
 1.995000 0.000000 0.000000
 1.997500 0.000000 0.000000
 2.000000 0.000000 0.000000
