#! FIELDS es hh dhh_es
#! SET normalisation  2000.000000
#! SET min_es -0.5
#! SET max_es 2
#! SET nbins_es  1000
#! SET periodic_es false
 -0.500000 0.000000 0.000000
 -0.497500 0.000000 0.000000
 -0.495000 0.000000 0.000000
 -0.492500 0.000000 0.000000
 -0.490000 0.000000 0.000000
 -0.487500 0.000000 0.000000
 -0.485000 0.000000 0.000000
 -0.482500 0.000000 0.000000
 -0.480000 0.000000 0.000000
 -0.477500 0.000000 0.000000
 -0.475000 0.000000 0.000000
 -0.472500 0.000000 0.000000
 -0.470000 0.000000 0.000000
 -0.467500 0.000000 0.000000
 -0.465000 0.000000 0.000000
 -0.462500 0.000000 0.000000
 -0.460000 0.000000 0.000000
 -0.457500 0.000000 0.000000
 -0.455000 0.000000 0.000000
 -0.452500 0.000000 0.000000
 -0.450000 0.000000 0.000000
 -0.447500 0.000000 0.000000
 -0.445000 0.000000 0.000000
 -0.442500 0.000000 0.000000
 -0.440000 0.000000 0.000000
 -0.437500 0.000000 0.000000
 -0.435000 0.000000 0.000000
 -0.432500 0.000000 0.000000
 -0.430000 0.000000 0.000000
 -0.427500 0.000000 0.000000
 -0.425000 0.000000 0.000000
 -0.422500 0.000000 0.000000
 -0.420000 0.000000 0.000000
 -0.417500 0.000000 0.000000
 -0.415000 0.000000 0.000000
 -0.412500 0.000000 0.000000
 -0.410000 0.000000 0.000000
 -0.407500 0.000000 0.000000
 -0.405000 0.000000 0.000000
 -0.402500 0.000000 0.000000
 -0.400000 0.000000 0.000000
 -0.397500 0.000000 0.000000
 -0.395000 0.000000 0.000000
 -0.392500 0.000000 0.000000
 -0.390000 0.000000 0.000000
 -0.387500 0.000000 0.000000
 -0.385000 0.000000 0.000000
 -0.382500 0.000000 0.000000
 -0.380000 0.000000 0.000000
 -0.377500 0.000000 0.000000
 -0.375000 0.000000 0.000000
 -0.372500 0.000000 0.000000
 -0.370000 0.000000 0.000000
 -0.367500 0.000000 0.000000
 -0.365000 0.000000 0.000000
 -0.362500 0.000000 0.000000
 -0.360000 0.000000 0.000000
 -0.357500 0.000000 0.000000
 -0.355000 0.000000 0.000000
 -0.352500 0.000000 0.000000
 -0.350000 0.000000 0.000000
 -0.347500 0.000000 0.000000
 -0.345000 0.000000 0.000000
 -0.342500 0.000000 0.000000
 -0.340000 0.000000 0.000000
 -0.337500 0.000000 0.000000
 -0.335000 0.000000 0.000000
 -0.332500 0.000000 0.000000
 -0.330000 0.000000 0.000000
 -0.327500 0.000000 0.000000
 -0.325000 0.000000 0.000000
 -0.322500 0.000000 0.000000
 -0.320000 0.000000 0.000000
 -0.317500 0.000000 0.000000
 -0.315000 0.000000 0.000000
 -0.312500 0.000000 0.000000
 -0.310000 0.000000 0.000000
 -0.307500 0.000000 0.000000
 -0.305000 0.000000 0.000000
 -0.302500 0.000000 0.000000
 -0.300000 0.000000 0.000000
 -0.297500 0.000000 0.000000
 -0.295000 0.000000 0.000000
 -0.292500 0.000000 0.000000
 -0.290000 0.000000 0.000000
 -0.287500 0.000000 0.000000
 -0.285000 0.000000 0.000000
 -0.282500 0.000000 0.000000
 -0.280000 0.000000 0.000000
 -0.277500 0.000000 0.000000
 -0.275000 0.000000 0.000000
 -0.272500 0.000000 0.000000
 -0.270000 0.000000 0.000000
 -0.267500 0.000000 0.000000
 -0.265000 0.000000 0.000000
 -0.262500 0.000000 0.000000
 -0.260000 0.000000 0.000000
 -0.257500 0.000000 0.000000
 -0.255000 0.000000 0.000000
 -0.252500 0.000000 0.000000
 -0.250000 0.000000 0.000000
 -0.247500 0.000000 0.000000
 -0.245000 0.000000 0.000000
 -0.242500 0.000000 0.000000
 -0.240000 0.000000 0.000000
 -0.237500 0.000000 0.000000
 -0.235000 0.000000 0.000000
 -0.232500 0.000000 0.000000
 -0.230000 0.000000 0.000000
 -0.227500 0.000000 0.000000
 -0.225000 0.000000 0.000000
 -0.222500 0.000000 0.000000
 -0.220000 0.000000 0.000000
 -0.217500 0.000000 0.000000
 -0.215000 0.000000 0.000000
 -0.212500 0.000000 0.000000
 -0.210000 0.000000 0.000000
 -0.207500 0.000000 0.000000
 -0.205000 0.000000 0.000000
 -0.202500 0.000000 0.000000
 -0.200000 0.000000 0.000000
 -0.197500 0.000000 0.000000
 -0.195000 0.000000 0.000000
 -0.192500 0.000000 0.000000
 -0.190000 0.000000 0.000000
 -0.187500 0.000000 0.000000
 -0.185000 0.000000 0.000000
 -0.182500 0.000000 0.000000
 -0.180000 0.000000 0.000000
 -0.177500 0.000000 0.000000
 -0.175000 0.000000 0.000000
 -0.172500 0.000000 0.000000
 -0.170000 0.000000 0.000000
 -0.167500 0.000000 0.000000
 -0.165000 0.000000 0.000000
 -0.162500 0.000000 0.000000
 -0.160000 0.000000 0.000000
 -0.157500 0.000000 0.000000
 -0.155000 0.000000 0.000000
 -0.152500 0.000000 0.000000
 -0.150000 0.000000 0.000000
 -0.147500 0.000000 0.000000
 -0.145000 0.000000 0.000000
 -0.142500 0.000000 0.000000
 -0.140000 0.000000 0.000000
 -0.137500 0.000000 0.000000
 -0.135000 0.000000 0.000000
 -0.132500 0.000000 0.000000
 -0.130000 0.000000 0.000000
 -0.127500 0.000000 0.000000
 -0.125000 0.000000 0.000000
 -0.122500 0.000000 0.000000
 -0.120000 0.000000 0.000000
 -0.117500 0.000000 0.000000
 -0.115000 0.000000 0.000000
 -0.112500 0.000000 0.000000
 -0.110000 0.000000 0.000000
 -0.107500 0.000000 0.000000
 -0.105000 0.000000 0.000000
 -0.102500 0.000000 0.000000
 -0.100000 0.000000 0.000000
 -0.097500 0.000000 0.000000
 -0.095000 0.000000 0.000000
 -0.092500 0.000000 0.000000
 -0.090000 0.000000 0.000000
 -0.087500 0.000000 0.000000
 -0.085000 0.000000 0.000000
 -0.082500 0.000000 0.000000
 -0.080000 0.000000 0.000000
 -0.077500 0.000000 0.000000
 -0.075000 0.000000 0.000000
 -0.072500 0.000000 0.000000
 -0.070000 0.000000 0.000000
 -0.067500 0.000000 0.000000
 -0.065000 0.000000 0.000000
 -0.062500 0.000000 0.000000
 -0.060000 0.000000 0.000000
 -0.057500 0.000000 0.000000
 -0.055000 0.000000 0.000000
 -0.052500 0.000000 0.000000
 -0.050000 0.000000 0.000000
 -0.047500 0.000000 0.000000
 -0.045000 0.000000 0.000000
 -0.042500 0.000000 0.000000
 -0.040000 0.000000 0.000000
 -0.037500 0.000000 0.000000
 -0.035000 0.000000 0.000000
 -0.032500 0.000000 0.000000
 -0.030000 0.000000 0.000000
 -0.027500 0.000000 0.000000
 -0.025000 0.000000 0.000000
 -0.022500 0.000000 0.000000
 -0.020000 0.000000 0.000000
 -0.017500 0.000000 0.000000
 -0.015000 0.000000 0.000000
 -0.012500 0.000000 0.000000
 -0.010000 0.000000 0.000000
 -0.007500 0.000000 0.000000
 -0.005000 0.000000 0.000000
 -0.002500 0.000000 0.000000
 0.000000 0.000000 0.000000
 0.002500 0.000000 0.000000
 0.005000 0.000000 0.000000
 0.007500 0.000000 0.000000
 0.010000 0.000000 0.000000
 0.012500 0.000000 0.000000
 0.015000 0.000000 0.000000
 0.017500 0.000000 0.000000
 0.020000 0.000000 0.000000
 0.022500 0.000000 0.000000
 0.025000 0.000000 0.000000
 0.027500 0.000000 0.000000
 0.030000 0.000000 0.000000
 0.032500 0.000000 0.000000
 0.035000 0.000000 0.000000
 0.037500 0.000000 0.000000
 0.040000 0.000000 0.000000
 0.042500 0.000000 0.000000
 0.045000 0.000000 0.000000
 0.047500 0.000000 0.000000
 0.050000 0.000000 0.000000
 0.052500 0.000000 0.000000
 0.055000 0.000000 0.000000
 0.057500 0.000000 0.000000
 0.060000 0.000000 0.000000
 0.062500 0.000000 0.000000
 0.065000 0.000000 0.000000
 0.067500 0.000000 0.000000
 0.070000 0.000000 0.000000
 0.072500 0.000000 0.000000
 0.075000 0.000000 0.000000
 0.077500 0.000000 0.000000
 0.080000 0.000000 0.000000
 0.082500 0.000000 0.000000
 0.085000 0.000000 0.000000
 0.087500 0.000000 0.000000
 0.090000 0.000000 0.000000
 0.092500 0.000000 0.000000
 0.095000 0.000000 0.000000
 0.097500 0.000000 0.000000
 0.100000 0.000000 0.000000
 0.102500 0.000000 0.000000
 0.105000 0.000000 0.000000
 0.107500 0.000000 0.000000
 0.110000 0.000000 0.000000
 0.112500 0.000000 0.000000
 0.115000 0.000000 0.000000
 0.117500 0.000000 0.000000
 0.120000 0.000000 0.000000
 0.122500 0.000000 0.000000
 0.125000 0.000000 0.000000
 0.127500 0.000000 0.000000
 0.130000 0.000000 0.000000
 0.132500 0.000000 0.000000
 0.135000 0.000000 0.000000
 0.137500 0.000000 0.000000
 0.140000 0.000000 0.000000
 0.142500 0.000000 0.000000
 0.145000 0.000000 0.000000
 0.147500 0.000000 0.000000
 0.150000 0.000000 0.000041
 0.152500 0.000000 0.000097
 0.155000 0.000001 0.000231
 0.157500 0.000002 0.000485
 0.160000 0.000003 0.000974
 0.162500 0.000007 0.001813
 0.165000 0.000013 0.003146
 0.167500 0.000023 0.005106
 0.170000 0.000039 0.007797
 0.172500 0.000063 0.011099
 0.175000 0.000095 0.014789
 0.177500 0.000137 0.018516
 0.180000 0.000187 0.021698
 0.182500 0.000244 0.023893
 0.185000 0.000306 0.024951
 0.187500 0.000369 0.025075
 0.190000 0.000431 0.024745
 0.192500 0.000493 0.024913
 0.195000 0.000558 0.026706
 0.197500 0.000629 0.030947
 0.200000 0.000715 0.038295
 0.202500 0.000824 0.049060
 0.205000 0.000964 0.063016
 0.207500 0.001142 0.079797
 0.210000 0.001366 0.099043
 0.212500 0.001641 0.120520
 0.215000 0.001972 0.144040
 0.217500 0.002364 0.169800
 0.220000 0.002825 0.198244
 0.222500 0.003360 0.230062
 0.225000 0.003981 0.266462
 0.227500 0.004701 0.309347
 0.230000 0.005537 0.360654
 0.232500 0.006516 0.423196
 0.235000 0.007667 0.498263
 0.237500 0.009022 0.586552
 0.240000 0.010614 0.686509
 0.242500 0.012467 0.794296
 0.245000 0.014594 0.905414
 0.247500 0.016999 1.015117
 0.250000 0.019673 1.120490
 0.252500 0.022606 1.222333
 0.255000 0.025796 1.325960
 0.257500 0.029254 1.438950
 0.260000 0.033019 1.572662
 0.262500 0.037156 1.737884
 0.265000 0.041756 1.943210
 0.267500 0.046924 2.192891
 0.270000 0.052773 2.486943
 0.272500 0.059408 2.820802
 0.275000 0.066923 3.187969
 0.277500 0.075390 3.581088
 0.280000 0.084865 3.992881
 0.282500 0.095388 4.416337
 0.285000 0.106977 4.844254
 0.287500 0.119635 5.268893
 0.290000 0.133340 5.682271
 0.292500 0.148065 6.081774
 0.295000 0.163771 6.468774
 0.297500 0.180443 6.854979
 0.300000 0.198098 7.257746
 0.302500 0.216804 7.700052
 0.305000 0.236689 8.202487
 0.307500 0.257923 8.777356
 0.310000 0.280686 9.425435
 0.312500 0.305149 10.132533
 0.315000 0.331433 10.877589
 0.317500 0.359601 11.635431
 0.320000 0.389659 12.385446
 0.322500 0.421572 13.117713
 0.325000 0.455294 13.831179
 0.327500 0.490780 14.530398
 0.330000 0.528008 15.224912
 0.332500 0.566974 15.923186
 0.335000 0.607695 16.628978
 0.337500 0.650200 17.348322
 0.340000 0.694522 18.083745
 0.342500 0.740708 18.838627
 0.345000 0.788810 19.615445
 0.347500 0.838879 20.411914
 0.350000 0.890960 21.221448
 0.352500 0.945072 22.033887
 0.355000 1.001200 22.833102
 0.357500 1.059299 23.606791
 0.360000 1.119284 24.345771
 0.362500 1.181079 25.052516
 0.365000 1.244598 25.729610
 0.367500 1.309784 26.385465
 0.370000 1.376587 27.023071
 0.372500 1.444951 27.630988
 0.375000 1.514774 28.191428
 0.377500 1.585923 28.681790
 0.380000 1.658175 29.079162
 0.382500 1.731296 29.374261
 0.385000 1.805024 29.571296
 0.387500 1.879134 29.686722
 0.390000 1.953463 29.751250
 0.392500 2.027920 29.797084
 0.395000 2.102497 29.851699
 0.397500 2.177233 29.927679
 0.400000 2.252164 30.008227
 0.402500 2.327266 30.057673
 0.405000 2.402396 30.021717
 0.407500 2.477269 29.857827
 0.410000 2.551554 29.545922
 0.412500 2.624885 29.105691
 0.415000 2.697009 28.597744
 0.417500 2.767850 28.092394
 0.420000 2.837503 27.660442
 0.422500 2.906198 27.335930
 0.425000 2.974206 27.111120
 0.427500 3.041726 26.941801
 0.430000 3.108825 26.771702
 0.432500 3.175445 26.548791
 0.435000 3.241396 26.239238
 0.437500 3.306436 25.822341
 0.440000 3.370282 25.291119
 0.442500 3.432641 24.621854
 0.445000 3.493108 23.782911
 0.447500 3.551222 22.741142
 0.450000 3.606456 21.487860
 0.452500 3.658331 20.068223
 0.455000 3.706522 18.575178
 0.457500 3.751024 17.127432
 0.460000 3.792072 15.840453
 0.462500 3.830163 14.762497
 0.465000 3.865788 13.861514
 0.467500 3.899280 13.044630
 0.470000 3.930696 12.179804
 0.472500 3.959772 11.165168
 0.475000 3.986062 9.958873
 0.477500 4.009101 8.580606
 0.480000 4.028556 7.113423
 0.482500 4.044333 5.656714
 0.485000 4.056592 4.309647
 0.487500 4.065674 3.143921
 0.490000 4.072093 2.176576
 0.492500 4.076320 1.398443
 0.495000 4.078785 0.755300
 0.497500 4.079726 0.169064
 0.500000 4.079169 -0.461841
 0.502500 4.076888 -1.217791
 0.505000 4.072484 -2.170583
 0.507500 4.065435 -3.326314
 0.510000 4.055248 -4.655589
 0.512500 4.041585 -6.091300
 0.515000 4.024301 -7.541259
 0.517500 4.003465 -8.919699
 0.520000 3.979326 -10.165556
 0.522500 3.952268 -11.256700
 0.525000 3.922685 -12.185694
 0.527500 3.890969 -12.961862
 0.530000 3.857485 -13.599242
 0.532500 3.822564 -14.121099
 0.535000 3.786458 -14.543292
 0.537500 3.749387 -14.905982
 0.540000 3.711441 -15.236804
 0.542500 3.672669 -15.581705
 0.545000 3.632982 -15.965107
 0.547500 3.592258 -16.411571
 0.550000 3.550328 -16.929837
 0.552500 3.507013 -17.516668
 0.555000 3.462153 -18.164579
 0.557500 3.415627 -18.849234
 0.560000 3.367382 -19.537848
 0.562500 3.317448 -20.180120
 0.565000 3.266025 -20.726300
 0.567500 3.213410 -21.123652
 0.570000 3.160031 -21.341934
 0.572500 3.106338 -21.374541
 0.575000 3.052767 -21.250210
 0.577500 2.999651 -21.032538
 0.580000 2.947130 -20.777299
 0.582500 2.895221 -20.558741
 0.585000 2.843766 -20.416004
 0.587500 2.792545 -20.377246
 0.590000 2.741296 -20.442390
 0.592500 2.689765 -20.596774
 0.595000 2.637763 -20.818153
 0.597500 2.585153 -21.079810
 0.600000 2.531868 -21.350475
 0.602500 2.477931 -21.605801
 0.605000 2.423410 -21.820101
 0.607500 2.368422 -21.977150
 0.610000 2.313115 -22.075944
 0.612500 2.257638 -22.121018
 0.615000 2.202116 -22.113046
 0.617500 2.146682 -22.055805
 0.620000 2.091459 -21.942167
 0.622500 2.036604 -21.761997
 0.625000 1.982294 -21.503708
 0.627500 1.928744 -21.160448
 0.630000 1.876162 -20.730608
 0.632500 1.824757 -20.229430
 0.635000 1.774672 -19.674908
 0.637500 1.726002 -19.103022
 0.640000 1.678756 -18.551959
 0.642500 1.632842 -18.045360
 0.645000 1.588119 -17.599671
 0.647500 1.544435 -17.217136
 0.650000 1.501643 -16.889140
 0.652500 1.459620 -16.601608
 0.655000 1.418279 -16.347067
 0.657500 1.377536 -16.123287
 0.660000 1.337323 -15.929087
 0.662500 1.297565 -15.760080
 0.665000 1.258224 -15.596884
 0.667500 1.219310 -15.409511
 0.670000 1.180935 -15.169098
 0.672500 1.143252 -14.853967
 0.675000 1.106457 -14.466446
 0.677500 1.070704 -14.027265
 0.680000 1.036080 -13.574168
 0.682500 1.002572 -13.143300
 0.685000 0.970082 -12.760955
 0.687500 0.938481 -12.434121
 0.690000 0.907638 -12.155134
 0.692500 0.877459 -11.903351
 0.695000 0.847898 -11.660768
 0.697500 0.818947 -11.417188
 0.700000 0.790616 -11.165112
 0.702500 0.762925 -10.906955
 0.705000 0.735886 -10.646265
 0.707500 0.709507 -10.380149
 0.710000 0.683809 -10.105867
 0.712500 0.658820 -9.814932
 0.715000 0.634586 -9.503362
 0.717500 0.611157 -9.171315
 0.720000 0.588577 -8.827098
 0.722500 0.566866 -8.485566
 0.725000 0.545987 -8.161223
 0.727500 0.525880 -7.873181
 0.730000 0.506437 -7.634200
 0.732500 0.487527 -7.446187
 0.735000 0.469035 -7.305076
 0.737500 0.450852 -7.193773
 0.740000 0.432933 -7.095237
 0.742500 0.415267 -6.985696
 0.745000 0.397909 -6.849532
 0.747500 0.380941 -6.672202
 0.750000 0.364476 -6.450517
 0.752500 0.348622 -6.184684
 0.755000 0.333487 -5.879785
 0.757500 0.319153 -5.546215
 0.760000 0.305676 -5.196619
 0.762500 0.293078 -4.850415
 0.765000 0.281321 -4.526801
 0.767500 0.270323 -4.249835
 0.770000 0.259938 -4.037817
 0.772500 0.249988 -3.902982
 0.775000 0.240284 -3.844550
 0.777500 0.230650 -3.842121
 0.780000 0.220981 -3.867191
 0.782500 0.211252 -3.887586
 0.785000 0.201513 -3.870052
 0.787500 0.191889 -3.794493
 0.790000 0.182541 -3.651128
 0.792500 0.173632 -3.445396
 0.795000 0.165300 -3.193859
 0.797500 0.157631 -2.921078
 0.800000 0.150639 -2.656963
 0.802500 0.144270 -2.429308
 0.805000 0.138402 -2.258411
 0.807500 0.132877 -2.156908
 0.810000 0.127522 -2.121896
 0.812500 0.122186 -2.137062
 0.815000 0.116773 -2.179156
 0.817500 0.111252 -2.218907
 0.820000 0.105663 -2.232085
 0.822500 0.100092 -2.204248
 0.825000 0.094647 -2.131759
 0.827500 0.089431 -2.022996
 0.830000 0.084520 -1.894689
 0.832500 0.079934 -1.762270
 0.835000 0.075671 -1.643259
 0.837500 0.071678 -1.545342
 0.840000 0.067899 -1.472777
 0.842500 0.064272 -1.423464
 0.845000 0.060748 -1.389718
 0.847500 0.057295 -1.362918
 0.850000 0.053911 -1.334581
 0.852500 0.050609 -1.296920
 0.855000 0.047420 -1.245295
 0.857500 0.044377 -1.178732
 0.860000 0.041515 -1.101721
 0.862500 0.038856 -1.020303
 0.865000 0.036399 -0.939974
 0.867500 0.034136 -0.866468
 0.870000 0.032045 -0.802913
 0.872500 0.030102 -0.748293
 0.875000 0.028286 -0.699761
 0.877500 0.026588 -0.655799
 0.880000 0.024996 -0.613849
 0.882500 0.023505 -0.575137
 0.885000 0.022104 -0.542543
 0.887500 0.020776 -0.518033
 0.890000 0.019498 -0.501623
 0.892500 0.018255 -0.491122
 0.895000 0.017036 -0.480224
 0.897500 0.015851 -0.462575
 0.900000 0.014726 -0.433372
 0.902500 0.013691 -0.390619
 0.905000 0.012777 -0.337061
 0.907500 0.012004 -0.279064
 0.910000 0.011371 -0.226495
 0.912500 0.010855 -0.187039
 0.915000 0.010415 -0.166333
 0.917500 0.010003 -0.164753
 0.920000 0.009574 -0.178728
 0.922500 0.009098 -0.201665
 0.925000 0.008561 -0.226466
 0.927500 0.007967 -0.246915
 0.930000 0.007330 -0.259187
 0.932500 0.006674 -0.263042
 0.935000 0.006018 -0.259014
 0.937500 0.005381 -0.248699
 0.940000 0.004777 -0.233417
 0.942500 0.004215 -0.214200
 0.945000 0.003706 -0.191895
 0.947500 0.003256 -0.167652
 0.950000 0.002867 -0.143205
 0.952500 0.002537 -0.120489
 0.955000 0.002259 -0.101675
 0.957500 0.002022 -0.087723
 0.960000 0.001814 -0.078805
 0.962500 0.001623 -0.073731
 0.965000 0.001443 -0.070156
 0.967500 0.001272 -0.066136
 0.970000 0.001112 -0.060433
 0.972500 0.000969 -0.053111
 0.975000 0.000846 -0.044844
 0.977500 0.000744 -0.036886
 0.980000 0.000660 -0.030295
 0.982500 0.000590 -0.025789
 0.985000 0.000529 -0.023210
 0.987500 0.000472 -0.022137
 0.990000 0.000417 -0.021862
 0.992500 0.000363 -0.021694
 0.995000 0.000309 -0.021211
 0.997500 0.000257 -0.020096
 1.000000 0.000208 -0.018561
 1.002500 0.000164 -0.016604
 1.005000 0.000125 -0.014371
 1.007500 0.000092 -0.011955
 1.010000 0.000065 -0.009550
 1.012500 0.000044 -0.007273
 1.015000 0.000028 -0.005215
 1.017500 0.000018 -0.003582
 1.020000 0.000010 -0.002318
 1.022500 0.000006 -0.001397
 1.025000 0.000003 -0.000778
 1.027500 0.000001 -0.000406
 1.030000 0.000001 -0.000208
 1.032500 0.000000 -0.000099
 1.035000 0.000000 -0.000044
 1.037500 0.000000 0.000000
 1.040000 0.000000 0.000000
 1.042500 0.000000 0.000000
 1.045000 0.000000 0.000000
 1.047500 0.000000 0.000000
 1.050000 0.000000 0.000000
 1.052500 0.000000 0.000000
 1.055000 0.000000 0.000000
 1.057500 0.000000 0.000000
 1.060000 0.000000 0.000000
 1.062500 0.000000 0.000000
 1.065000 0.000000 0.000000
 1.067500 0.000000 0.000000
 1.070000 0.000000 0.000000
 1.072500 0.000000 0.000000
 1.075000 0.000000 0.000000
 1.077500 0.000000 0.000000
 1.080000 0.000000 0.000000
 1.082500 0.000000 0.000000
 1.085000 0.000000 0.000000
 1.087500 0.000000 0.000000
 1.090000 0.000000 0.000000
 1.092500 0.000000 0.000000
 1.095000 0.000000 0.000000
 1.097500 0.000000 0.000000
 1.100000 0.000000 0.000000
 1.102500 0.000000 0.000000
 1.105000 0.000000 0.000000
 1.107500 0.000000 0.000000
 1.110000 0.000000 0.000000
 1.112500 0.000000 0.000000
 1.115000 0.000000 0.000000
 1.117500 0.000000 0.000000
 1.120000 0.000000 0.000000
 1.122500 0.000000 0.000000
 1.125000 0.000000 0.000000
 1.127500 0.000000 0.000000
 1.130000 0.000000 0.000000
 1.132500 0.000000 0.000000
 1.135000 0.000000 0.000000
 1.137500 0.000000 0.000000
 1.140000 0.000000 0.000000
 1.142500 0.000000 0.000000
 1.145000 0.000000 0.000000
 1.147500 0.000000 0.000000
 1.150000 0.000000 0.000000
 1.152500 0.000000 0.000000
 1.155000 0.000000 0.000000
 1.157500 0.000000 0.000000
 1.160000 0.000000 0.000000
 1.162500 0.000000 0.000000
 1.165000 0.000000 0.000000
 1.167500 0.000000 0.000000
 1.170000 0.000000 0.000000
 1.172500 0.000000 0.000000
 1.175000 0.000000 0.000000
 1.177500 0.000000 0.000000
 1.180000 0.000000 0.000000
 1.182500 0.000000 0.000000
 1.185000 0.000000 0.000000
 1.187500 0.000000 0.000000
 1.190000 0.000000 0.000000
 1.192500 0.000000 0.000000
 1.195000 0.000000 0.000000
 1.197500 0.000000 0.000000
 1.200000 0.000000 0.000000
 1.202500 0.000000 0.000000
 1.205000 0.000000 0.000000
 1.207500 0.000000 0.000000
 1.210000 0.000000 0.000000
 1.212500 0.000000 0.000000
 1.215000 0.000000 0.000000
 1.217500 0.000000 0.000000
 1.220000 0.000000 0.000000
 1.222500 0.000000 0.000000
 1.225000 0.000000 0.000000
 1.227500 0.000000 0.000000
 1.230000 0.000000 0.000000
 1.232500 0.000000 0.000000
 1.235000 0.000000 0.000000
 1.237500 0.000000 0.000000
 1.240000 0.000000 0.000000
 1.242500 0.000000 0.000000
 1.245000 0.000000 0.000000
 1.247500 0.000000 0.000000
 1.250000 0.000000 0.000000
 1.252500 0.000000 0.000000
 1.255000 0.000000 0.000000
 1.257500 0.000000 0.000000
 1.260000 0.000000 0.000000
 1.262500 0.000000 0.000000
 1.265000 0.000000 0.000000
 1.267500 0.000000 0.000000
 1.270000 0.000000 0.000000
 1.272500 0.000000 0.000000
 1.275000 0.000000 0.000000
 1.277500 0.000000 0.000000
 1.280000 0.000000 0.000000
 1.282500 0.000000 0.000000
 1.285000 0.000000 0.000000
 1.287500 0.000000 0.000000
 1.290000 0.000000 0.000000
 1.292500 0.000000 0.000000
 1.295000 0.000000 0.000000
 1.297500 0.000000 0.000000
 1.300000 0.000000 0.000000
 1.302500 0.000000 0.000000
 1.305000 0.000000 0.000000
 1.307500 0.000000 0.000000
 1.310000 0.000000 0.000000
 1.312500 0.000000 0.000000
 1.315000 0.000000 0.000000
 1.317500 0.000000 0.000000
 1.320000 0.000000 0.000000
 1.322500 0.000000 0.000000
 1.325000 0.000000 0.000000
 1.327500 0.000000 0.000000
 1.330000 0.000000 0.000000
 1.332500 0.000000 0.000000
 1.335000 0.000000 0.000000
 1.337500 0.000000 0.000000
 1.340000 0.000000 0.000000
 1.342500 0.000000 0.000000
 1.345000 0.000000 0.000000
 1.347500 0.000000 0.000000
 1.350000 0.000000 0.000000
 1.352500 0.000000 0.000000
 1.355000 0.000000 0.000000
 1.357500 0.000000 0.000000
 1.360000 0.000000 0.000000
 1.362500 0.000000 0.000000
 1.365000 0.000000 0.000000
 1.367500 0.000000 0.000000
 1.370000 0.000000 0.000000
 1.372500 0.000000 0.000000
 1.375000 0.000000 0.000000
 1.377500 0.000000 0.000000
 1.380000 0.000000 0.000000
 1.382500 0.000000 0.000000
 1.385000 0.000000 0.000000
 1.387500 0.000000 0.000000
 1.390000 0.000000 0.000000
 1.392500 0.000000 0.000000
 1.395000 0.000000 0.000000
 1.397500 0.000000 0.000000
 1.400000 0.000000 0.000000
 1.402500 0.000000 0.000000
 1.405000 0.000000 0.000000
 1.407500 0.000000 0.000000
 1.410000 0.000000 0.000000
 1.412500 0.000000 0.000000
 1.415000 0.000000 0.000000
 1.417500 0.000000 0.000000
 1.420000 0.000000 0.000000
 1.422500 0.000000 0.000000
 1.425000 0.000000 0.000000
 1.427500 0.000000 0.000000
 1.430000 0.000000 0.000000
 1.432500 0.000000 0.000000
 1.435000 0.000000 0.000000
 1.437500 0.000000 0.000000
 1.440000 0.000000 0.000000
 1.442500 0.000000 0.000000
 1.445000 0.000000 0.000000
 1.447500 0.000000 0.000000
 1.450000 0.000000 0.000000
 1.452500 0.000000 0.000000
 1.455000 0.000000 0.000000
 1.457500 0.000000 0.000000
 1.460000 0.000000 0.000000
 1.462500 0.000000 0.000000
 1.465000 0.000000 0.000000
 1.467500 0.000000 0.000000
 1.470000 0.000000 0.000000
 1.472500 0.000000 0.000000
 1.475000 0.000000 0.000000
 1.477500 0.000000 0.000000
 1.480000 0.000000 0.000000
 1.482500 0.000000 0.000000
 1.485000 0.000000 0.000000
 1.487500 0.000000 0.000000
 1.490000 0.000000 0.000000
 1.492500 0.000000 0.000000
 1.495000 0.000000 0.000000
 1.497500 0.000000 0.000000
 1.500000 0.000000 0.000000
 1.502500 0.000000 0.000000
 1.505000 0.000000 0.000000
 1.507500 0.000000 0.000000
 1.510000 0.000000 0.000000
 1.512500 0.000000 0.000000
 1.515000 0.000000 0.000000
 1.517500 0.000000 0.000000
 1.520000 0.000000 0.000000
 1.522500 0.000000 0.000000
 1.525000 0.000000 0.000000
 1.527500 0.000000 0.000000
 1.530000 0.000000 0.000000
 1.532500 0.000000 0.000000
 1.535000 0.000000 0.000000
 1.537500 0.000000 0.000000
 1.540000 0.000000 0.000000
 1.542500 0.000000 0.000000
 1.545000 0.000000 0.000000
 1.547500 0.000000 0.000000
 1.550000 0.000000 0.000000
 1.552500 0.000000 0.000000
 1.555000 0.000000 0.000000
 1.557500 0.000000 0.000000
 1.560000 0.000000 0.000000
 1.562500 0.000000 0.000000
 1.565000 0.000000 0.000000
 1.567500 0.000000 0.000000
 1.570000 0.000000 0.000000
 1.572500 0.000000 0.000000
 1.575000 0.000000 0.000000
 1.577500 0.000000 0.000000
 1.580000 0.000000 0.000000
 1.582500 0.000000 0.000000
 1.585000 0.000000 0.000000
 1.587500 0.000000 0.000000
 1.590000 0.000000 0.000000
 1.592500 0.000000 0.000000
 1.595000 0.000000 0.000000
 1.597500 0.000000 0.000000
 1.600000 0.000000 0.000000
 1.602500 0.000000 0.000000
 1.605000 0.000000 0.000000
 1.607500 0.000000 0.000000
 1.610000 0.000000 0.000000
 1.612500 0.000000 0.000000
 1.615000 0.000000 0.000000
 1.617500 0.000000 0.000000
 1.620000 0.000000 0.000000
 1.622500 0.000000 0.000000
 1.625000 0.000000 0.000000
 1.627500 0.000000 0.000000
 1.630000 0.000000 0.000000
 1.632500 0.000000 0.000000
 1.635000 0.000000 0.000000
 1.637500 0.000000 0.000000
 1.640000 0.000000 0.000000
 1.642500 0.000000 0.000000
 1.645000 0.000000 0.000000
 1.647500 0.000000 0.000000
 1.650000 0.000000 0.000000
 1.652500 0.000000 0.000000
 1.655000 0.000000 0.000000
 1.657500 0.000000 0.000000
 1.660000 0.000000 0.000000
 1.662500 0.000000 0.000000
 1.665000 0.000000 0.000000
 1.667500 0.000000 0.000000
 1.670000 0.000000 0.000000
 1.672500 0.000000 0.000000
 1.675000 0.000000 0.000000
 1.677500 0.000000 0.000000
 1.680000 0.000000 0.000000
 1.682500 0.000000 0.000000
 1.685000 0.000000 0.000000
 1.687500 0.000000 0.000000
 1.690000 0.000000 0.000000
 1.692500 0.000000 0.000000
 1.695000 0.000000 0.000000
 1.697500 0.000000 0.000000
 1.700000 0.000000 0.000000
 1.702500 0.000000 0.000000
 1.705000 0.000000 0.000000
 1.707500 0.000000 0.000000
 1.710000 0.000000 0.000000
 1.712500 0.000000 0.000000
 1.715000 0.000000 0.000000
 1.717500 0.000000 0.000000
 1.720000 0.000000 0.000000
 1.722500 0.000000 0.000000
 1.725000 0.000000 0.000000
 1.727500 0.000000 0.000000
 1.730000 0.000000 0.000000
 1.732500 0.000000 0.000000
 1.735000 0.000000 0.000000
 1.737500 0.000000 0.000000
 1.740000 0.000000 0.000000
 1.742500 0.000000 0.000000
 1.745000 0.000000 0.000000
 1.747500 0.000000 0.000000
 1.750000 0.000000 0.000000
 1.752500 0.000000 0.000000
 1.755000 0.000000 0.000000
 1.757500 0.000000 0.000000
 1.760000 0.000000 0.000000
 1.762500 0.000000 0.000000
 1.765000 0.000000 0.000000
 1.767500 0.000000 0.000000
 1.770000 0.000000 0.000000
 1.772500 0.000000 0.000000
 1.775000 0.000000 0.000000
 1.777500 0.000000 0.000000
 1.780000 0.000000 0.000000
 1.782500 0.000000 0.000000
 1.785000 0.000000 0.000000
 1.787500 0.000000 0.000000
 1.790000 0.000000 0.000000
 1.792500 0.000000 0.000000
 1.795000 0.000000 0.000000
 1.797500 0.000000 0.000000
 1.800000 0.000000 0.000000
 1.802500 0.000000 0.000000
 1.805000 0.000000 0.000000
 1.807500 0.000000 0.000000
 1.810000 0.000000 0.000000
 1.812500 0.000000 0.000000
 1.815000 0.000000 0.000000
 1.817500 0.000000 0.000000
 1.820000 0.000000 0.000000
 1.822500 0.000000 0.000000
 1.825000 0.000000 0.000000
 1.827500 0.000000 0.000000
 1.830000 0.000000 0.000000
 1.832500 0.000000 0.000000
 1.835000 0.000000 0.000000
 1.837500 0.000000 0.000000
 1.840000 0.000000 0.000000
 1.842500 0.000000 0.000000
 1.845000 0.000000 0.000000
 1.847500 0.000000 0.000000
 1.850000 0.000000 0.000000
 1.852500 0.000000 0.000000
 1.855000 0.000000 0.000000
 1.857500 0.000000 0.000000
 1.860000 0.000000 0.000000
 1.862500 0.000000 0.000000
 1.865000 0.000000 0.000000
 1.867500 0.000000 0.000000
 1.870000 0.000000 0.000000
 1.872500 0.000000 0.000000
 1.875000 0.000000 0.000000
 1.877500 0.000000 0.000000
 1.880000 0.000000 0.000000
 1.882500 0.000000 0.000000
 1.885000 0.000000 0.000000
 1.887500 0.000000 0.000000
 1.890000 0.000000 0.000000
 1.892500 0.000000 0.000000
 1.895000 0.000000 0.000000
 1.897500 0.000000 0.000000
 1.900000 0.000000 0.000000
 1.902500 0.000000 0.000000
 1.905000 0.000000 0.000000
 1.907500 0.000000 0.000000
 1.910000 0.000000 0.000000
 1.912500 0.000000 0.000000
 1.915000 0.000000 0.000000
 1.917500 0.000000 0.000000
 1.920000 0.000000 0.000000
 1.922500 0.000000 0.000000
 1.925000 0.000000 0.000000
 1.927500 0.000000 0.000000
 1.930000 0.000000 0.000000
 1.932500 0.000000 0.000000
 1.935000 0.000000 0.000000
 1.937500 0.000000 0.000000
 1.940000 0.000000 0.000000
 1.942500 0.000000 0.000000
 1.945000 0.000000 0.000000
 1.947500 0.000000 0.000000
 1.950000 0.000000 0.000000
 1.952500 0.000000 0.000000
 1.955000 0.000000 0.000000
 1.957500 0.000000 0.000000
 1.960000 0.000000 0.000000
 1.962500 0.000000 0.000000
 1.965000 0.000000 0.000000
 1.967500 0.000000 0.000000
 1.970000 0.000000 0.000000
 1.972500 0.000000 0.000000
 1.975000 0.000000 0.000000
 1.977500 0.000000 0.000000
 1.980000 0.000000 0.000000
 1.982500 0.000000 0.000000
 1.985000 0.000000 0.000000
 1.987500 0.000000 0.000000
 1.990000 0.000000 0.000000
 1.992500 0.000000 0.000000
 1.995000 0.000000 0.000000
 1.997500 0.000000 0.000000
 2.000000 0.000000 0.000000
