#! FIELDS es hh dhh_es
#! SET normalisation  2000.000000
#! SET min_es -0.5
#! SET max_es 2
#! SET nbins_es  1000
#! SET periodic_es false
 -0.500000 0.000000 0.000000
 -0.497500 0.000000 0.000000
 -0.495000 0.000000 0.000000
 -0.492500 0.000000 0.000000
 -0.490000 0.000000 0.000000
 -0.487500 0.000000 0.000000
 -0.485000 0.000000 0.000000
 -0.482500 0.000000 0.000000
 -0.480000 0.000000 0.000000
 -0.477500 0.000000 0.000000
 -0.475000 0.000000 0.000000
 -0.472500 0.000000 0.000000
 -0.470000 0.000000 0.000000
 -0.467500 0.000000 0.000000
 -0.465000 0.000000 0.000000
 -0.462500 0.000000 0.000000
 -0.460000 0.000000 0.000000
 -0.457500 0.000000 0.000000
 -0.455000 0.000000 0.000000
 -0.452500 0.000000 0.000000
 -0.450000 0.000000 0.000000
 -0.447500 0.000000 0.000000
 -0.445000 0.000000 0.000000
 -0.442500 0.000000 0.000000
 -0.440000 0.000000 0.000000
 -0.437500 0.000000 0.000000
 -0.435000 0.000000 0.000000
 -0.432500 0.000000 0.000000
 -0.430000 0.000000 0.000000
 -0.427500 0.000000 0.000000
 -0.425000 0.000000 0.000000
 -0.422500 0.000000 0.000000
 -0.420000 0.000000 0.000000
 -0.417500 0.000000 0.000000
 -0.415000 0.000000 0.000000
 -0.412500 0.000000 0.000000
 -0.410000 0.000000 0.000000
 -0.407500 0.000000 0.000000
 -0.405000 0.000000 0.000000
 -0.402500 0.000000 0.000000
 -0.400000 0.000000 0.000000
 -0.397500 0.000000 0.000000
 -0.395000 0.000000 0.000000
 -0.392500 0.000000 0.000000
 -0.390000 0.000000 0.000000
 -0.387500 0.000000 0.000000
 -0.385000 0.000000 0.000000
 -0.382500 0.000000 0.000000
 -0.380000 0.000000 0.000000
 -0.377500 0.000000 0.000000
 -0.375000 0.000000 0.000000
 -0.372500 0.000000 0.000000
 -0.370000 0.000000 0.000000
 -0.367500 0.000000 0.000000
 -0.365000 0.000000 0.000000
 -0.362500 0.000000 0.000000
 -0.360000 0.000000 0.000000
 -0.357500 0.000000 0.000000
 -0.355000 0.000000 0.000000
 -0.352500 0.000000 0.000000
 -0.350000 0.000000 0.000000
 -0.347500 0.000000 0.000000
 -0.345000 0.000000 0.000000
 -0.342500 0.000000 0.000000
 -0.340000 0.000000 0.000000
 -0.337500 0.000000 0.000000
 -0.335000 0.000000 0.000000
 -0.332500 0.000000 0.000000
 -0.330000 0.000000 0.000000
 -0.327500 0.000000 0.000000
 -0.325000 0.000000 0.000000
 -0.322500 0.000000 0.000000
 -0.320000 0.000000 0.000000
 -0.317500 0.000000 0.000000
 -0.315000 0.000000 0.000000
 -0.312500 0.000000 0.000000
 -0.310000 0.000000 0.000000
 -0.307500 0.000000 0.000000
 -0.305000 0.000000 0.000000
 -0.302500 0.000000 0.000000
 -0.300000 0.000000 0.000000
 -0.297500 0.000000 0.000000
 -0.295000 0.000000 0.000000
 -0.292500 0.000000 0.000000
 -0.290000 0.000000 0.000000
 -0.287500 0.000000 0.000000
 -0.285000 0.000000 0.000000
 -0.282500 0.000000 0.000000
 -0.280000 0.000000 0.000000
 -0.277500 0.000000 0.000000
 -0.275000 0.000000 0.000000
 -0.272500 0.000000 0.000000
 -0.270000 0.000000 0.000000
 -0.267500 0.000000 0.000000
 -0.265000 0.000000 0.000000
 -0.262500 0.000000 0.000000
 -0.260000 0.000000 0.000000
 -0.257500 0.000000 0.000000
 -0.255000 0.000000 0.000000
 -0.252500 0.000000 0.000000
 -0.250000 0.000000 0.000000
 -0.247500 0.000000 0.000000
 -0.245000 0.000000 0.000000
 -0.242500 0.000000 0.000000
 -0.240000 0.000000 0.000000
 -0.237500 0.000000 0.000000
 -0.235000 0.000000 0.000000
 -0.232500 0.000000 0.000000
 -0.230000 0.000000 0.000000
 -0.227500 0.000000 0.000000
 -0.225000 0.000000 0.000000
 -0.222500 0.000000 0.000000
 -0.220000 0.000000 0.000000
 -0.217500 0.000000 0.000000
 -0.215000 0.000000 0.000000
 -0.212500 0.000000 0.000000
 -0.210000 0.000000 0.000000
 -0.207500 0.000000 0.000000
 -0.205000 0.000000 0.000000
 -0.202500 0.000000 0.000000
 -0.200000 0.000000 0.000000
 -0.197500 0.000000 0.000000
 -0.195000 0.000000 0.000000
 -0.192500 0.000000 0.000000
 -0.190000 0.000000 0.000000
 -0.187500 0.000000 0.000000
 -0.185000 0.000000 0.000000
 -0.182500 0.000000 0.000000
 -0.180000 0.000000 0.000000
 -0.177500 0.000000 0.000000
 -0.175000 0.000000 0.000000
 -0.172500 0.000000 0.000000
 -0.170000 0.000000 0.000000
 -0.167500 0.000000 0.000000
 -0.165000 0.000000 0.000000
 -0.162500 0.000000 0.000000
 -0.160000 0.000000 0.000000
 -0.157500 0.000000 0.000000
 -0.155000 0.000000 0.000000
 -0.152500 0.000000 0.000000
 -0.150000 0.000000 0.000000
 -0.147500 0.000000 0.000000
 -0.145000 0.000000 0.000000
 -0.142500 0.000000 0.000000
 -0.140000 0.000000 0.000000
 -0.137500 0.000000 0.000000
 -0.135000 0.000000 0.000000
 -0.132500 0.000000 0.000000
 -0.130000 0.000000 0.000000
 -0.127500 0.000000 0.000000
 -0.125000 0.000000 0.000000
 -0.122500 0.000000 0.000000
 -0.120000 0.000000 0.000000
 -0.117500 0.000000 0.000000
 -0.115000 0.000000 0.000000
 -0.112500 0.000000 0.000000
 -0.110000 0.000000 0.000000
 -0.107500 0.000000 0.000000
 -0.105000 0.000000 0.000000
 -0.102500 0.000000 0.000000
 -0.100000 0.000000 0.000000
 -0.097500 0.000000 0.000000
 -0.095000 0.000000 0.000000
 -0.092500 0.000000 0.000000
 -0.090000 0.000000 0.000000
 -0.087500 0.000000 0.000000
 -0.085000 0.000000 0.000000
 -0.082500 0.000000 0.000000
 -0.080000 0.000000 0.000000
 -0.077500 0.000000 0.000000
 -0.075000 0.000000 0.000000
 -0.072500 0.000000 0.000000
 -0.070000 0.000000 0.000000
 -0.067500 0.000000 0.000000
 -0.065000 0.000000 0.000000
 -0.062500 0.000000 0.000000
 -0.060000 0.000000 0.000000
 -0.057500 0.000000 0.000000
 -0.055000 0.000000 0.000000
 -0.052500 0.000000 0.000000
 -0.050000 0.000000 0.000000
 -0.047500 0.000000 0.000000
 -0.045000 0.000000 0.000000
 -0.042500 0.000000 0.000000
 -0.040000 0.000000 0.000000
 -0.037500 0.000000 0.000000
 -0.035000 0.000000 0.000000
 -0.032500 0.000000 0.000000
 -0.030000 0.000000 0.000000
 -0.027500 0.000000 0.000000
 -0.025000 0.000000 0.000000
 -0.022500 0.000000 0.000000
 -0.020000 0.000000 0.000000
 -0.017500 0.000000 0.000000
 -0.015000 0.000000 0.000000
 -0.012500 0.000000 0.000000
 -0.010000 0.000000 0.000000
 -0.007500 0.000000 0.000000
 -0.005000 0.000000 0.000000
 -0.002500 0.000000 0.000000
 0.000000 0.000000 0.000000
 0.002500 0.000000 0.000000
 0.005000 0.000000 0.000000
 0.007500 0.000000 0.000000
 0.010000 0.000000 0.000000
 0.012500 0.000000 0.000000
 0.015000 0.000000 0.000000
 0.017500 0.000000 0.000000
 0.020000 0.000000 0.000000
 0.022500 0.000000 0.000000
 0.025000 0.000000 0.000000
 0.027500 0.000000 0.000000
 0.030000 0.000000 0.000000
 0.032500 0.000000 0.000000
 0.035000 0.000000 0.000000
 0.037500 0.000000 0.000000
 0.040000 0.000000 0.000000
 0.042500 0.000000 0.000000
 0.045000 0.000000 0.000000
 0.047500 0.000000 0.000000
 0.050000 0.000000 0.000000
 0.052500 0.000000 0.000000
 0.055000 0.000000 0.000000
 0.057500 0.000000 0.000000
 0.060000 0.000000 0.000000
 0.062500 0.000000 0.000000
 0.065000 0.000000 0.000000
 0.067500 0.000000 0.000000
 0.070000 0.000000 0.000000
 0.072500 0.000000 0.000000
 0.075000 0.000000 0.000000
 0.077500 0.000000 0.000000
 0.080000 0.000000 0.000000
 0.082500 0.000000 0.000000
 0.085000 0.000000 0.000000
 0.087500 0.000000 0.000000
 0.090000 0.000000 0.000000
 0.092500 0.000000 0.000000
 0.095000 0.000000 0.000000
 0.097500 0.000000 0.000000
 0.100000 0.000000 0.000000
 0.102500 0.000000 0.000000
 0.105000 0.000000 0.000000
 0.107500 0.000000 0.000000
 0.110000 0.000000 0.000017
 0.112500 0.000000 0.000040
 0.115000 0.000000 0.000091
 0.117500 0.000001 0.000192
 0.120000 0.000001 0.000397
 0.122500 0.000003 0.000768
 0.125000 0.000005 0.001377
 0.127500 0.000010 0.002298
 0.130000 0.000017 0.003607
 0.132500 0.000028 0.005358
 0.135000 0.000045 0.007562
 0.137500 0.000067 0.010082
 0.140000 0.000095 0.012853
 0.142500 0.000131 0.015700
 0.145000 0.000174 0.018514
 0.147500 0.000224 0.021212
 0.150000 0.000280 0.023874
 0.152500 0.000344 0.026815
 0.155000 0.000415 0.030434
 0.157500 0.000497 0.035415
 0.160000 0.000594 0.042317
 0.162500 0.000712 0.051733
 0.165000 0.000856 0.063931
 0.167500 0.001034 0.078814
 0.170000 0.001253 0.096292
 0.172500 0.001519 0.116193
 0.175000 0.001838 0.138784
 0.177500 0.002217 0.164705
 0.180000 0.002667 0.195309
 0.182500 0.003201 0.231681
 0.185000 0.003833 0.274481
 0.187500 0.004582 0.324400
 0.190000 0.005463 0.380670
 0.192500 0.006494 0.443384
 0.195000 0.007689 0.512673
 0.197500 0.009068 0.589867
 0.200000 0.010652 0.677369
 0.202500 0.012472 0.777863
 0.205000 0.014562 0.893750
 0.207500 0.016962 1.026400
 0.210000 0.019714 1.174763
 0.212500 0.022856 1.337254
 0.215000 0.026419 1.510851
 0.217500 0.030430 1.694477
 0.220000 0.034914 1.889428
 0.222500 0.039905 2.100605
 0.225000 0.045450 2.334336
 0.227500 0.051617 2.597171
 0.230000 0.058481 2.891985
 0.232500 0.066122 3.218205
 0.235000 0.074618 3.574246
 0.237500 0.084037 3.956123
 0.240000 0.094443 4.363072
 0.242500 0.105900 4.794416
 0.245000 0.118462 5.247380
 0.247500 0.132181 5.717897
 0.250000 0.147093 6.199660
 0.252500 0.163220 6.687923
 0.255000 0.180577 7.182307
 0.257500 0.199179 7.687422
 0.260000 0.219073 8.214799
 0.262500 0.240326 8.776228
 0.265000 0.263037 9.382665
 0.267500 0.287328 10.037129
 0.270000 0.313312 10.735588
 0.272500 0.341086 11.465581
 0.275000 0.370708 12.211267
 0.277500 0.402200 12.956332
 0.280000 0.435538 13.686055
 0.282500 0.470675 14.392378
 0.285000 0.507547 15.075343
 0.287500 0.546111 15.745666
 0.290000 0.586350 16.420414
 0.292500 0.628306 17.120331
 0.295000 0.672062 17.862945
 0.297500 0.717739 18.658686
 0.300000 0.765476 19.507870
 0.302500 0.815389 20.395507
 0.305000 0.867542 21.295772
 0.307500 0.921931 22.176532
 0.310000 0.978461 23.001056
 0.312500 1.036950 23.741678
 0.315000 1.097168 24.381125
 0.317500 1.158855 24.922102
 0.320000 1.221792 25.388375
 0.322500 1.285833 25.813763
 0.325000 1.350939 26.243410
 0.327500 1.417160 26.710447
 0.330000 1.484604 27.228799
 0.332500 1.553408 27.793504
 0.335000 1.623647 28.367712
 0.337500 1.695283 28.903858
 0.340000 1.768148 29.343092
 0.342500 1.841936 29.639704
 0.345000 1.916262 29.776455
 0.347500 1.990736 29.762346
 0.350000 2.065019 29.638243
 0.352500 2.138917 29.464079
 0.355000 2.212363 29.287454
 0.357500 2.285399 29.143200
 0.360000 2.358116 29.034879
 0.362500 2.430586 28.941198
 0.365000 2.502813 28.834075
 0.367500 2.574703 28.669131
 0.370000 2.646064 28.414398
 0.372500 2.716662 28.056862
 0.375000 2.786237 27.602587
 0.377500 2.854582 27.083647
 0.380000 2.921582 26.544287
 0.382500 2.987260 26.035248
 0.385000 3.051738 25.598911
 0.387500 3.115229 25.250914
 0.390000 3.177954 24.984870
 0.392500 3.240064 24.754739
 0.395000 3.301570 24.491645
 0.397500 3.362287 24.114863
 0.400000 3.421826 23.534859
 0.402500 3.479580 22.689500
 0.405000 3.534832 21.535998
 0.407500 3.586823 20.084183
 0.410000 3.634882 18.416592
 0.412500 3.678614 16.648831
 0.415000 3.717942 14.928692
 0.417500 3.753174 13.397694
 0.420000 3.784916 12.148218
 0.422500 3.813916 11.207572
 0.425000 3.840898 10.525886
 0.427500 3.866387 9.996328
 0.430000 3.890615 9.505213
 0.432500 3.913538 8.938325
 0.435000 3.934875 8.232303
 0.437500 3.954219 7.346056
 0.440000 3.971124 6.286349
 0.442500 3.985172 5.079967
 0.445000 3.996051 3.759294
 0.447500 4.003541 2.379825
 0.450000 4.007564 1.007812
 0.452500 4.008222 -0.296270
 0.455000 4.005763 -1.475893
 0.457500 4.000548 -2.502871
 0.460000 3.992958 -3.374860
 0.462500 3.983334 -4.137558
 0.465000 3.971880 -4.849858
 0.467500 3.958615 -5.582664
 0.470000 3.943440 -6.389164
 0.472500 3.926121 -7.294867
 0.475000 3.906427 -8.283343
 0.477500 3.884188 -9.319436
 0.480000 3.859347 -10.352636
 0.482500 3.831965 -11.342726
 0.485000 3.802207 -12.261669
 0.487500 3.770247 -13.088113
 0.490000 3.736323 -13.825113
 0.492500 3.700679 -14.475572
 0.495000 3.663529 -15.029286
 0.497500 3.625113 -15.482514
 0.500000 3.585683 -15.838547
 0.502500 3.545474 -16.110478
 0.505000 3.504675 -16.323602
 0.507500 3.463373 -16.506515
 0.510000 3.421614 -16.702380
 0.512500 3.379305 -16.937400
 0.515000 3.336333 -17.249767
 0.517500 3.292473 -17.645724
 0.520000 3.247516 -18.130000
 0.522500 3.201246 -18.690061
 0.525000 3.153518 -19.291215
 0.527500 3.104293 -19.876902
 0.530000 3.053693 -20.384472
 0.532500 3.001996 -20.740035
 0.535000 2.949643 -20.910203
 0.537500 2.897123 -20.867838
 0.540000 2.844965 -20.638157
 0.542500 2.793573 -20.261724
 0.545000 2.743236 -19.816548
 0.547500 2.694009 -19.374901
 0.550000 2.645792 -19.033005
 0.552500 2.598241 -18.849280
 0.555000 2.550903 -18.869027
 0.557500 2.503259 -19.090303
 0.560000 2.454855 -19.474445
 0.562500 2.405361 -19.941486
 0.565000 2.354688 -20.409400
 0.567500 2.302935 -20.798387
 0.570000 2.250363 -21.060967
 0.572500 2.197324 -21.180390
 0.575000 2.144148 -21.172684
 0.577500 2.091130 -21.067282
 0.580000 2.038469 -20.890204
 0.582500 1.986321 -20.659427
 0.585000 1.934814 -20.385733
 0.587500 1.884043 -20.067037
 0.590000 1.834123 -19.709690
 0.592500 1.785147 -19.316224
 0.595000 1.737202 -18.890053
 0.597500 1.690351 -18.436095
 0.600000 1.644665 -17.964201
 0.602500 1.600175 -17.486244
 0.605000 1.556878 -17.016036
 0.607500 1.514733 -16.572704
 0.610000 1.473653 -16.159898
 0.612500 1.433575 -15.784357
 0.615000 1.394411 -15.423662
 0.617500 1.356142 -15.066538
 0.620000 1.318774 -14.705070
 0.622500 1.282312 -14.349376
 0.625000 1.246718 -14.020055
 0.627500 1.211895 -13.741396
 0.630000 1.177686 -13.527277
 0.632500 1.143940 -13.374261
 0.635000 1.110525 -13.254681
 0.637500 1.077412 -13.133415
 0.640000 1.044644 -12.972718
 0.642500 1.012351 -12.757566
 0.645000 0.980668 -12.489309
 0.647500 0.949711 -12.189913
 0.650000 0.919504 -11.886249
 0.652500 0.890033 -11.613511
 0.655000 0.861186 -11.385144
 0.657500 0.832855 -11.207771
 0.660000 0.804924 -11.064125
 0.662500 0.777338 -10.927882
 0.665000 0.750120 -10.765796
 0.667500 0.723377 -10.543227
 0.670000 0.697293 -10.237120
 0.672500 0.672088 -9.838211
 0.675000 0.647991 -9.365759
 0.677500 0.625137 -8.848970
 0.680000 0.603579 -8.340328
 0.682500 0.583229 -7.889320
 0.685000 0.563901 -7.533073
 0.687500 0.545332 -7.284105
 0.690000 0.527261 -7.132331
 0.692500 0.509473 -7.049164
 0.695000 0.491847 -7.002383
 0.697500 0.474324 -6.962123
 0.700000 0.456920 -6.911165
 0.702500 0.439670 -6.839176
 0.705000 0.422625 -6.745992
 0.707500 0.405843 -6.632562
 0.710000 0.389375 -6.493571
 0.712500 0.373296 -6.325232
 0.715000 0.357682 -6.122795
 0.717500 0.342616 -5.888456
 0.720000 0.328168 -5.629843
 0.722500 0.314391 -5.354543
 0.725000 0.301313 -5.069053
 0.727500 0.288962 -4.777867
 0.730000 0.277348 -4.477550
 0.732500 0.266495 -4.172019
 0.735000 0.256407 -3.871463
 0.737500 0.247047 -3.593659
 0.740000 0.238330 -3.363162
 0.742500 0.230106 -3.202028
 0.745000 0.222186 -3.122140
 0.747500 0.214365 -3.119553
 0.750000 0.206477 -3.174506
 0.752500 0.198414 -3.253243
 0.755000 0.190164 -3.319353
 0.757500 0.181803 -3.340494
 0.760000 0.173470 -3.295520
 0.762500 0.165338 -3.180026
 0.765000 0.157570 -3.006098
 0.767500 0.150287 -2.799571
 0.770000 0.143536 -2.586675
 0.772500 0.137298 -2.390004
 0.775000 0.131519 -2.225962
 0.777500 0.126106 -2.095511
 0.780000 0.120979 -1.993985
 0.782500 0.116078 -1.915306
 0.785000 0.111353 -1.853165
 0.787500 0.106765 -1.806108
 0.790000 0.102276 -1.773897
 0.792500 0.097848 -1.757263
 0.795000 0.093447 -1.750939
 0.797500 0.089062 -1.745631
 0.800000 0.084704 -1.726898
 0.802500 0.080420 -1.685691
 0.805000 0.076274 -1.618235
 0.807500 0.072325 -1.529621
 0.810000 0.068612 -1.431155
 0.812500 0.065142 -1.338725
 0.815000 0.061883 -1.263682
 0.817500 0.058781 -1.213813
 0.820000 0.055773 -1.187070
 0.822500 0.052812 -1.176679
 0.825000 0.049869 -1.171649
 0.827500 0.046943 -1.160338
 0.830000 0.044062 -1.135503
 0.832500 0.041264 -1.092787
 0.835000 0.038595 -1.033459
 0.837500 0.036092 -0.961182
 0.840000 0.033781 -0.882385
 0.842500 0.031668 -0.802607
 0.845000 0.029750 -0.728435
 0.847500 0.028008 -0.662834
 0.850000 0.026419 -0.605965
 0.852500 0.024961 -0.557400
 0.855000 0.023616 -0.515875
 0.857500 0.022367 -0.479369
 0.860000 0.021204 -0.448659
 0.862500 0.020110 -0.424041
 0.865000 0.019070 -0.406369
 0.867500 0.018065 -0.395532
 0.870000 0.017080 -0.390349
 0.872500 0.016105 -0.387648
 0.875000 0.015138 -0.383449
 0.877500 0.014187 -0.373806
 0.880000 0.013270 -0.356989
 0.882500 0.012404 -0.331998
 0.885000 0.011609 -0.301457
 0.887500 0.010894 -0.268459
 0.890000 0.010261 -0.237220
 0.892500 0.009699 -0.211368
 0.895000 0.009193 -0.193529
 0.897500 0.008721 -0.183702
 0.900000 0.008265 -0.181042
 0.902500 0.007809 -0.182714
 0.905000 0.007346 -0.186179
 0.907500 0.006876 -0.189014
 0.910000 0.006400 -0.189774
 0.912500 0.005925 -0.188567
 0.915000 0.005456 -0.185175
 0.917500 0.004998 -0.180222
 0.920000 0.004554 -0.173945
 0.922500 0.004127 -0.166495
 0.925000 0.003720 -0.157964
 0.927500 0.003337 -0.148021
 0.930000 0.002980 -0.136668
 0.932500 0.002653 -0.123890
 0.935000 0.002359 -0.110706
 0.937500 0.002098 -0.097835
 0.940000 0.001867 -0.086599
 0.942500 0.001662 -0.077303
 0.945000 0.001477 -0.070188
 0.947500 0.001309 -0.064209
 0.950000 0.001155 -0.058410
 0.952500 0.001016 -0.052207
 0.955000 0.000893 -0.045498
 0.957500 0.000788 -0.038629
 0.960000 0.000700 -0.032078
 0.962500 0.000626 -0.026843
 0.965000 0.000564 -0.023109
 0.967500 0.000508 -0.020981
 0.970000 0.000457 -0.020193
 0.972500 0.000406 -0.020199
 0.975000 0.000355 -0.020458
 0.977500 0.000304 -0.020490
 0.980000 0.000253 -0.020089
 0.982500 0.000204 -0.018974
 0.985000 0.000158 -0.017108
 0.987500 0.000118 -0.014792
 0.990000 0.000085 -0.012126
 0.992500 0.000058 -0.009388
 0.995000 0.000037 -0.006853
 0.997500 0.000023 -0.004697
 1.000000 0.000013 -0.002992
 1.002500 0.000007 -0.001829
 1.005000 0.000004 -0.001048
 1.007500 0.000002 -0.000548
 1.010000 0.000001 -0.000278
 1.012500 0.000000 -0.000117
 1.015000 0.000000 -0.000053
 1.017500 0.000000 0.000000
 1.020000 0.000000 0.000000
 1.022500 0.000000 0.000000
 1.025000 0.000000 0.000000
 1.027500 0.000000 0.000000
 1.030000 0.000000 0.000000
 1.032500 0.000000 0.000000
 1.035000 0.000000 0.000000
 1.037500 0.000000 0.000000
 1.040000 0.000000 0.000000
 1.042500 0.000000 0.000000
 1.045000 0.000000 0.000000
 1.047500 0.000000 0.000000
 1.050000 0.000000 0.000000
 1.052500 0.000000 0.000000
 1.055000 0.000000 0.000000
 1.057500 0.000000 0.000000
 1.060000 0.000000 0.000000
 1.062500 0.000000 0.000000
 1.065000 0.000000 0.000000
 1.067500 0.000000 0.000000
 1.070000 0.000000 0.000000
 1.072500 0.000000 0.000000
 1.075000 0.000000 0.000000
 1.077500 0.000000 0.000000
 1.080000 0.000000 0.000000
 1.082500 0.000000 0.000000
 1.085000 0.000000 0.000000
 1.087500 0.000000 0.000000
 1.090000 0.000000 0.000000
 1.092500 0.000000 0.000000
 1.095000 0.000000 0.000000
 1.097500 0.000000 0.000000
 1.100000 0.000000 0.000000
 1.102500 0.000000 0.000000
 1.105000 0.000000 0.000000
 1.107500 0.000000 0.000000
 1.110000 0.000000 0.000000
 1.112500 0.000000 0.000000
 1.115000 0.000000 0.000000
 1.117500 0.000000 0.000000
 1.120000 0.000000 0.000000
 1.122500 0.000000 0.000000
 1.125000 0.000000 0.000000
 1.127500 0.000000 0.000000
 1.130000 0.000000 0.000000
 1.132500 0.000000 0.000000
 1.135000 0.000000 0.000000
 1.137500 0.000000 0.000000
 1.140000 0.000000 0.000000
 1.142500 0.000000 0.000000
 1.145000 0.000000 0.000000
 1.147500 0.000000 0.000000
 1.150000 0.000000 0.000000
 1.152500 0.000000 0.000000
 1.155000 0.000000 0.000000
 1.157500 0.000000 0.000000
 1.160000 0.000000 0.000000
 1.162500 0.000000 0.000000
 1.165000 0.000000 0.000000
 1.167500 0.000000 0.000000
 1.170000 0.000000 0.000000
 1.172500 0.000000 0.000000
 1.175000 0.000000 0.000000
 1.177500 0.000000 0.000000
 1.180000 0.000000 0.000000
 1.182500 0.000000 0.000000
 1.185000 0.000000 0.000000
 1.187500 0.000000 0.000000
 1.190000 0.000000 0.000000
 1.192500 0.000000 0.000000
 1.195000 0.000000 0.000000
 1.197500 0.000000 0.000000
 1.200000 0.000000 0.000000
 1.202500 0.000000 0.000000
 1.205000 0.000000 0.000000
 1.207500 0.000000 0.000000
 1.210000 0.000000 0.000000
 1.212500 0.000000 0.000000
 1.215000 0.000000 0.000000
 1.217500 0.000000 0.000000
 1.220000 0.000000 0.000000
 1.222500 0.000000 0.000000
 1.225000 0.000000 0.000000
 1.227500 0.000000 0.000000
 1.230000 0.000000 0.000000
 1.232500 0.000000 0.000000
 1.235000 0.000000 0.000000
 1.237500 0.000000 0.000000
 1.240000 0.000000 0.000000
 1.242500 0.000000 0.000000
 1.245000 0.000000 0.000000
 1.247500 0.000000 0.000000
 1.250000 0.000000 0.000000
 1.252500 0.000000 0.000000
 1.255000 0.000000 0.000000
 1.257500 0.000000 0.000000
 1.260000 0.000000 0.000000
 1.262500 0.000000 0.000000
 1.265000 0.000000 0.000000
 1.267500 0.000000 0.000000
 1.270000 0.000000 0.000000
 1.272500 0.000000 0.000000
 1.275000 0.000000 0.000000
 1.277500 0.000000 0.000000
 1.280000 0.000000 0.000000
 1.282500 0.000000 0.000000
 1.285000 0.000000 0.000000
 1.287500 0.000000 0.000000
 1.290000 0.000000 0.000000
 1.292500 0.000000 0.000000
 1.295000 0.000000 0.000000
 1.297500 0.000000 0.000000
 1.300000 0.000000 0.000000
 1.302500 0.000000 0.000000
 1.305000 0.000000 0.000000
 1.307500 0.000000 0.000000
 1.310000 0.000000 0.000000
 1.312500 0.000000 0.000000
 1.315000 0.000000 0.000000
 1.317500 0.000000 0.000000
 1.320000 0.000000 0.000000
 1.322500 0.000000 0.000000
 1.325000 0.000000 0.000000
 1.327500 0.000000 0.000000
 1.330000 0.000000 0.000000
 1.332500 0.000000 0.000000
 1.335000 0.000000 0.000000
 1.337500 0.000000 0.000000
 1.340000 0.000000 0.000000
 1.342500 0.000000 0.000000
 1.345000 0.000000 0.000000
 1.347500 0.000000 0.000000
 1.350000 0.000000 0.000000
 1.352500 0.000000 0.000000
 1.355000 0.000000 0.000000
 1.357500 0.000000 0.000000
 1.360000 0.000000 0.000000
 1.362500 0.000000 0.000000
 1.365000 0.000000 0.000000
 1.367500 0.000000 0.000000
 1.370000 0.000000 0.000000
 1.372500 0.000000 0.000000
 1.375000 0.000000 0.000000
 1.377500 0.000000 0.000000
 1.380000 0.000000 0.000000
 1.382500 0.000000 0.000000
 1.385000 0.000000 0.000000
 1.387500 0.000000 0.000000
 1.390000 0.000000 0.000000
 1.392500 0.000000 0.000000
 1.395000 0.000000 0.000000
 1.397500 0.000000 0.000000
 1.400000 0.000000 0.000000
 1.402500 0.000000 0.000000
 1.405000 0.000000 0.000000
 1.407500 0.000000 0.000000
 1.410000 0.000000 0.000000
 1.412500 0.000000 0.000000
 1.415000 0.000000 0.000000
 1.417500 0.000000 0.000000
 1.420000 0.000000 0.000000
 1.422500 0.000000 0.000000
 1.425000 0.000000 0.000000
 1.427500 0.000000 0.000000
 1.430000 0.000000 0.000000
 1.432500 0.000000 0.000000
 1.435000 0.000000 0.000000
 1.437500 0.000000 0.000000
 1.440000 0.000000 0.000000
 1.442500 0.000000 0.000000
 1.445000 0.000000 0.000000
 1.447500 0.000000 0.000000
 1.450000 0.000000 0.000000
 1.452500 0.000000 0.000000
 1.455000 0.000000 0.000000
 1.457500 0.000000 0.000000
 1.460000 0.000000 0.000000
 1.462500 0.000000 0.000000
 1.465000 0.000000 0.000000
 1.467500 0.000000 0.000000
 1.470000 0.000000 0.000000
 1.472500 0.000000 0.000000
 1.475000 0.000000 0.000000
 1.477500 0.000000 0.000000
 1.480000 0.000000 0.000000
 1.482500 0.000000 0.000000
 1.485000 0.000000 0.000000
 1.487500 0.000000 0.000000
 1.490000 0.000000 0.000000
 1.492500 0.000000 0.000000
 1.495000 0.000000 0.000000
 1.497500 0.000000 0.000000
 1.500000 0.000000 0.000000
 1.502500 0.000000 0.000000
 1.505000 0.000000 0.000000
 1.507500 0.000000 0.000000
 1.510000 0.000000 0.000000
 1.512500 0.000000 0.000000
 1.515000 0.000000 0.000000
 1.517500 0.000000 0.000000
 1.520000 0.000000 0.000000
 1.522500 0.000000 0.000000
 1.525000 0.000000 0.000000
 1.527500 0.000000 0.000000
 1.530000 0.000000 0.000000
 1.532500 0.000000 0.000000
 1.535000 0.000000 0.000000
 1.537500 0.000000 0.000000
 1.540000 0.000000 0.000000
 1.542500 0.000000 0.000000
 1.545000 0.000000 0.000000
 1.547500 0.000000 0.000000
 1.550000 0.000000 0.000000
 1.552500 0.000000 0.000000
 1.555000 0.000000 0.000000
 1.557500 0.000000 0.000000
 1.560000 0.000000 0.000000
 1.562500 0.000000 0.000000
 1.565000 0.000000 0.000000
 1.567500 0.000000 0.000000
 1.570000 0.000000 0.000000
 1.572500 0.000000 0.000000
 1.575000 0.000000 0.000000
 1.577500 0.000000 0.000000
 1.580000 0.000000 0.000000
 1.582500 0.000000 0.000000
 1.585000 0.000000 0.000000
 1.587500 0.000000 0.000000
 1.590000 0.000000 0.000000
 1.592500 0.000000 0.000000
 1.595000 0.000000 0.000000
 1.597500 0.000000 0.000000
 1.600000 0.000000 0.000000
 1.602500 0.000000 0.000000
 1.605000 0.000000 0.000000
 1.607500 0.000000 0.000000
 1.610000 0.000000 0.000000
 1.612500 0.000000 0.000000
 1.615000 0.000000 0.000000
 1.617500 0.000000 0.000000
 1.620000 0.000000 0.000000
 1.622500 0.000000 0.000000
 1.625000 0.000000 0.000000
 1.627500 0.000000 0.000000
 1.630000 0.000000 0.000000
 1.632500 0.000000 0.000000
 1.635000 0.000000 0.000000
 1.637500 0.000000 0.000000
 1.640000 0.000000 0.000000
 1.642500 0.000000 0.000000
 1.645000 0.000000 0.000000
 1.647500 0.000000 0.000000
 1.650000 0.000000 0.000000
 1.652500 0.000000 0.000000
 1.655000 0.000000 0.000000
 1.657500 0.000000 0.000000
 1.660000 0.000000 0.000000
 1.662500 0.000000 0.000000
 1.665000 0.000000 0.000000
 1.667500 0.000000 0.000000
 1.670000 0.000000 0.000000
 1.672500 0.000000 0.000000
 1.675000 0.000000 0.000000
 1.677500 0.000000 0.000000
 1.680000 0.000000 0.000000
 1.682500 0.000000 0.000000
 1.685000 0.000000 0.000000
 1.687500 0.000000 0.000000
 1.690000 0.000000 0.000000
 1.692500 0.000000 0.000000
 1.695000 0.000000 0.000000
 1.697500 0.000000 0.000000
 1.700000 0.000000 0.000000
 1.702500 0.000000 0.000000
 1.705000 0.000000 0.000000
 1.707500 0.000000 0.000000
 1.710000 0.000000 0.000000
 1.712500 0.000000 0.000000
 1.715000 0.000000 0.000000
 1.717500 0.000000 0.000000
 1.720000 0.000000 0.000000
 1.722500 0.000000 0.000000
 1.725000 0.000000 0.000000
 1.727500 0.000000 0.000000
 1.730000 0.000000 0.000000
 1.732500 0.000000 0.000000
 1.735000 0.000000 0.000000
 1.737500 0.000000 0.000000
 1.740000 0.000000 0.000000
 1.742500 0.000000 0.000000
 1.745000 0.000000 0.000000
 1.747500 0.000000 0.000000
 1.750000 0.000000 0.000000
 1.752500 0.000000 0.000000
 1.755000 0.000000 0.000000
 1.757500 0.000000 0.000000
 1.760000 0.000000 0.000000
 1.762500 0.000000 0.000000
 1.765000 0.000000 0.000000
 1.767500 0.000000 0.000000
 1.770000 0.000000 0.000000
 1.772500 0.000000 0.000000
 1.775000 0.000000 0.000000
 1.777500 0.000000 0.000000
 1.780000 0.000000 0.000000
 1.782500 0.000000 0.000000
 1.785000 0.000000 0.000000
 1.787500 0.000000 0.000000
 1.790000 0.000000 0.000000
 1.792500 0.000000 0.000000
 1.795000 0.000000 0.000000
 1.797500 0.000000 0.000000
 1.800000 0.000000 0.000000
 1.802500 0.000000 0.000000
 1.805000 0.000000 0.000000
 1.807500 0.000000 0.000000
 1.810000 0.000000 0.000000
 1.812500 0.000000 0.000000
 1.815000 0.000000 0.000000
 1.817500 0.000000 0.000000
 1.820000 0.000000 0.000000
 1.822500 0.000000 0.000000
 1.825000 0.000000 0.000000
 1.827500 0.000000 0.000000
 1.830000 0.000000 0.000000
 1.832500 0.000000 0.000000
 1.835000 0.000000 0.000000
 1.837500 0.000000 0.000000
 1.840000 0.000000 0.000000
 1.842500 0.000000 0.000000
 1.845000 0.000000 0.000000
 1.847500 0.000000 0.000000
 1.850000 0.000000 0.000000
 1.852500 0.000000 0.000000
 1.855000 0.000000 0.000000
 1.857500 0.000000 0.000000
 1.860000 0.000000 0.000000
 1.862500 0.000000 0.000000
 1.865000 0.000000 0.000000
 1.867500 0.000000 0.000000
 1.870000 0.000000 0.000000
 1.872500 0.000000 0.000000
 1.875000 0.000000 0.000000
 1.877500 0.000000 0.000000
 1.880000 0.000000 0.000000
 1.882500 0.000000 0.000000
 1.885000 0.000000 0.000000
 1.887500 0.000000 0.000000
 1.890000 0.000000 0.000000
 1.892500 0.000000 0.000000
 1.895000 0.000000 0.000000
 1.897500 0.000000 0.000000
 1.900000 0.000000 0.000000
 1.902500 0.000000 0.000000
 1.905000 0.000000 0.000000
 1.907500 0.000000 0.000000
 1.910000 0.000000 0.000000
 1.912500 0.000000 0.000000
 1.915000 0.000000 0.000000
 1.917500 0.000000 0.000000
 1.920000 0.000000 0.000000
 1.922500 0.000000 0.000000
 1.925000 0.000000 0.000000
 1.927500 0.000000 0.000000
 1.930000 0.000000 0.000000
 1.932500 0.000000 0.000000
 1.935000 0.000000 0.000000
 1.937500 0.000000 0.000000
 1.940000 0.000000 0.000000
 1.942500 0.000000 0.000000
 1.945000 0.000000 0.000000
 1.947500 0.000000 0.000000
 1.950000 0.000000 0.000000
 1.952500 0.000000 0.000000
 1.955000 0.000000 0.000000
 1.957500 0.000000 0.000000
 1.960000 0.000000 0.000000
 1.962500 0.000000 0.000000
 1.965000 0.000000 0.000000
 1.967500 0.000000 0.000000
 1.970000 0.000000 0.000000
 1.972500 0.000000 0.000000
 1.975000 0.000000 0.000000
 1.977500 0.000000 0.000000
 1.980000 0.000000 0.000000
 1.982500 0.000000 0.000000
 1.985000 0.000000 0.000000
 1.987500 0.000000 0.000000
 1.990000 0.000000 0.000000
 1.992500 0.000000 0.000000
 1.995000 0.000000 0.000000
 1.997500 0.000000 0.000000
 2.000000 0.000000 0.000000
