#! FIELDS es hh dhh_es
#! SET normalisation  2000.000000
#! SET min_es -0.5
#! SET max_es 2
#! SET nbins_es  1000
#! SET periodic_es false
 -0.500000 0.000000 0.000000
 -0.497500 0.000000 0.000000
 -0.495000 0.000000 0.000000
 -0.492500 0.000000 0.000000
 -0.490000 0.000000 0.000000
 -0.487500 0.000000 0.000000
 -0.485000 0.000000 0.000000
 -0.482500 0.000000 0.000000
 -0.480000 0.000000 0.000000
 -0.477500 0.000000 0.000000
 -0.475000 0.000000 0.000000
 -0.472500 0.000000 0.000000
 -0.470000 0.000000 0.000000
 -0.467500 0.000000 0.000000
 -0.465000 0.000000 0.000000
 -0.462500 0.000000 0.000000
 -0.460000 0.000000 0.000000
 -0.457500 0.000000 0.000000
 -0.455000 0.000000 0.000000
 -0.452500 0.000000 0.000000
 -0.450000 0.000000 0.000000
 -0.447500 0.000000 0.000000
 -0.445000 0.000000 0.000000
 -0.442500 0.000000 0.000000
 -0.440000 0.000000 0.000000
 -0.437500 0.000000 0.000000
 -0.435000 0.000000 0.000000
 -0.432500 0.000000 0.000000
 -0.430000 0.000000 0.000000
 -0.427500 0.000000 0.000000
 -0.425000 0.000000 0.000000
 -0.422500 0.000000 0.000000
 -0.420000 0.000000 0.000000
 -0.417500 0.000000 0.000000
 -0.415000 0.000000 0.000000
 -0.412500 0.000000 0.000000
 -0.410000 0.000000 0.000000
 -0.407500 0.000000 0.000000
 -0.405000 0.000000 0.000000
 -0.402500 0.000000 0.000000
 -0.400000 0.000000 0.000000
 -0.397500 0.000000 0.000000
 -0.395000 0.000000 0.000000
 -0.392500 0.000000 0.000000
 -0.390000 0.000000 0.000000
 -0.387500 0.000000 0.000000
 -0.385000 0.000000 0.000000
 -0.382500 0.000000 0.000000
 -0.380000 0.000000 0.000000
 -0.377500 0.000000 0.000000
 -0.375000 0.000000 0.000000
 -0.372500 0.000000 0.000000
 -0.370000 0.000000 0.000000
 -0.367500 0.000000 0.000000
 -0.365000 0.000000 0.000000
 -0.362500 0.000000 0.000000
 -0.360000 0.000000 0.000000
 -0.357500 0.000000 0.000000
 -0.355000 0.000000 0.000000
 -0.352500 0.000000 0.000000
 -0.350000 0.000000 0.000000
 -0.347500 0.000000 0.000000
 -0.345000 0.000000 0.000000
 -0.342500 0.000000 0.000000
 -0.340000 0.000000 0.000000
 -0.337500 0.000000 0.000000
 -0.335000 0.000000 0.000000
 -0.332500 0.000000 0.000000
 -0.330000 0.000000 0.000000
 -0.327500 0.000000 0.000000
 -0.325000 0.000000 0.000000
 -0.322500 0.000000 0.000000
 -0.320000 0.000000 0.000000
 -0.317500 0.000000 0.000000
 -0.315000 0.000000 0.000000
 -0.312500 0.000000 0.000000
 -0.310000 0.000000 0.000000
 -0.307500 0.000000 0.000000
 -0.305000 0.000000 0.000000
 -0.302500 0.000000 0.000000
 -0.300000 0.000000 0.000000
 -0.297500 0.000000 0.000000
 -0.295000 0.000000 0.000000
 -0.292500 0.000000 0.000000
 -0.290000 0.000000 0.000000
 -0.287500 0.000000 0.000000
 -0.285000 0.000000 0.000000
 -0.282500 0.000000 0.000000
 -0.280000 0.000000 0.000000
 -0.277500 0.000000 0.000000
 -0.275000 0.000000 0.000000
 -0.272500 0.000000 0.000000
 -0.270000 0.000000 0.000000
 -0.267500 0.000000 0.000000
 -0.265000 0.000000 0.000000
 -0.262500 0.000000 0.000000
 -0.260000 0.000000 0.000000
 -0.257500 0.000000 0.000000
 -0.255000 0.000000 0.000000
 -0.252500 0.000000 0.000000
 -0.250000 0.000000 0.000000
 -0.247500 0.000000 0.000000
 -0.245000 0.000000 0.000000
 -0.242500 0.000000 0.000000
 -0.240000 0.000000 0.000000
 -0.237500 0.000000 0.000000
 -0.235000 0.000000 0.000000
 -0.232500 0.000000 0.000000
 -0.230000 0.000000 0.000000
 -0.227500 0.000000 0.000000
 -0.225000 0.000000 0.000000
 -0.222500 0.000000 0.000000
 -0.220000 0.000000 0.000000
 -0.217500 0.000000 0.000000
 -0.215000 0.000000 0.000000
 -0.212500 0.000000 0.000000
 -0.210000 0.000000 0.000000
 -0.207500 0.000000 0.000000
 -0.205000 0.000000 0.000000
 -0.202500 0.000000 0.000000
 -0.200000 0.000000 0.000000
 -0.197500 0.000000 0.000000
 -0.195000 0.000000 0.000000
 -0.192500 0.000000 0.000000
 -0.190000 0.000000 0.000000
 -0.187500 0.000000 0.000000
 -0.185000 0.000000 0.000000
 -0.182500 0.000000 0.000000
 -0.180000 0.000000 0.000000
 -0.177500 0.000000 0.000000
 -0.175000 0.000000 0.000000
 -0.172500 0.000000 0.000000
 -0.170000 0.000000 0.000000
 -0.167500 0.000000 0.000000
 -0.165000 0.000000 0.000000
 -0.162500 0.000000 0.000000
 -0.160000 0.000000 0.000000
 -0.157500 0.000000 0.000000
 -0.155000 0.000000 0.000000
 -0.152500 0.000000 0.000000
 -0.150000 0.000000 0.000000
 -0.147500 0.000000 0.000000
 -0.145000 0.000000 0.000000
 -0.142500 0.000000 0.000000
 -0.140000 0.000000 0.000000
 -0.137500 0.000000 0.000000
 -0.135000 0.000000 0.000000
 -0.132500 0.000000 0.000000
 -0.130000 0.000000 0.000000
 -0.127500 0.000000 0.000000
 -0.125000 0.000000 0.000000
 -0.122500 0.000000 0.000000
 -0.120000 0.000000 0.000000
 -0.117500 0.000000 0.000000
 -0.115000 0.000000 0.000000
 -0.112500 0.000000 0.000000
 -0.110000 0.000000 0.000000
 -0.107500 0.000000 0.000000
 -0.105000 0.000000 0.000000
 -0.102500 0.000000 0.000000
 -0.100000 0.000000 0.000000
 -0.097500 0.000000 0.000000
 -0.095000 0.000000 0.000000
 -0.092500 0.000000 0.000000
 -0.090000 0.000000 0.000000
 -0.087500 0.000000 0.000000
 -0.085000 0.000000 0.000000
 -0.082500 0.000000 0.000000
 -0.080000 0.000000 0.000000
 -0.077500 0.000000 0.000000
 -0.075000 0.000000 0.000000
 -0.072500 0.000000 0.000000
 -0.070000 0.000000 0.000000
 -0.067500 0.000000 0.000000
 -0.065000 0.000000 0.000000
 -0.062500 0.000000 0.000000
 -0.060000 0.000000 0.000000
 -0.057500 0.000000 0.000000
 -0.055000 0.000000 0.000000
 -0.052500 0.000000 0.000000
 -0.050000 0.000000 0.000000
 -0.047500 0.000000 0.000000
 -0.045000 0.000000 0.000000
 -0.042500 0.000000 0.000000
 -0.040000 0.000000 0.000000
 -0.037500 0.000000 0.000000
 -0.035000 0.000000 0.000000
 -0.032500 0.000000 0.000000
 -0.030000 0.000000 0.000000
 -0.027500 0.000000 0.000000
 -0.025000 0.000000 0.000000
 -0.022500 0.000000 0.000000
 -0.020000 0.000000 0.000000
 -0.017500 0.000000 0.000000
 -0.015000 0.000000 0.000000
 -0.012500 0.000000 0.000000
 -0.010000 0.000000 0.000000
 -0.007500 0.000000 0.000000
 -0.005000 0.000000 0.000000
 -0.002500 0.000000 0.000000
 0.000000 0.000000 0.000000
 0.002500 0.000000 0.000000
 0.005000 0.000000 0.000000
 0.007500 0.000000 0.000000
 0.010000 0.000000 0.000000
 0.012500 0.000000 0.000000
 0.015000 0.000000 0.000000
 0.017500 0.000000 0.000000
 0.020000 0.000000 0.000000
 0.022500 0.000000 0.000000
 0.025000 0.000000 0.000000
 0.027500 0.000000 0.000000
 0.030000 0.000000 0.000000
 0.032500 0.000000 0.000000
 0.035000 0.000000 0.000000
 0.037500 0.000000 0.000000
 0.040000 0.000000 0.000000
 0.042500 0.000000 0.000000
 0.045000 0.000000 0.000000
 0.047500 0.000000 0.000000
 0.050000 0.000000 0.000026
 0.052500 0.000000 0.000080
 0.055000 0.000001 0.000179
 0.057500 0.000001 0.000375
 0.060000 0.000003 0.000734
 0.062500 0.000005 0.001341
 0.065000 0.000010 0.002286
 0.067500 0.000017 0.003672
 0.070000 0.000028 0.005474
 0.072500 0.000045 0.007631
 0.075000 0.000067 0.009896
 0.077500 0.000094 0.012067
 0.080000 0.000127 0.013875
 0.082500 0.000164 0.015355
 0.085000 0.000204 0.016824
 0.087500 0.000249 0.018979
 0.090000 0.000301 0.022923
 0.092500 0.000366 0.029639
 0.095000 0.000453 0.040091
 0.097500 0.000571 0.054667
 0.100000 0.000730 0.073273
 0.102500 0.000941 0.095875
 0.105000 0.001214 0.122057
 0.107500 0.001556 0.151849
 0.110000 0.001978 0.185293
 0.112500 0.002489 0.223088
 0.115000 0.003101 0.265887
 0.117500 0.003826 0.314390
 0.120000 0.004682 0.370357
 0.122500 0.005690 0.435786
 0.125000 0.006877 0.513468
 0.127500 0.008276 0.607158
 0.130000 0.009936 0.721363
 0.132500 0.011911 0.859500
 0.135000 0.014264 1.023820
 0.137500 0.017061 1.214606
 0.140000 0.020367 1.429838
 0.142500 0.024240 1.666864
 0.145000 0.028730 1.922469
 0.147500 0.033880 2.194463
 0.150000 0.039732 2.482333
 0.152500 0.046325 2.787299
 0.155000 0.053703 3.111004
 0.157500 0.061919 3.457378
 0.160000 0.071036 3.831947
 0.162500 0.081131 4.240382
 0.165000 0.092300 4.690648
 0.167500 0.104653 5.186928
 0.170000 0.118307 5.729967
 0.172500 0.133373 6.314124
 0.175000 0.149939 6.926920
 0.177500 0.168062 7.554756
 0.180000 0.187761 8.185714
 0.182500 0.209033 8.813787
 0.185000 0.231881 9.446884
 0.187500 0.256338 10.102509
 0.190000 0.282487 10.803669
 0.192500 0.310468 11.570165
 0.195000 0.340459 12.408762
 0.197500 0.372629 13.309241
 0.200000 0.407094 14.239683
 0.202500 0.443886 15.160141
 0.205000 0.482927 16.032124
 0.207500 0.524059 16.830755
 0.210000 0.567096 17.555271
 0.212500 0.611871 18.226684
 0.215000 0.658296 18.882738
 0.217500 0.706384 19.561461
 0.220000 0.756228 20.290924
 0.222500 0.807975 21.081492
 0.225000 0.861760 21.918839
 0.227500 0.917672 22.777246
 0.230000 0.975717 23.618267
 0.232500 1.035803 24.405595
 0.235000 1.097759 25.108402
 0.237500 1.161344 25.708683
 0.240000 1.226300 26.201276
 0.242500 1.292362 26.599378
 0.245000 1.359322 26.926251
 0.247500 1.427038 27.213917
 0.250000 1.495454 27.491504
 0.252500 1.564576 27.777832
 0.255000 1.634427 28.081285
 0.257500 1.705041 28.387730
 0.260000 1.776417 28.683885
 0.262500 1.848502 28.958292
 0.265000 1.921242 29.205063
 0.267500 1.994539 29.410582
 0.270000 2.068292 29.563782
 0.272500 2.142320 29.635518
 0.275000 2.216388 29.592454
 0.277500 2.290175 29.407715
 0.280000 2.363325 29.083824
 0.282500 2.435485 28.633985
 0.285000 2.506410 28.100432
 0.287500 2.575937 27.529501
 0.290000 2.644021 26.950794
 0.292500 2.710653 26.371193
 0.295000 2.775825 25.781757
 0.297500 2.839490 25.165535
 0.300000 2.901567 24.522146
 0.302500 2.962014 23.866609
 0.305000 3.020839 23.244827
 0.307500 3.078197 22.695029
 0.310000 3.134296 22.247742
 0.312500 3.189390 21.891827
 0.315000 3.243671 21.587800
 0.317500 3.297175 21.268335
 0.320000 3.349786 20.870239
 0.322500 3.401239 20.344009
 0.325000 3.451188 19.663451
 0.327500 3.499239 18.830948
 0.330000 3.545022 17.857647
 0.332500 3.588207 16.763140
 0.335000 3.628531 15.573556
 0.337500 3.665787 14.324418
 0.340000 3.699882 13.049163
 0.342500 3.730786 11.796263
 0.345000 3.758618 10.589594
 0.347500 3.783510 9.456634
 0.350000 3.805652 8.388689
 0.352500 3.825204 7.378106
 0.355000 3.842273 6.402455
 0.357500 3.856903 5.446020
 0.360000 3.869147 4.481945
 0.362500 3.878958 3.515611
 0.365000 3.886342 2.535526
 0.367500 3.891259 1.550437
 0.370000 3.893717 0.572613
 0.372500 3.893766 -0.372570
 0.375000 3.891497 -1.271552
 0.377500 3.887037 -2.118693
 0.380000 3.880498 -2.935446
 0.382500 3.871924 -3.756375
 0.385000 3.861233 -4.625767
 0.387500 3.848273 -5.581293
 0.390000 3.832813 -6.624350
 0.392500 3.814648 -7.728050
 0.395000 3.793700 -8.846091
 0.397500 3.769985 -9.931576
 0.400000 3.743634 -10.946770
 0.402500 3.714854 -11.867778
 0.405000 3.683904 -12.683139
 0.407500 3.651062 -13.375248
 0.410000 3.616675 -13.915324
 0.412500 3.581152 -14.270590
 0.415000 3.544984 -14.431716
 0.417500 3.508647 -14.407045
 0.420000 3.472567 -14.245683
 0.422500 3.436987 -14.021929
 0.425000 3.401937 -13.829328
 0.427500 3.367233 -13.761763
 0.430000 3.332465 -13.878498
 0.432500 3.297135 -14.224936
 0.435000 3.260659 -14.791796
 0.437500 3.222532 -15.540136
 0.440000 3.182376 -16.396650
 0.442500 3.140033 -17.270613
 0.445000 3.095585 -18.068863
 0.447500 3.049343 -18.702816
 0.450000 3.001774 -19.111913
 0.452500 2.953478 -19.295633
 0.455000 2.904982 -19.285226
 0.457500 2.856685 -19.153730
 0.460000 2.808779 -18.980406
 0.462500 2.761285 -18.844011
 0.465000 2.714042 -18.781243
 0.467500 2.666848 -18.803723
 0.470000 2.619517 -18.892300
 0.472500 2.571920 -18.997244
 0.475000 2.524087 -19.076750
 0.477500 2.476148 -19.080573
 0.480000 2.428336 -18.969308
 0.482500 2.380959 -18.731502
 0.485000 2.334326 -18.386394
 0.487500 2.288649 -17.982975
 0.490000 2.243977 -17.592927
 0.492500 2.200178 -17.307064
 0.495000 2.156894 -17.195450
 0.497500 2.113629 -17.286879
 0.500000 2.069896 -17.567245
 0.502500 2.025293 -17.967217
 0.505000 1.979655 -18.384156
 0.507500 1.933072 -18.702833
 0.510000 1.885916 -18.835772
 0.512500 1.838713 -18.741433
 0.515000 1.792028 -18.431041
 0.517500 1.746329 -17.968252
 0.520000 1.701884 -17.442233
 0.522500 1.658750 -16.940277
 0.525000 1.616780 -16.519487
 0.527500 1.575739 -16.201248
 0.530000 1.535385 -15.964434
 0.532500 1.495562 -15.769702
 0.535000 1.456221 -15.573833
 0.537500 1.417410 -15.341868
 0.540000 1.379251 -15.054580
 0.542500 1.341887 -14.708513
 0.545000 1.305453 -14.311408
 0.547500 1.270062 -13.879463
 0.550000 1.235787 -13.429135
 0.552500 1.202650 -12.979083
 0.555000 1.170617 -12.550784
 0.557500 1.139608 -12.163167
 0.560000 1.109503 -11.834663
 0.562500 1.080137 -11.574718
 0.565000 1.051328 -11.387428
 0.567500 1.022909 -11.265937
 0.570000 0.994729 -11.191650
 0.572500 0.966710 -11.135347
 0.575000 0.938856 -11.058729
 0.577500 0.911254 -10.923814
 0.580000 0.884090 -10.712046
 0.582500 0.857559 -10.421582
 0.585000 0.831833 -10.079051
 0.587500 0.806989 -9.721102
 0.590000 0.783014 -9.396542
 0.592500 0.759778 -9.134316
 0.595000 0.737106 -8.945881
 0.597500 0.714823 -8.825049
 0.600000 0.692781 -8.745969
 0.602500 0.670913 -8.681545
 0.605000 0.649226 -8.605921
 0.607500 0.627765 -8.494048
 0.610000 0.606643 -8.332771
 0.612500 0.585993 -8.117362
 0.615000 0.565954 -7.849454
 0.617500 0.546646 -7.533923
 0.620000 0.528173 -7.187739
 0.622500 0.510588 -6.832025
 0.625000 0.493879 -6.494133
 0.627500 0.477963 -6.200694
 0.630000 0.462696 -5.974379
 0.632500 0.447899 -5.831629
 0.635000 0.433362 -5.766186
 0.637500 0.418910 -5.759613
 0.640000 0.404433 -5.780166
 0.642500 0.389910 -5.794593
 0.645000 0.375395 -5.769376
 0.647500 0.361015 -5.686003
 0.650000 0.346926 -5.538838
 0.652500 0.333278 -5.335726
 0.655000 0.320192 -5.095645
 0.657500 0.307735 -4.836322
 0.660000 0.295930 -4.576188
 0.662500 0.284767 -4.325749
 0.665000 0.274214 -4.090167
 0.667500 0.264234 -3.867437
 0.670000 0.254798 -3.655349
 0.672500 0.245882 -3.451744
 0.675000 0.237464 -3.256919
 0.677500 0.229519 -3.076224
 0.680000 0.222004 -2.915080
 0.682500 0.214860 -2.780393
 0.685000 0.208014 -2.681184
 0.687500 0.201368 -2.618822
 0.690000 0.194833 -2.594738
 0.692500 0.188319 -2.601842
 0.695000 0.181762 -2.627463
 0.697500 0.175134 -2.656567
 0.700000 0.168445 -2.672187
 0.702500 0.161750 -2.661173
 0.705000 0.155130 -2.613301
 0.707500 0.148679 -2.525184
 0.710000 0.142493 -2.403424
 0.712500 0.136642 -2.259041
 0.715000 0.131166 -2.107727
 0.717500 0.126063 -1.963779
 0.720000 0.121298 -1.838239
 0.722500 0.116818 -1.737277
 0.725000 0.112558 -1.661821
 0.727500 0.108461 -1.607318
 0.730000 0.104480 -1.566780
 0.732500 0.100590 -1.533738
 0.735000 0.096780 -1.502519
 0.737500 0.093051 -1.469886
 0.740000 0.089404 -1.434440
 0.742500 0.085851 -1.400028
 0.745000 0.082380 -1.367085
 0.747500 0.078988 -1.338015
 0.750000 0.075666 -1.313122
 0.752500 0.072401 -1.291082
 0.755000 0.069188 -1.270343
 0.757500 0.066029 -1.249432
 0.760000 0.062926 -1.225214
 0.762500 0.059888 -1.196877
 0.765000 0.056928 -1.162740
 0.767500 0.054062 -1.122053
 0.770000 0.051307 -1.075540
 0.772500 0.048672 -1.025473
 0.775000 0.046163 -0.975829
 0.777500 0.043774 -0.931087
 0.780000 0.041489 -0.893462
 0.782500 0.039287 -0.863159
 0.785000 0.037156 -0.837738
 0.787500 0.035086 -0.812153
 0.790000 0.033085 -0.782969
 0.792500 0.031165 -0.747074
 0.795000 0.029344 -0.704609
 0.797500 0.027637 -0.656464
 0.800000 0.026054 -0.605483
 0.802500 0.024600 -0.554085
 0.805000 0.023273 -0.503771
 0.807500 0.022069 -0.455576
 0.810000 0.020984 -0.410153
 0.812500 0.020008 -0.368477
 0.815000 0.019130 -0.332662
 0.817500 0.018331 -0.305241
 0.820000 0.017588 -0.287652
 0.822500 0.016876 -0.281037
 0.825000 0.016170 -0.282904
 0.827500 0.015453 -0.288811
 0.830000 0.014721 -0.294713
 0.832500 0.013979 -0.295699
 0.835000 0.013243 -0.289876
 0.837500 0.012531 -0.277614
 0.840000 0.011854 -0.261986
 0.842500 0.011217 -0.246271
 0.845000 0.010616 -0.233785
 0.847500 0.010041 -0.225503
 0.850000 0.009482 -0.221006
 0.852500 0.008932 -0.218401
 0.855000 0.008388 -0.215711
 0.857500 0.007852 -0.210752
 0.860000 0.007334 -0.202655
 0.862500 0.006840 -0.190297
 0.865000 0.006383 -0.173790
 0.867500 0.005971 -0.153852
 0.870000 0.005612 -0.132263
 0.872500 0.005307 -0.111144
 0.875000 0.005051 -0.093401
 0.877500 0.004833 -0.081520
 0.880000 0.004636 -0.076513
 0.882500 0.004443 -0.078449
 0.885000 0.004238 -0.085872
 0.887500 0.004009 -0.095720
 0.890000 0.003756 -0.106028
 0.892500 0.003480 -0.114163
 0.895000 0.003188 -0.118674
 0.897500 0.002889 -0.119245
 0.900000 0.002594 -0.115822
 0.902500 0.002311 -0.109036
 0.905000 0.002049 -0.099749
 0.907500 0.001813 -0.088991
 0.910000 0.001604 -0.077881
 0.912500 0.001422 -0.067431
 0.915000 0.001265 -0.058168
 0.917500 0.001129 -0.050470
 0.920000 0.001011 -0.044207
 0.922500 0.000906 -0.039195
 0.925000 0.000813 -0.035164
 0.927500 0.000729 -0.031721
 0.930000 0.000654 -0.028313
 0.932500 0.000587 -0.024948
 0.935000 0.000529 -0.021481
 0.937500 0.000479 -0.017984
 0.940000 0.000438 -0.014987
 0.942500 0.000403 -0.012843
 0.945000 0.000372 -0.011849
 0.947500 0.000343 -0.012055
 0.950000 0.000311 -0.013267
 0.952500 0.000276 -0.014838
 0.955000 0.000237 -0.016144
 0.957500 0.000196 -0.016697
 0.960000 0.000154 -0.016126
 0.962500 0.000116 -0.014438
 0.965000 0.000082 -0.012070
 0.967500 0.000056 -0.009391
 0.970000 0.000035 -0.006797
 0.972500 0.000021 -0.004552
 0.975000 0.000012 -0.002871
 0.977500 0.000006 -0.001688
 0.980000 0.000003 -0.000927
 0.982500 0.000001 -0.000461
 0.985000 0.000001 -0.000223
 0.987500 0.000000 -0.000101
 0.990000 0.000000 0.000000
 0.992500 0.000000 0.000000
 0.995000 0.000000 0.000000
 0.997500 0.000000 0.000000
 1.000000 0.000000 0.000000
 1.002500 0.000000 0.000000
 1.005000 0.000000 0.000000
 1.007500 0.000000 0.000000
 1.010000 0.000000 0.000000
 1.012500 0.000000 0.000000
 1.015000 0.000000 0.000000
 1.017500 0.000000 0.000000
 1.020000 0.000000 0.000000
 1.022500 0.000000 0.000000
 1.025000 0.000000 0.000000
 1.027500 0.000000 0.000000
 1.030000 0.000000 0.000000
 1.032500 0.000000 0.000000
 1.035000 0.000000 0.000000
 1.037500 0.000000 0.000000
 1.040000 0.000000 0.000000
 1.042500 0.000000 0.000000
 1.045000 0.000000 0.000000
 1.047500 0.000000 0.000000
 1.050000 0.000000 0.000000
 1.052500 0.000000 0.000000
 1.055000 0.000000 0.000000
 1.057500 0.000000 0.000000
 1.060000 0.000000 0.000000
 1.062500 0.000000 0.000000
 1.065000 0.000000 0.000000
 1.067500 0.000000 0.000000
 1.070000 0.000000 0.000000
 1.072500 0.000000 0.000000
 1.075000 0.000000 0.000000
 1.077500 0.000000 0.000000
 1.080000 0.000000 0.000000
 1.082500 0.000000 0.000000
 1.085000 0.000000 0.000000
 1.087500 0.000000 0.000000
 1.090000 0.000000 0.000000
 1.092500 0.000000 0.000000
 1.095000 0.000000 0.000000
 1.097500 0.000000 0.000000
 1.100000 0.000000 0.000000
 1.102500 0.000000 0.000000
 1.105000 0.000000 0.000000
 1.107500 0.000000 0.000000
 1.110000 0.000000 0.000000
 1.112500 0.000000 0.000000
 1.115000 0.000000 0.000000
 1.117500 0.000000 0.000000
 1.120000 0.000000 0.000000
 1.122500 0.000000 0.000000
 1.125000 0.000000 0.000000
 1.127500 0.000000 0.000000
 1.130000 0.000000 0.000000
 1.132500 0.000000 0.000000
 1.135000 0.000000 0.000000
 1.137500 0.000000 0.000000
 1.140000 0.000000 0.000000
 1.142500 0.000000 0.000000
 1.145000 0.000000 0.000000
 1.147500 0.000000 0.000000
 1.150000 0.000000 0.000000
 1.152500 0.000000 0.000000
 1.155000 0.000000 0.000000
 1.157500 0.000000 0.000000
 1.160000 0.000000 0.000000
 1.162500 0.000000 0.000000
 1.165000 0.000000 0.000000
 1.167500 0.000000 0.000000
 1.170000 0.000000 0.000000
 1.172500 0.000000 0.000000
 1.175000 0.000000 0.000000
 1.177500 0.000000 0.000000
 1.180000 0.000000 0.000000
 1.182500 0.000000 0.000000
 1.185000 0.000000 0.000000
 1.187500 0.000000 0.000000
 1.190000 0.000000 0.000000
 1.192500 0.000000 0.000000
 1.195000 0.000000 0.000000
 1.197500 0.000000 0.000000
 1.200000 0.000000 0.000000
 1.202500 0.000000 0.000000
 1.205000 0.000000 0.000000
 1.207500 0.000000 0.000000
 1.210000 0.000000 0.000000
 1.212500 0.000000 0.000000
 1.215000 0.000000 0.000000
 1.217500 0.000000 0.000000
 1.220000 0.000000 0.000000
 1.222500 0.000000 0.000000
 1.225000 0.000000 0.000000
 1.227500 0.000000 0.000000
 1.230000 0.000000 0.000000
 1.232500 0.000000 0.000000
 1.235000 0.000000 0.000000
 1.237500 0.000000 0.000000
 1.240000 0.000000 0.000000
 1.242500 0.000000 0.000000
 1.245000 0.000000 0.000000
 1.247500 0.000000 0.000000
 1.250000 0.000000 0.000000
 1.252500 0.000000 0.000000
 1.255000 0.000000 0.000000
 1.257500 0.000000 0.000000
 1.260000 0.000000 0.000000
 1.262500 0.000000 0.000000
 1.265000 0.000000 0.000000
 1.267500 0.000000 0.000000
 1.270000 0.000000 0.000000
 1.272500 0.000000 0.000000
 1.275000 0.000000 0.000000
 1.277500 0.000000 0.000000
 1.280000 0.000000 0.000000
 1.282500 0.000000 0.000000
 1.285000 0.000000 0.000000
 1.287500 0.000000 0.000000
 1.290000 0.000000 0.000000
 1.292500 0.000000 0.000000
 1.295000 0.000000 0.000000
 1.297500 0.000000 0.000000
 1.300000 0.000000 0.000000
 1.302500 0.000000 0.000000
 1.305000 0.000000 0.000000
 1.307500 0.000000 0.000000
 1.310000 0.000000 0.000000
 1.312500 0.000000 0.000000
 1.315000 0.000000 0.000000
 1.317500 0.000000 0.000000
 1.320000 0.000000 0.000000
 1.322500 0.000000 0.000000
 1.325000 0.000000 0.000000
 1.327500 0.000000 0.000000
 1.330000 0.000000 0.000000
 1.332500 0.000000 0.000000
 1.335000 0.000000 0.000000
 1.337500 0.000000 0.000000
 1.340000 0.000000 0.000000
 1.342500 0.000000 0.000000
 1.345000 0.000000 0.000000
 1.347500 0.000000 0.000000
 1.350000 0.000000 0.000000
 1.352500 0.000000 0.000000
 1.355000 0.000000 0.000000
 1.357500 0.000000 0.000000
 1.360000 0.000000 0.000000
 1.362500 0.000000 0.000000
 1.365000 0.000000 0.000000
 1.367500 0.000000 0.000000
 1.370000 0.000000 0.000000
 1.372500 0.000000 0.000000
 1.375000 0.000000 0.000000
 1.377500 0.000000 0.000000
 1.380000 0.000000 0.000000
 1.382500 0.000000 0.000000
 1.385000 0.000000 0.000000
 1.387500 0.000000 0.000000
 1.390000 0.000000 0.000000
 1.392500 0.000000 0.000000
 1.395000 0.000000 0.000000
 1.397500 0.000000 0.000000
 1.400000 0.000000 0.000000
 1.402500 0.000000 0.000000
 1.405000 0.000000 0.000000
 1.407500 0.000000 0.000000
 1.410000 0.000000 0.000000
 1.412500 0.000000 0.000000
 1.415000 0.000000 0.000000
 1.417500 0.000000 0.000000
 1.420000 0.000000 0.000000
 1.422500 0.000000 0.000000
 1.425000 0.000000 0.000000
 1.427500 0.000000 0.000000
 1.430000 0.000000 0.000000
 1.432500 0.000000 0.000000
 1.435000 0.000000 0.000000
 1.437500 0.000000 0.000000
 1.440000 0.000000 0.000000
 1.442500 0.000000 0.000000
 1.445000 0.000000 0.000000
 1.447500 0.000000 0.000000
 1.450000 0.000000 0.000000
 1.452500 0.000000 0.000000
 1.455000 0.000000 0.000000
 1.457500 0.000000 0.000000
 1.460000 0.000000 0.000000
 1.462500 0.000000 0.000000
 1.465000 0.000000 0.000000
 1.467500 0.000000 0.000000
 1.470000 0.000000 0.000000
 1.472500 0.000000 0.000000
 1.475000 0.000000 0.000000
 1.477500 0.000000 0.000000
 1.480000 0.000000 0.000000
 1.482500 0.000000 0.000000
 1.485000 0.000000 0.000000
 1.487500 0.000000 0.000000
 1.490000 0.000000 0.000000
 1.492500 0.000000 0.000000
 1.495000 0.000000 0.000000
 1.497500 0.000000 0.000000
 1.500000 0.000000 0.000000
 1.502500 0.000000 0.000000
 1.505000 0.000000 0.000000
 1.507500 0.000000 0.000000
 1.510000 0.000000 0.000000
 1.512500 0.000000 0.000000
 1.515000 0.000000 0.000000
 1.517500 0.000000 0.000000
 1.520000 0.000000 0.000000
 1.522500 0.000000 0.000000
 1.525000 0.000000 0.000000
 1.527500 0.000000 0.000000
 1.530000 0.000000 0.000000
 1.532500 0.000000 0.000000
 1.535000 0.000000 0.000000
 1.537500 0.000000 0.000000
 1.540000 0.000000 0.000000
 1.542500 0.000000 0.000000
 1.545000 0.000000 0.000000
 1.547500 0.000000 0.000000
 1.550000 0.000000 0.000000
 1.552500 0.000000 0.000000
 1.555000 0.000000 0.000000
 1.557500 0.000000 0.000000
 1.560000 0.000000 0.000000
 1.562500 0.000000 0.000000
 1.565000 0.000000 0.000000
 1.567500 0.000000 0.000000
 1.570000 0.000000 0.000000
 1.572500 0.000000 0.000000
 1.575000 0.000000 0.000000
 1.577500 0.000000 0.000000
 1.580000 0.000000 0.000000
 1.582500 0.000000 0.000000
 1.585000 0.000000 0.000000
 1.587500 0.000000 0.000000
 1.590000 0.000000 0.000000
 1.592500 0.000000 0.000000
 1.595000 0.000000 0.000000
 1.597500 0.000000 0.000000
 1.600000 0.000000 0.000000
 1.602500 0.000000 0.000000
 1.605000 0.000000 0.000000
 1.607500 0.000000 0.000000
 1.610000 0.000000 0.000000
 1.612500 0.000000 0.000000
 1.615000 0.000000 0.000000
 1.617500 0.000000 0.000000
 1.620000 0.000000 0.000000
 1.622500 0.000000 0.000000
 1.625000 0.000000 0.000000
 1.627500 0.000000 0.000000
 1.630000 0.000000 0.000000
 1.632500 0.000000 0.000000
 1.635000 0.000000 0.000000
 1.637500 0.000000 0.000000
 1.640000 0.000000 0.000000
 1.642500 0.000000 0.000000
 1.645000 0.000000 0.000000
 1.647500 0.000000 0.000000
 1.650000 0.000000 0.000000
 1.652500 0.000000 0.000000
 1.655000 0.000000 0.000000
 1.657500 0.000000 0.000000
 1.660000 0.000000 0.000000
 1.662500 0.000000 0.000000
 1.665000 0.000000 0.000000
 1.667500 0.000000 0.000000
 1.670000 0.000000 0.000000
 1.672500 0.000000 0.000000
 1.675000 0.000000 0.000000
 1.677500 0.000000 0.000000
 1.680000 0.000000 0.000000
 1.682500 0.000000 0.000000
 1.685000 0.000000 0.000000
 1.687500 0.000000 0.000000
 1.690000 0.000000 0.000000
 1.692500 0.000000 0.000000
 1.695000 0.000000 0.000000
 1.697500 0.000000 0.000000
 1.700000 0.000000 0.000000
 1.702500 0.000000 0.000000
 1.705000 0.000000 0.000000
 1.707500 0.000000 0.000000
 1.710000 0.000000 0.000000
 1.712500 0.000000 0.000000
 1.715000 0.000000 0.000000
 1.717500 0.000000 0.000000
 1.720000 0.000000 0.000000
 1.722500 0.000000 0.000000
 1.725000 0.000000 0.000000
 1.727500 0.000000 0.000000
 1.730000 0.000000 0.000000
 1.732500 0.000000 0.000000
 1.735000 0.000000 0.000000
 1.737500 0.000000 0.000000
 1.740000 0.000000 0.000000
 1.742500 0.000000 0.000000
 1.745000 0.000000 0.000000
 1.747500 0.000000 0.000000
 1.750000 0.000000 0.000000
 1.752500 0.000000 0.000000
 1.755000 0.000000 0.000000
 1.757500 0.000000 0.000000
 1.760000 0.000000 0.000000
 1.762500 0.000000 0.000000
 1.765000 0.000000 0.000000
 1.767500 0.000000 0.000000
 1.770000 0.000000 0.000000
 1.772500 0.000000 0.000000
 1.775000 0.000000 0.000000
 1.777500 0.000000 0.000000
 1.780000 0.000000 0.000000
 1.782500 0.000000 0.000000
 1.785000 0.000000 0.000000
 1.787500 0.000000 0.000000
 1.790000 0.000000 0.000000
 1.792500 0.000000 0.000000
 1.795000 0.000000 0.000000
 1.797500 0.000000 0.000000
 1.800000 0.000000 0.000000
 1.802500 0.000000 0.000000
 1.805000 0.000000 0.000000
 1.807500 0.000000 0.000000
 1.810000 0.000000 0.000000
 1.812500 0.000000 0.000000
 1.815000 0.000000 0.000000
 1.817500 0.000000 0.000000
 1.820000 0.000000 0.000000
 1.822500 0.000000 0.000000
 1.825000 0.000000 0.000000
 1.827500 0.000000 0.000000
 1.830000 0.000000 0.000000
 1.832500 0.000000 0.000000
 1.835000 0.000000 0.000000
 1.837500 0.000000 0.000000
 1.840000 0.000000 0.000000
 1.842500 0.000000 0.000000
 1.845000 0.000000 0.000000
 1.847500 0.000000 0.000000
 1.850000 0.000000 0.000000
 1.852500 0.000000 0.000000
 1.855000 0.000000 0.000000
 1.857500 0.000000 0.000000
 1.860000 0.000000 0.000000
 1.862500 0.000000 0.000000
 1.865000 0.000000 0.000000
 1.867500 0.000000 0.000000
 1.870000 0.000000 0.000000
 1.872500 0.000000 0.000000
 1.875000 0.000000 0.000000
 1.877500 0.000000 0.000000
 1.880000 0.000000 0.000000
 1.882500 0.000000 0.000000
 1.885000 0.000000 0.000000
 1.887500 0.000000 0.000000
 1.890000 0.000000 0.000000
 1.892500 0.000000 0.000000
 1.895000 0.000000 0.000000
 1.897500 0.000000 0.000000
 1.900000 0.000000 0.000000
 1.902500 0.000000 0.000000
 1.905000 0.000000 0.000000
 1.907500 0.000000 0.000000
 1.910000 0.000000 0.000000
 1.912500 0.000000 0.000000
 1.915000 0.000000 0.000000
 1.917500 0.000000 0.000000
 1.920000 0.000000 0.000000
 1.922500 0.000000 0.000000
 1.925000 0.000000 0.000000
 1.927500 0.000000 0.000000
 1.930000 0.000000 0.000000
 1.932500 0.000000 0.000000
 1.935000 0.000000 0.000000
 1.937500 0.000000 0.000000
 1.940000 0.000000 0.000000
 1.942500 0.000000 0.000000
 1.945000 0.000000 0.000000
 1.947500 0.000000 0.000000
 1.950000 0.000000 0.000000
 1.952500 0.000000 0.000000
 1.955000 0.000000 0.000000
 1.957500 0.000000 0.000000
 1.960000 0.000000 0.000000
 1.962500 0.000000 0.000000
 1.965000 0.000000 0.000000
 1.967500 0.000000 0.000000
 1.970000 0.000000 0.000000
 1.972500 0.000000 0.000000
 1.975000 0.000000 0.000000
 1.977500 0.000000 0.000000
 1.980000 0.000000 0.000000
 1.982500 0.000000 0.000000
 1.985000 0.000000 0.000000
 1.987500 0.000000 0.000000
 1.990000 0.000000 0.000000
 1.992500 0.000000 0.000000
 1.995000 0.000000 0.000000
 1.997500 0.000000 0.000000
 2.000000 0.000000 0.000000
