#! FIELDS es hh dhh_es
#! SET normalisation  2000.000000
#! SET min_es -0.5
#! SET max_es 2
#! SET nbins_es  1000
#! SET periodic_es false
 -0.500000 0.000000 0.000000
 -0.497500 0.000000 0.000000
 -0.495000 0.000000 0.000000
 -0.492500 0.000000 0.000000
 -0.490000 0.000000 0.000000
 -0.487500 0.000000 0.000000
 -0.485000 0.000000 0.000000
 -0.482500 0.000000 0.000000
 -0.480000 0.000000 0.000000
 -0.477500 0.000000 0.000000
 -0.475000 0.000000 0.000000
 -0.472500 0.000000 0.000000
 -0.470000 0.000000 0.000000
 -0.467500 0.000000 0.000000
 -0.465000 0.000000 0.000000
 -0.462500 0.000000 0.000000
 -0.460000 0.000000 0.000000
 -0.457500 0.000000 0.000000
 -0.455000 0.000000 0.000000
 -0.452500 0.000000 0.000000
 -0.450000 0.000000 0.000000
 -0.447500 0.000000 0.000000
 -0.445000 0.000000 0.000000
 -0.442500 0.000000 0.000000
 -0.440000 0.000000 0.000000
 -0.437500 0.000000 0.000000
 -0.435000 0.000000 0.000000
 -0.432500 0.000000 0.000000
 -0.430000 0.000000 0.000000
 -0.427500 0.000000 0.000000
 -0.425000 0.000000 0.000000
 -0.422500 0.000000 0.000000
 -0.420000 0.000000 0.000000
 -0.417500 0.000000 0.000000
 -0.415000 0.000000 0.000000
 -0.412500 0.000000 0.000000
 -0.410000 0.000000 0.000000
 -0.407500 0.000000 0.000000
 -0.405000 0.000000 0.000000
 -0.402500 0.000000 0.000000
 -0.400000 0.000000 0.000000
 -0.397500 0.000000 0.000000
 -0.395000 0.000000 0.000000
 -0.392500 0.000000 0.000000
 -0.390000 0.000000 0.000000
 -0.387500 0.000000 0.000000
 -0.385000 0.000000 0.000000
 -0.382500 0.000000 0.000000
 -0.380000 0.000000 0.000000
 -0.377500 0.000000 0.000000
 -0.375000 0.000000 0.000000
 -0.372500 0.000000 0.000000
 -0.370000 0.000000 0.000000
 -0.367500 0.000000 0.000000
 -0.365000 0.000000 0.000000
 -0.362500 0.000000 0.000000
 -0.360000 0.000000 0.000000
 -0.357500 0.000000 0.000000
 -0.355000 0.000000 0.000000
 -0.352500 0.000000 0.000000
 -0.350000 0.000000 0.000000
 -0.347500 0.000000 0.000000
 -0.345000 0.000000 0.000000
 -0.342500 0.000000 0.000000
 -0.340000 0.000000 0.000000
 -0.337500 0.000000 0.000000
 -0.335000 0.000000 0.000000
 -0.332500 0.000000 0.000000
 -0.330000 0.000000 0.000000
 -0.327500 0.000000 0.000000
 -0.325000 0.000000 0.000000
 -0.322500 0.000000 0.000000
 -0.320000 0.000000 0.000000
 -0.317500 0.000000 0.000000
 -0.315000 0.000000 0.000000
 -0.312500 0.000000 0.000000
 -0.310000 0.000000 0.000000
 -0.307500 0.000000 0.000000
 -0.305000 0.000000 0.000000
 -0.302500 0.000000 0.000000
 -0.300000 0.000000 0.000000
 -0.297500 0.000000 0.000000
 -0.295000 0.000000 0.000000
 -0.292500 0.000000 0.000000
 -0.290000 0.000000 0.000000
 -0.287500 0.000000 0.000000
 -0.285000 0.000000 0.000000
 -0.282500 0.000000 0.000000
 -0.280000 0.000000 0.000000
 -0.277500 0.000000 0.000000
 -0.275000 0.000000 0.000000
 -0.272500 0.000000 0.000000
 -0.270000 0.000000 0.000000
 -0.267500 0.000000 0.000000
 -0.265000 0.000000 0.000000
 -0.262500 0.000000 0.000000
 -0.260000 0.000000 0.000000
 -0.257500 0.000000 0.000000
 -0.255000 0.000000 0.000000
 -0.252500 0.000000 0.000000
 -0.250000 0.000000 0.000000
 -0.247500 0.000000 0.000000
 -0.245000 0.000000 0.000000
 -0.242500 0.000000 0.000000
 -0.240000 0.000000 0.000000
 -0.237500 0.000000 0.000000
 -0.235000 0.000000 0.000000
 -0.232500 0.000000 0.000000
 -0.230000 0.000000 0.000000
 -0.227500 0.000000 0.000000
 -0.225000 0.000000 0.000000
 -0.222500 0.000000 0.000000
 -0.220000 0.000000 0.000000
 -0.217500 0.000000 0.000000
 -0.215000 0.000000 0.000000
 -0.212500 0.000000 0.000000
 -0.210000 0.000000 0.000000
 -0.207500 0.000000 0.000000
 -0.205000 0.000000 0.000000
 -0.202500 0.000000 0.000000
 -0.200000 0.000000 0.000000
 -0.197500 0.000000 0.000000
 -0.195000 0.000000 0.000000
 -0.192500 0.000000 0.000000
 -0.190000 0.000000 0.000000
 -0.187500 0.000000 0.000000
 -0.185000 0.000000 0.000000
 -0.182500 0.000000 0.000000
 -0.180000 0.000000 0.000000
 -0.177500 0.000000 0.000000
 -0.175000 0.000000 0.000000
 -0.172500 0.000000 0.000000
 -0.170000 0.000000 0.000000
 -0.167500 0.000000 0.000000
 -0.165000 0.000000 0.000000
 -0.162500 0.000000 0.000000
 -0.160000 0.000000 0.000000
 -0.157500 0.000000 0.000000
 -0.155000 0.000000 0.000000
 -0.152500 0.000000 0.000000
 -0.150000 0.000000 0.000000
 -0.147500 0.000000 0.000000
 -0.145000 0.000000 0.000000
 -0.142500 0.000000 0.000000
 -0.140000 0.000000 0.000000
 -0.137500 0.000000 0.000000
 -0.135000 0.000000 0.000000
 -0.132500 0.000000 0.000000
 -0.130000 0.000000 0.000000
 -0.127500 0.000000 0.000000
 -0.125000 0.000000 0.000000
 -0.122500 0.000000 0.000000
 -0.120000 0.000000 0.000000
 -0.117500 0.000000 0.000000
 -0.115000 0.000000 0.000000
 -0.112500 0.000000 0.000000
 -0.110000 0.000000 0.000000
 -0.107500 0.000000 0.000000
 -0.105000 0.000000 0.000000
 -0.102500 0.000000 0.000000
 -0.100000 0.000000 0.000000
 -0.097500 0.000000 0.000000
 -0.095000 0.000000 0.000000
 -0.092500 0.000000 0.000000
 -0.090000 0.000000 0.000000
 -0.087500 0.000000 0.000000
 -0.085000 0.000000 0.000000
 -0.082500 0.000000 0.000000
 -0.080000 0.000000 0.000000
 -0.077500 0.000000 0.000000
 -0.075000 0.000000 0.000000
 -0.072500 0.000000 0.000000
 -0.070000 0.000000 0.000000
 -0.067500 0.000000 0.000000
 -0.065000 0.000000 0.000000
 -0.062500 0.000000 0.000000
 -0.060000 0.000000 0.000000
 -0.057500 0.000000 0.000000
 -0.055000 0.000000 0.000000
 -0.052500 0.000000 0.000000
 -0.050000 0.000000 0.000000
 -0.047500 0.000000 0.000000
 -0.045000 0.000000 0.000000
 -0.042500 0.000000 0.000000
 -0.040000 0.000000 0.000000
 -0.037500 0.000000 0.000000
 -0.035000 0.000000 0.000000
 -0.032500 0.000000 0.000000
 -0.030000 0.000000 0.000000
 -0.027500 0.000000 0.000000
 -0.025000 0.000000 0.000000
 -0.022500 0.000000 0.000000
 -0.020000 0.000000 0.000000
 -0.017500 0.000000 0.000015
 -0.015000 0.000000 0.000116
 -0.012500 0.000001 0.000322
 -0.010000 0.000002 0.000806
 -0.007500 0.000006 0.002085
 -0.005000 0.000015 0.004803
 -0.002500 0.000035 0.010248
 0.000000 0.000073 0.020593
 0.002500 0.000148 0.039209
 0.005000 0.000285 0.071008
 0.007500 0.000527 0.123407
 0.010000 0.000937 0.206087
 0.012500 0.001603 0.330402
 0.015000 0.002649 0.510838
 0.017500 0.004235 0.763565
 0.020000 0.006564 1.105799
 0.022500 0.009879 1.554396
 0.025000 0.014467 2.126161
 0.027500 0.020660 2.837725
 0.030000 0.028823 3.703438
 0.032500 0.039359 4.734899
 0.035000 0.052693 5.940287
 0.037500 0.069263 7.320498
 0.040000 0.089500 8.868896
 0.042500 0.113806 10.568594
 0.045000 0.142527 12.394499
 0.047500 0.175941 14.315779
 0.050000 0.214248 16.301121
 0.052500 0.257578 18.326904
 0.055000 0.306005 20.374709
 0.057500 0.359572 22.436925
 0.060000 0.418316 24.511410
 0.062500 0.482255 26.589211
 0.065000 0.551373 28.647890
 0.067500 0.625579 30.647105
 0.070000 0.704651 32.527149
 0.072500 0.788199 34.216481
 0.075000 0.875667 35.651624
 0.077500 0.966357 36.787663
 0.080000 1.059501 37.612041
 0.082500 1.154330 38.140677
 0.085000 1.250151 38.415699
 0.087500 1.346397 38.491048
 0.090000 1.442635 38.416052
 0.092500 1.538540 38.232724
 0.095000 1.633888 37.973245
 0.097500 1.728498 37.650731
 0.100000 1.822232 37.273727
 0.102500 1.914954 36.843807
 0.105000 2.006539 36.366020
 0.107500 2.096850 35.836329
 0.110000 2.185781 35.264411
 0.112500 2.273228 34.654596
 0.115000 2.359108 34.013544
 0.117500 2.443332 33.337107
 0.120000 2.525792 32.605311
 0.122500 2.606298 31.773083
 0.125000 2.684541 30.787735
 0.127500 2.760068 29.599573
 0.130000 2.832329 28.187272
 0.132500 2.900794 26.572078
 0.135000 2.965044 24.836458
 0.137500 3.024908 23.096725
 0.140000 3.080553 21.482603
 0.142500 3.132409 20.078845
 0.145000 3.181041 18.915619
 0.147500 3.227025 17.956014
 0.150000 3.270775 17.113176
 0.152500 3.312474 16.307545
 0.155000 3.352138 15.485792
 0.157500 3.389709 14.647375
 0.160000 3.425192 13.824753
 0.162500 3.458678 13.060804
 0.165000 3.490339 12.372362
 0.167500 3.520359 11.748223
 0.170000 3.548845 11.145635
 0.172500 3.575819 10.540665
 0.175000 3.601256 9.917286
 0.177500 3.625129 9.300946
 0.180000 3.647503 8.725175
 0.182500 3.668499 8.211817
 0.185000 3.688295 7.747206
 0.187500 3.706964 7.310526
 0.190000 3.724516 6.858220
 0.192500 3.740883 6.367479
 0.195000 3.755971 5.838640
 0.197500 3.769714 5.296839
 0.200000 3.782100 4.755875
 0.202500 3.793128 4.208596
 0.205000 3.802742 3.617541
 0.207500 3.810764 2.927707
 0.210000 3.816887 2.097709
 0.212500 3.820739 1.122235
 0.215000 3.822000 0.032971
 0.217500 3.820469 -1.079531
 0.220000 3.816224 -2.134537
 0.222500 3.809512 -3.053644
 0.225000 3.800702 -3.803381
 0.227500 3.790192 -4.411610
 0.230000 3.778265 -4.945587
 0.232500 3.765011 -5.491957
 0.235000 3.750292 -6.124315
 0.237500 3.733850 -6.874547
 0.240000 3.715379 -7.733077
 0.242500 3.694690 -8.641105
 0.245000 3.671752 -9.505208
 0.247500 3.646795 -10.251352
 0.250000 3.620174 -10.817936
 0.252500 3.592369 -11.211230
 0.255000 3.563745 -11.481706
 0.257500 3.534513 -11.712746
 0.260000 3.504650 -12.007680
 0.262500 3.473885 -12.436113
 0.265000 3.441834 -13.038228
 0.267500 3.408069 -13.805617
 0.270000 3.372237 -14.680127
 0.272500 3.334172 -15.575114
 0.275000 3.293944 -16.388773
 0.277500 3.251862 -17.044012
 0.280000 3.208406 -17.491757
 0.282500 3.164074 -17.743795
 0.285000 3.119306 -17.859338
 0.287500 3.074331 -17.922816
 0.290000 3.029173 -18.018625
 0.292500 2.983672 -18.206935
 0.295000 2.937574 -18.500164
 0.297500 2.890628 -18.874730
 0.300000 2.842673 -19.295222
 0.302500 2.793657 -19.724427
 0.305000 2.743599 -20.129056
 0.307500 2.692583 -20.486481
 0.310000 2.640745 -20.781378
 0.312500 2.588281 -20.992701
 0.315000 2.535411 -21.091654
 0.317500 2.482471 -21.058950
 0.320000 2.429803 -20.869712
 0.322500 2.377812 -20.522843
 0.325000 2.326869 -20.042037
 0.327500 2.277250 -19.472962
 0.330000 2.229090 -18.880308
 0.332500 2.182375 -18.338220
 0.335000 2.136897 -17.891414
 0.337500 2.092393 -17.569909
 0.340000 2.048547 -17.369428
 0.342500 2.005071 -17.266177
 0.345000 1.961766 -17.229851
 0.347500 1.918500 -17.229388
 0.350000 1.875227 -17.239079
 0.352500 1.831959 -17.219505
 0.355000 1.788819 -17.139175
 0.357500 1.745994 -16.951860
 0.360000 1.703803 -16.640780
 0.362500 1.662570 -16.192942
 0.365000 1.622603 -15.636758
 0.367500 1.584111 -15.024659
 0.370000 1.547140 -14.433606
 0.372500 1.511554 -13.928707
 0.375000 1.477079 -13.553270
 0.377500 1.443370 -13.315895
 0.380000 1.410104 -13.192212
 0.382500 1.377056 -13.137388
 0.385000 1.344115 -13.101968
 0.387500 1.311290 -13.044499
 0.390000 1.278665 -12.937530
 0.392500 1.246376 -12.778991
 0.395000 1.214546 -12.573056
 0.397500 1.183276 -12.338437
 0.400000 1.152619 -12.088654
 0.402500 1.122591 -11.840595
 0.405000 1.093178 -11.602189
 0.407500 1.064344 -11.374606
 0.410000 1.036075 -11.149130
 0.412500 1.008389 -10.912058
 0.415000 0.981333 -10.637379
 0.417500 0.955024 -10.314090
 0.420000 0.929592 -9.943933
 0.422500 0.905132 -9.542067
 0.425000 0.881682 -9.142478
 0.427500 0.859190 -8.785093
 0.430000 0.837507 -8.500345
 0.432500 0.816433 -8.301341
 0.435000 0.795754 -8.179346
 0.437500 0.775312 -8.111502
 0.440000 0.755010 -8.061719
 0.442500 0.734847 -8.003742
 0.445000 0.714862 -7.913063
 0.447500 0.695151 -7.787376
 0.450000 0.675796 -7.631662
 0.452500 0.656859 -7.455407
 0.455000 0.638379 -7.269838
 0.457500 0.620371 -7.081889
 0.460000 0.602839 -6.890621
 0.462500 0.585789 -6.695137
 0.465000 0.569236 -6.496578
 0.467500 0.553180 -6.299083
 0.470000 0.537608 -6.113715
 0.472500 0.522470 -5.951999
 0.475000 0.507693 -5.827880
 0.477500 0.493177 -5.744419
 0.480000 0.478825 -5.698965
 0.482500 0.464553 -5.677308
 0.485000 0.450324 -5.665477
 0.487500 0.436128 -5.644839
 0.490000 0.422013 -5.601661
 0.492500 0.408053 -5.521329
 0.495000 0.394350 -5.394983
 0.497500 0.381025 -5.220941
 0.500000 0.368189 -5.006336
 0.502500 0.355925 -4.766430
 0.505000 0.344271 -4.524370
 0.507500 0.333204 -4.303541
 0.510000 0.322643 -4.120147
 0.512500 0.312482 -3.985460
 0.515000 0.302602 -3.895402
 0.517500 0.292905 -3.834199
 0.520000 0.283350 -3.780394
 0.522500 0.273946 -3.710490
 0.525000 0.264755 -3.607799
 0.527500 0.255870 -3.467619
 0.530000 0.247380 -3.295681
 0.532500 0.239342 -3.110303
 0.535000 0.231764 -2.931530
 0.537500 0.224604 -2.777537
 0.540000 0.217789 -2.659901
 0.542500 0.211224 -2.577846
 0.545000 0.204825 -2.526072
 0.547500 0.198528 -2.493743
 0.550000 0.192299 -2.470975
 0.552500 0.186125 -2.448688
 0.555000 0.180013 -2.421400
 0.557500 0.173981 -2.386069
 0.560000 0.168050 -2.339190
 0.562500 0.162250 -2.280385
 0.565000 0.156616 -2.210186
 0.567500 0.151175 -2.126452
 0.570000 0.145960 -2.029077
 0.572500 0.141005 -1.919912
 0.575000 0.136333 -1.802528
 0.577500 0.131958 -1.684486
 0.580000 0.127869 -1.574874
 0.582500 0.124035 -1.483704
 0.585000 0.120400 -1.417520
 0.587500 0.116896 -1.377840
 0.590000 0.113460 -1.360728
 0.592500 0.110050 -1.357704
 0.595000 0.106644 -1.357592
 0.597500 0.103243 -1.350315
 0.600000 0.099875 -1.332227
 0.602500 0.096566 -1.304276
 0.605000 0.093336 -1.269608
 0.607500 0.090196 -1.233406
 0.610000 0.087144 -1.200847
 0.612500 0.084168 -1.171864
 0.615000 0.081261 -1.146583
 0.617500 0.078417 -1.120274
 0.620000 0.075643 -1.089524
 0.622500 0.072956 -1.051793
 0.625000 0.070374 -1.004964
 0.627500 0.067922 -0.947774
 0.630000 0.065624 -0.882451
 0.632500 0.063495 -0.813951
 0.635000 0.061535 -0.748182
 0.637500 0.059728 -0.694926
 0.640000 0.058029 -0.662023
 0.642500 0.056381 -0.654746
 0.645000 0.054720 -0.673328
 0.647500 0.052986 -0.709829
 0.650000 0.051151 -0.752674
 0.652500 0.049215 -0.787826
 0.655000 0.047215 -0.803559
 0.657500 0.045206 -0.794899
 0.660000 0.043248 -0.763302
 0.662500 0.041390 -0.716159
 0.665000 0.039659 -0.663744
 0.667500 0.038057 -0.616429
 0.670000 0.036559 -0.580216
 0.672500 0.035132 -0.559324
 0.675000 0.033739 -0.553938
 0.677500 0.032344 -0.560586
 0.680000 0.030921 -0.575562
 0.682500 0.029456 -0.592841
 0.685000 0.027950 -0.607057
 0.687500 0.026417 -0.613476
 0.690000 0.024881 -0.608569
 0.692500 0.023377 -0.591053
 0.695000 0.021932 -0.559424
 0.697500 0.020582 -0.516572
 0.700000 0.019350 -0.465200
 0.702500 0.018254 -0.408849
 0.705000 0.017302 -0.350508
 0.707500 0.016495 -0.292912
 0.710000 0.015830 -0.237647
 0.712500 0.015298 -0.186124
 0.715000 0.014889 -0.140134
 0.717500 0.014586 -0.102040
 0.720000 0.014364 -0.075804
 0.722500 0.014188 -0.065669
 0.725000 0.014015 -0.074682
 0.727500 0.013795 -0.102053
 0.730000 0.013489 -0.144127
 0.732500 0.013067 -0.192195
 0.735000 0.012527 -0.236987
 0.737500 0.011889 -0.269566
 0.740000 0.011191 -0.284607
 0.742500 0.010478 -0.281300
 0.745000 0.009795 -0.262514
 0.747500 0.009172 -0.233717
 0.750000 0.008627 -0.201246
 0.752500 0.008163 -0.169901
 0.755000 0.007772 -0.142709
 0.757500 0.007442 -0.121218
 0.760000 0.007159 -0.105727
 0.762500 0.006907 -0.095622
 0.765000 0.006674 -0.090617
 0.767500 0.006447 -0.090399
 0.770000 0.006216 -0.093878
 0.772500 0.005972 -0.100541
 0.775000 0.005710 -0.108771
 0.777500 0.005427 -0.117152
 0.780000 0.005124 -0.123950
 0.782500 0.004808 -0.127648
 0.785000 0.004489 -0.126768
 0.787500 0.004178 -0.120157
 0.790000 0.003891 -0.107676
 0.792500 0.003643 -0.089478
 0.795000 0.003446 -0.067293
 0.797500 0.003307 -0.043530
 0.800000 0.003227 -0.021027
 0.802500 0.003198 -0.002656
 0.805000 0.003207 0.008946
 0.807500 0.003234 0.011973
 0.810000 0.003258 0.005994
 0.812500 0.003257 -0.007980
 0.815000 0.003213 -0.027266
 0.817500 0.003117 -0.048479
 0.820000 0.002971 -0.067735
 0.822500 0.002783 -0.081633
 0.825000 0.002568 -0.088462
 0.827500 0.002345 -0.088346
 0.830000 0.002130 -0.082794
 0.832500 0.001934 -0.073985
 0.835000 0.001761 -0.064095
 0.837500 0.001612 -0.054855
 0.840000 0.001485 -0.047072
 0.842500 0.001374 -0.041411
 0.845000 0.001276 -0.037801
 0.847500 0.001183 -0.036058
 0.850000 0.001094 -0.035666
 0.852500 0.001004 -0.036069
 0.855000 0.000913 -0.036105
 0.857500 0.000823 -0.034974
 0.860000 0.000739 -0.032133
 0.862500 0.000664 -0.027592
 0.865000 0.000602 -0.021899
 0.867500 0.000554 -0.016226
 0.870000 0.000519 -0.011733
 0.872500 0.000493 -0.009260
 0.875000 0.000471 -0.009058
 0.877500 0.000446 -0.010450
 0.880000 0.000418 -0.012478
 0.882500 0.000385 -0.013874
 0.885000 0.000350 -0.013728
 0.887500 0.000317 -0.011914
 0.890000 0.000291 -0.008801
 0.892500 0.000273 -0.005326
 0.895000 0.000264 -0.002407
 0.897500 0.000260 -0.000789
 0.900000 0.000258 -0.000740
 0.902500 0.000255 -0.002138
 0.905000 0.000247 -0.004516
 0.907500 0.000232 -0.007230
 0.910000 0.000211 -0.009687
 0.912500 0.000184 -0.011419
 0.915000 0.000154 -0.012218
 0.917500 0.000124 -0.012026
 0.920000 0.000095 -0.010999
 0.922500 0.000069 -0.009398
 0.925000 0.000048 -0.007505
 0.927500 0.000032 -0.005612
 0.930000 0.000020 -0.003932
 0.932500 0.000012 -0.002582
 0.935000 0.000006 -0.001589
 0.937500 0.000003 -0.000903
 0.940000 0.000002 -0.000491
 0.942500 0.000001 -0.000233
 0.945000 0.000000 -0.000112
 0.947500 0.000000 -0.000051
 0.950000 0.000000 0.000000
 0.952500 0.000000 0.000000
 0.955000 0.000000 0.000000
 0.957500 0.000000 0.000000
 0.960000 0.000000 0.000000
 0.962500 0.000000 0.000000
 0.965000 0.000000 0.000000
 0.967500 0.000000 0.000000
 0.970000 0.000000 0.000000
 0.972500 0.000000 0.000000
 0.975000 0.000000 0.000000
 0.977500 0.000000 0.000000
 0.980000 0.000000 0.000000
 0.982500 0.000000 0.000000
 0.985000 0.000000 0.000000
 0.987500 0.000000 0.000000
 0.990000 0.000000 0.000000
 0.992500 0.000000 0.000000
 0.995000 0.000000 0.000000
 0.997500 0.000000 0.000000
 1.000000 0.000000 0.000000
 1.002500 0.000000 0.000000
 1.005000 0.000000 0.000000
 1.007500 0.000000 0.000000
 1.010000 0.000000 0.000000
 1.012500 0.000000 0.000000
 1.015000 0.000000 0.000000
 1.017500 0.000000 0.000000
 1.020000 0.000000 0.000000
 1.022500 0.000000 0.000000
 1.025000 0.000000 0.000000
 1.027500 0.000000 0.000000
 1.030000 0.000000 0.000000
 1.032500 0.000000 0.000000
 1.035000 0.000000 0.000000
 1.037500 0.000000 0.000000
 1.040000 0.000000 0.000000
 1.042500 0.000000 0.000000
 1.045000 0.000000 0.000000
 1.047500 0.000000 0.000000
 1.050000 0.000000 0.000000
 1.052500 0.000000 0.000000
 1.055000 0.000000 0.000000
 1.057500 0.000000 0.000000
 1.060000 0.000000 0.000000
 1.062500 0.000000 0.000000
 1.065000 0.000000 0.000000
 1.067500 0.000000 0.000000
 1.070000 0.000000 0.000000
 1.072500 0.000000 0.000000
 1.075000 0.000000 0.000000
 1.077500 0.000000 0.000000
 1.080000 0.000000 0.000000
 1.082500 0.000000 0.000000
 1.085000 0.000000 0.000000
 1.087500 0.000000 0.000000
 1.090000 0.000000 0.000000
 1.092500 0.000000 0.000000
 1.095000 0.000000 0.000000
 1.097500 0.000000 0.000000
 1.100000 0.000000 0.000000
 1.102500 0.000000 0.000000
 1.105000 0.000000 0.000000
 1.107500 0.000000 0.000000
 1.110000 0.000000 0.000000
 1.112500 0.000000 0.000000
 1.115000 0.000000 0.000000
 1.117500 0.000000 0.000000
 1.120000 0.000000 0.000000
 1.122500 0.000000 0.000000
 1.125000 0.000000 0.000000
 1.127500 0.000000 0.000000
 1.130000 0.000000 0.000000
 1.132500 0.000000 0.000000
 1.135000 0.000000 0.000000
 1.137500 0.000000 0.000000
 1.140000 0.000000 0.000000
 1.142500 0.000000 0.000000
 1.145000 0.000000 0.000000
 1.147500 0.000000 0.000000
 1.150000 0.000000 0.000000
 1.152500 0.000000 0.000000
 1.155000 0.000000 0.000000
 1.157500 0.000000 0.000000
 1.160000 0.000000 0.000000
 1.162500 0.000000 0.000000
 1.165000 0.000000 0.000000
 1.167500 0.000000 0.000000
 1.170000 0.000000 0.000000
 1.172500 0.000000 0.000000
 1.175000 0.000000 0.000000
 1.177500 0.000000 0.000000
 1.180000 0.000000 0.000000
 1.182500 0.000000 0.000000
 1.185000 0.000000 0.000000
 1.187500 0.000000 0.000000
 1.190000 0.000000 0.000000
 1.192500 0.000000 0.000000
 1.195000 0.000000 0.000000
 1.197500 0.000000 0.000000
 1.200000 0.000000 0.000000
 1.202500 0.000000 0.000000
 1.205000 0.000000 0.000000
 1.207500 0.000000 0.000000
 1.210000 0.000000 0.000000
 1.212500 0.000000 0.000000
 1.215000 0.000000 0.000000
 1.217500 0.000000 0.000000
 1.220000 0.000000 0.000000
 1.222500 0.000000 0.000000
 1.225000 0.000000 0.000000
 1.227500 0.000000 0.000000
 1.230000 0.000000 0.000000
 1.232500 0.000000 0.000000
 1.235000 0.000000 0.000000
 1.237500 0.000000 0.000000
 1.240000 0.000000 0.000000
 1.242500 0.000000 0.000000
 1.245000 0.000000 0.000000
 1.247500 0.000000 0.000000
 1.250000 0.000000 0.000000
 1.252500 0.000000 0.000000
 1.255000 0.000000 0.000000
 1.257500 0.000000 0.000000
 1.260000 0.000000 0.000000
 1.262500 0.000000 0.000000
 1.265000 0.000000 0.000000
 1.267500 0.000000 0.000000
 1.270000 0.000000 0.000000
 1.272500 0.000000 0.000000
 1.275000 0.000000 0.000000
 1.277500 0.000000 0.000000
 1.280000 0.000000 0.000000
 1.282500 0.000000 0.000000
 1.285000 0.000000 0.000000
 1.287500 0.000000 0.000000
 1.290000 0.000000 0.000000
 1.292500 0.000000 0.000000
 1.295000 0.000000 0.000000
 1.297500 0.000000 0.000000
 1.300000 0.000000 0.000000
 1.302500 0.000000 0.000000
 1.305000 0.000000 0.000000
 1.307500 0.000000 0.000000
 1.310000 0.000000 0.000000
 1.312500 0.000000 0.000000
 1.315000 0.000000 0.000000
 1.317500 0.000000 0.000000
 1.320000 0.000000 0.000000
 1.322500 0.000000 0.000000
 1.325000 0.000000 0.000000
 1.327500 0.000000 0.000000
 1.330000 0.000000 0.000000
 1.332500 0.000000 0.000000
 1.335000 0.000000 0.000000
 1.337500 0.000000 0.000000
 1.340000 0.000000 0.000000
 1.342500 0.000000 0.000000
 1.345000 0.000000 0.000000
 1.347500 0.000000 0.000000
 1.350000 0.000000 0.000000
 1.352500 0.000000 0.000000
 1.355000 0.000000 0.000000
 1.357500 0.000000 0.000000
 1.360000 0.000000 0.000000
 1.362500 0.000000 0.000000
 1.365000 0.000000 0.000000
 1.367500 0.000000 0.000000
 1.370000 0.000000 0.000000
 1.372500 0.000000 0.000000
 1.375000 0.000000 0.000000
 1.377500 0.000000 0.000000
 1.380000 0.000000 0.000000
 1.382500 0.000000 0.000000
 1.385000 0.000000 0.000000
 1.387500 0.000000 0.000000
 1.390000 0.000000 0.000000
 1.392500 0.000000 0.000000
 1.395000 0.000000 0.000000
 1.397500 0.000000 0.000000
 1.400000 0.000000 0.000000
 1.402500 0.000000 0.000000
 1.405000 0.000000 0.000000
 1.407500 0.000000 0.000000
 1.410000 0.000000 0.000000
 1.412500 0.000000 0.000000
 1.415000 0.000000 0.000000
 1.417500 0.000000 0.000000
 1.420000 0.000000 0.000000
 1.422500 0.000000 0.000000
 1.425000 0.000000 0.000000
 1.427500 0.000000 0.000000
 1.430000 0.000000 0.000000
 1.432500 0.000000 0.000000
 1.435000 0.000000 0.000000
 1.437500 0.000000 0.000000
 1.440000 0.000000 0.000000
 1.442500 0.000000 0.000000
 1.445000 0.000000 0.000000
 1.447500 0.000000 0.000000
 1.450000 0.000000 0.000000
 1.452500 0.000000 0.000000
 1.455000 0.000000 0.000000
 1.457500 0.000000 0.000000
 1.460000 0.000000 0.000000
 1.462500 0.000000 0.000000
 1.465000 0.000000 0.000000
 1.467500 0.000000 0.000000
 1.470000 0.000000 0.000000
 1.472500 0.000000 0.000000
 1.475000 0.000000 0.000000
 1.477500 0.000000 0.000000
 1.480000 0.000000 0.000000
 1.482500 0.000000 0.000000
 1.485000 0.000000 0.000000
 1.487500 0.000000 0.000000
 1.490000 0.000000 0.000000
 1.492500 0.000000 0.000000
 1.495000 0.000000 0.000000
 1.497500 0.000000 0.000000
 1.500000 0.000000 0.000000
 1.502500 0.000000 0.000000
 1.505000 0.000000 0.000000
 1.507500 0.000000 0.000000
 1.510000 0.000000 0.000000
 1.512500 0.000000 0.000000
 1.515000 0.000000 0.000000
 1.517500 0.000000 0.000000
 1.520000 0.000000 0.000000
 1.522500 0.000000 0.000000
 1.525000 0.000000 0.000000
 1.527500 0.000000 0.000000
 1.530000 0.000000 0.000000
 1.532500 0.000000 0.000000
 1.535000 0.000000 0.000000
 1.537500 0.000000 0.000000
 1.540000 0.000000 0.000000
 1.542500 0.000000 0.000000
 1.545000 0.000000 0.000000
 1.547500 0.000000 0.000000
 1.550000 0.000000 0.000000
 1.552500 0.000000 0.000000
 1.555000 0.000000 0.000000
 1.557500 0.000000 0.000000
 1.560000 0.000000 0.000000
 1.562500 0.000000 0.000000
 1.565000 0.000000 0.000000
 1.567500 0.000000 0.000000
 1.570000 0.000000 0.000000
 1.572500 0.000000 0.000000
 1.575000 0.000000 0.000000
 1.577500 0.000000 0.000000
 1.580000 0.000000 0.000000
 1.582500 0.000000 0.000000
 1.585000 0.000000 0.000000
 1.587500 0.000000 0.000000
 1.590000 0.000000 0.000000
 1.592500 0.000000 0.000000
 1.595000 0.000000 0.000000
 1.597500 0.000000 0.000000
 1.600000 0.000000 0.000000
 1.602500 0.000000 0.000000
 1.605000 0.000000 0.000000
 1.607500 0.000000 0.000000
 1.610000 0.000000 0.000000
 1.612500 0.000000 0.000000
 1.615000 0.000000 0.000000
 1.617500 0.000000 0.000000
 1.620000 0.000000 0.000000
 1.622500 0.000000 0.000000
 1.625000 0.000000 0.000000
 1.627500 0.000000 0.000000
 1.630000 0.000000 0.000000
 1.632500 0.000000 0.000000
 1.635000 0.000000 0.000000
 1.637500 0.000000 0.000000
 1.640000 0.000000 0.000000
 1.642500 0.000000 0.000000
 1.645000 0.000000 0.000000
 1.647500 0.000000 0.000000
 1.650000 0.000000 0.000000
 1.652500 0.000000 0.000000
 1.655000 0.000000 0.000000
 1.657500 0.000000 0.000000
 1.660000 0.000000 0.000000
 1.662500 0.000000 0.000000
 1.665000 0.000000 0.000000
 1.667500 0.000000 0.000000
 1.670000 0.000000 0.000000
 1.672500 0.000000 0.000000
 1.675000 0.000000 0.000000
 1.677500 0.000000 0.000000
 1.680000 0.000000 0.000000
 1.682500 0.000000 0.000000
 1.685000 0.000000 0.000000
 1.687500 0.000000 0.000000
 1.690000 0.000000 0.000000
 1.692500 0.000000 0.000000
 1.695000 0.000000 0.000000
 1.697500 0.000000 0.000000
 1.700000 0.000000 0.000000
 1.702500 0.000000 0.000000
 1.705000 0.000000 0.000000
 1.707500 0.000000 0.000000
 1.710000 0.000000 0.000000
 1.712500 0.000000 0.000000
 1.715000 0.000000 0.000000
 1.717500 0.000000 0.000000
 1.720000 0.000000 0.000000
 1.722500 0.000000 0.000000
 1.725000 0.000000 0.000000
 1.727500 0.000000 0.000000
 1.730000 0.000000 0.000000
 1.732500 0.000000 0.000000
 1.735000 0.000000 0.000000
 1.737500 0.000000 0.000000
 1.740000 0.000000 0.000000
 1.742500 0.000000 0.000000
 1.745000 0.000000 0.000000
 1.747500 0.000000 0.000000
 1.750000 0.000000 0.000000
 1.752500 0.000000 0.000000
 1.755000 0.000000 0.000000
 1.757500 0.000000 0.000000
 1.760000 0.000000 0.000000
 1.762500 0.000000 0.000000
 1.765000 0.000000 0.000000
 1.767500 0.000000 0.000000
 1.770000 0.000000 0.000000
 1.772500 0.000000 0.000000
 1.775000 0.000000 0.000000
 1.777500 0.000000 0.000000
 1.780000 0.000000 0.000000
 1.782500 0.000000 0.000000
 1.785000 0.000000 0.000000
 1.787500 0.000000 0.000000
 1.790000 0.000000 0.000000
 1.792500 0.000000 0.000000
 1.795000 0.000000 0.000000
 1.797500 0.000000 0.000000
 1.800000 0.000000 0.000000
 1.802500 0.000000 0.000000
 1.805000 0.000000 0.000000
 1.807500 0.000000 0.000000
 1.810000 0.000000 0.000000
 1.812500 0.000000 0.000000
 1.815000 0.000000 0.000000
 1.817500 0.000000 0.000000
 1.820000 0.000000 0.000000
 1.822500 0.000000 0.000000
 1.825000 0.000000 0.000000
 1.827500 0.000000 0.000000
 1.830000 0.000000 0.000000
 1.832500 0.000000 0.000000
 1.835000 0.000000 0.000000
 1.837500 0.000000 0.000000
 1.840000 0.000000 0.000000
 1.842500 0.000000 0.000000
 1.845000 0.000000 0.000000
 1.847500 0.000000 0.000000
 1.850000 0.000000 0.000000
 1.852500 0.000000 0.000000
 1.855000 0.000000 0.000000
 1.857500 0.000000 0.000000
 1.860000 0.000000 0.000000
 1.862500 0.000000 0.000000
 1.865000 0.000000 0.000000
 1.867500 0.000000 0.000000
 1.870000 0.000000 0.000000
 1.872500 0.000000 0.000000
 1.875000 0.000000 0.000000
 1.877500 0.000000 0.000000
 1.880000 0.000000 0.000000
 1.882500 0.000000 0.000000
 1.885000 0.000000 0.000000
 1.887500 0.000000 0.000000
 1.890000 0.000000 0.000000
 1.892500 0.000000 0.000000
 1.895000 0.000000 0.000000
 1.897500 0.000000 0.000000
 1.900000 0.000000 0.000000
 1.902500 0.000000 0.000000
 1.905000 0.000000 0.000000
 1.907500 0.000000 0.000000
 1.910000 0.000000 0.000000
 1.912500 0.000000 0.000000
 1.915000 0.000000 0.000000
 1.917500 0.000000 0.000000
 1.920000 0.000000 0.000000
 1.922500 0.000000 0.000000
 1.925000 0.000000 0.000000
 1.927500 0.000000 0.000000
 1.930000 0.000000 0.000000
 1.932500 0.000000 0.000000
 1.935000 0.000000 0.000000
 1.937500 0.000000 0.000000
 1.940000 0.000000 0.000000
 1.942500 0.000000 0.000000
 1.945000 0.000000 0.000000
 1.947500 0.000000 0.000000
 1.950000 0.000000 0.000000
 1.952500 0.000000 0.000000
 1.955000 0.000000 0.000000
 1.957500 0.000000 0.000000
 1.960000 0.000000 0.000000
 1.962500 0.000000 0.000000
 1.965000 0.000000 0.000000
 1.967500 0.000000 0.000000
 1.970000 0.000000 0.000000
 1.972500 0.000000 0.000000
 1.975000 0.000000 0.000000
 1.977500 0.000000 0.000000
 1.980000 0.000000 0.000000
 1.982500 0.000000 0.000000
 1.985000 0.000000 0.000000
 1.987500 0.000000 0.000000
 1.990000 0.000000 0.000000
 1.992500 0.000000 0.000000
 1.995000 0.000000 0.000000
 1.997500 0.000000 0.000000
 2.000000 0.000000 0.000000
