#! FIELDS es hh dhh_es
#! SET normalisation  2000.000000
#! SET min_es -0.5
#! SET max_es 2
#! SET nbins_es  1000
#! SET periodic_es false
 -0.500000 0.000000 0.000000
 -0.497500 0.000000 0.000000
 -0.495000 0.000000 0.000000
 -0.492500 0.000000 0.000000
 -0.490000 0.000000 0.000000
 -0.487500 0.000000 0.000000
 -0.485000 0.000000 0.000000
 -0.482500 0.000000 0.000000
 -0.480000 0.000000 0.000000
 -0.477500 0.000000 0.000000
 -0.475000 0.000000 0.000000
 -0.472500 0.000000 0.000000
 -0.470000 0.000000 0.000000
 -0.467500 0.000000 0.000000
 -0.465000 0.000000 0.000000
 -0.462500 0.000000 0.000000
 -0.460000 0.000000 0.000000
 -0.457500 0.000000 0.000000
 -0.455000 0.000000 0.000000
 -0.452500 0.000000 0.000000
 -0.450000 0.000000 0.000000
 -0.447500 0.000000 0.000000
 -0.445000 0.000000 0.000000
 -0.442500 0.000000 0.000000
 -0.440000 0.000000 0.000000
 -0.437500 0.000000 0.000000
 -0.435000 0.000000 0.000000
 -0.432500 0.000000 0.000000
 -0.430000 0.000000 0.000000
 -0.427500 0.000000 0.000000
 -0.425000 0.000000 0.000000
 -0.422500 0.000000 0.000000
 -0.420000 0.000000 0.000000
 -0.417500 0.000000 0.000000
 -0.415000 0.000000 0.000000
 -0.412500 0.000000 0.000000
 -0.410000 0.000000 0.000000
 -0.407500 0.000000 0.000000
 -0.405000 0.000000 0.000000
 -0.402500 0.000000 0.000000
 -0.400000 0.000000 0.000000
 -0.397500 0.000000 0.000000
 -0.395000 0.000000 0.000000
 -0.392500 0.000000 0.000000
 -0.390000 0.000000 0.000000
 -0.387500 0.000000 0.000000
 -0.385000 0.000000 0.000000
 -0.382500 0.000000 0.000000
 -0.380000 0.000000 0.000000
 -0.377500 0.000000 0.000000
 -0.375000 0.000000 0.000000
 -0.372500 0.000000 0.000000
 -0.370000 0.000000 0.000000
 -0.367500 0.000000 0.000000
 -0.365000 0.000000 0.000000
 -0.362500 0.000000 0.000000
 -0.360000 0.000000 0.000000
 -0.357500 0.000000 0.000000
 -0.355000 0.000000 0.000000
 -0.352500 0.000000 0.000000
 -0.350000 0.000000 0.000000
 -0.347500 0.000000 0.000000
 -0.345000 0.000000 0.000000
 -0.342500 0.000000 0.000000
 -0.340000 0.000000 0.000000
 -0.337500 0.000000 0.000000
 -0.335000 0.000000 0.000000
 -0.332500 0.000000 0.000000
 -0.330000 0.000000 0.000000
 -0.327500 0.000000 0.000000
 -0.325000 0.000000 0.000000
 -0.322500 0.000000 0.000000
 -0.320000 0.000000 0.000000
 -0.317500 0.000000 0.000000
 -0.315000 0.000000 0.000000
 -0.312500 0.000000 0.000000
 -0.310000 0.000000 0.000000
 -0.307500 0.000000 0.000000
 -0.305000 0.000000 0.000000
 -0.302500 0.000000 0.000000
 -0.300000 0.000000 0.000000
 -0.297500 0.000000 0.000000
 -0.295000 0.000000 0.000000
 -0.292500 0.000000 0.000000
 -0.290000 0.000000 0.000000
 -0.287500 0.000000 0.000000
 -0.285000 0.000000 0.000000
 -0.282500 0.000000 0.000000
 -0.280000 0.000000 0.000000
 -0.277500 0.000000 0.000000
 -0.275000 0.000000 0.000000
 -0.272500 0.000000 0.000000
 -0.270000 0.000000 0.000000
 -0.267500 0.000000 0.000000
 -0.265000 0.000000 0.000000
 -0.262500 0.000000 0.000000
 -0.260000 0.000000 0.000000
 -0.257500 0.000000 0.000000
 -0.255000 0.000000 0.000000
 -0.252500 0.000000 0.000000
 -0.250000 0.000000 0.000000
 -0.247500 0.000000 0.000000
 -0.245000 0.000000 0.000000
 -0.242500 0.000000 0.000000
 -0.240000 0.000000 0.000000
 -0.237500 0.000000 0.000000
 -0.235000 0.000000 0.000000
 -0.232500 0.000000 0.000000
 -0.230000 0.000000 0.000000
 -0.227500 0.000000 0.000000
 -0.225000 0.000000 0.000000
 -0.222500 0.000000 0.000000
 -0.220000 0.000000 0.000000
 -0.217500 0.000000 0.000000
 -0.215000 0.000000 0.000000
 -0.212500 0.000000 0.000000
 -0.210000 0.000000 0.000000
 -0.207500 0.000000 0.000000
 -0.205000 0.000000 0.000000
 -0.202500 0.000000 0.000000
 -0.200000 0.000000 0.000000
 -0.197500 0.000000 0.000000
 -0.195000 0.000000 0.000000
 -0.192500 0.000000 0.000000
 -0.190000 0.000000 0.000000
 -0.187500 0.000000 0.000000
 -0.185000 0.000000 0.000000
 -0.182500 0.000000 0.000000
 -0.180000 0.000000 0.000000
 -0.177500 0.000000 0.000000
 -0.175000 0.000000 0.000000
 -0.172500 0.000000 0.000000
 -0.170000 0.000000 0.000000
 -0.167500 0.000000 0.000000
 -0.165000 0.000000 0.000000
 -0.162500 0.000000 0.000000
 -0.160000 0.000000 0.000000
 -0.157500 0.000000 0.000000
 -0.155000 0.000000 0.000000
 -0.152500 0.000000 0.000000
 -0.150000 0.000000 0.000000
 -0.147500 0.000000 0.000000
 -0.145000 0.000000 0.000000
 -0.142500 0.000000 0.000000
 -0.140000 0.000000 0.000000
 -0.137500 0.000000 0.000000
 -0.135000 0.000000 0.000000
 -0.132500 0.000000 0.000000
 -0.130000 0.000000 0.000000
 -0.127500 0.000000 0.000000
 -0.125000 0.000000 0.000000
 -0.122500 0.000000 0.000000
 -0.120000 0.000000 0.000000
 -0.117500 0.000000 0.000000
 -0.115000 0.000000 0.000000
 -0.112500 0.000000 0.000000
 -0.110000 0.000000 0.000000
 -0.107500 0.000000 0.000000
 -0.105000 0.000000 0.000000
 -0.102500 0.000000 0.000000
 -0.100000 0.000000 0.000000
 -0.097500 0.000000 0.000000
 -0.095000 0.000000 0.000000
 -0.092500 0.000000 0.000000
 -0.090000 0.000000 0.000000
 -0.087500 0.000000 0.000000
 -0.085000 0.000000 0.000000
 -0.082500 0.000000 0.000000
 -0.080000 0.000000 0.000000
 -0.077500 0.000000 0.000000
 -0.075000 0.000000 0.000000
 -0.072500 0.000000 0.000000
 -0.070000 0.000000 0.000000
 -0.067500 0.000000 0.000000
 -0.065000 0.000000 0.000000
 -0.062500 0.000000 0.000000
 -0.060000 0.000000 0.000000
 -0.057500 0.000000 0.000000
 -0.055000 0.000000 0.000000
 -0.052500 0.000000 0.000000
 -0.050000 0.000000 0.000000
 -0.047500 0.000000 0.000000
 -0.045000 0.000000 0.000000
 -0.042500 0.000000 0.000000
 -0.040000 0.000000 0.000000
 -0.037500 0.000000 0.000000
 -0.035000 0.000000 0.000000
 -0.032500 0.000000 0.000000
 -0.030000 0.000000 0.000000
 -0.027500 0.000000 0.000000
 -0.025000 0.000000 0.000000
 -0.022500 0.000000 0.000000
 -0.020000 0.000000 0.000000
 -0.017500 0.000000 0.000000
 -0.015000 0.000000 0.000000
 -0.012500 0.000000 0.000000
 -0.010000 0.000000 0.000000
 -0.007500 0.000000 0.000000
 -0.005000 0.000000 0.000000
 -0.002500 0.000000 0.000000
 0.000000 0.000000 0.000000
 0.002500 0.000000 0.000000
 0.005000 0.000000 0.000000
 0.007500 0.000000 0.000000
 0.010000 0.000000 0.000000
 0.012500 0.000000 0.000000
 0.015000 0.000000 0.000000
 0.017500 0.000000 0.000000
 0.020000 0.000000 0.000000
 0.022500 0.000000 0.000000
 0.025000 0.000000 0.000000
 0.027500 0.000000 0.000000
 0.030000 0.000000 0.000021
 0.032500 0.000000 0.000067
 0.035000 0.000000 0.000152
 0.037500 0.000001 0.000323
 0.040000 0.000002 0.000642
 0.042500 0.000004 0.001190
 0.045000 0.000009 0.002107
 0.047500 0.000015 0.003458
 0.050000 0.000026 0.005334
 0.052500 0.000043 0.007702
 0.055000 0.000065 0.010526
 0.057500 0.000096 0.013757
 0.060000 0.000135 0.017357
 0.062500 0.000184 0.021500
 0.065000 0.000244 0.026811
 0.067500 0.000320 0.034190
 0.070000 0.000418 0.044846
 0.072500 0.000549 0.060171
 0.075000 0.000725 0.081361
 0.077500 0.000963 0.109372
 0.080000 0.001280 0.144509
 0.082500 0.001694 0.186993
 0.085000 0.002224 0.236495
 0.087500 0.002886 0.293040
 0.090000 0.003698 0.356893
 0.092500 0.004682 0.430202
 0.095000 0.005865 0.515746
 0.097500 0.007281 0.617678
 0.100000 0.008977 0.740183
 0.102500 0.011010 0.887968
 0.105000 0.013450 1.064218
 0.107500 0.016366 1.269319
 0.110000 0.019832 1.502870
 0.112500 0.023916 1.763685
 0.115000 0.028688 2.051949
 0.117500 0.034218 2.369849
 0.120000 0.040585 2.721659
 0.122500 0.047880 3.112756
 0.125000 0.056206 3.546496
 0.127500 0.065674 4.025779
 0.130000 0.076400 4.549595
 0.132500 0.088487 5.113680
 0.135000 0.102029 5.711795
 0.137500 0.117105 6.337796
 0.140000 0.133776 6.984982
 0.142500 0.152088 7.648447
 0.145000 0.172073 8.324596
 0.147500 0.193770 9.015054
 0.150000 0.217219 9.726575
 0.152500 0.242486 10.470032
 0.155000 0.269670 11.261633
 0.157500 0.298906 12.113601
 0.160000 0.330359 13.034518
 0.162500 0.364196 14.017081
 0.165000 0.400551 15.041881
 0.167500 0.439485 16.073380
 0.170000 0.480968 17.075209
 0.172500 0.524887 18.014968
 0.175000 0.571057 18.872914
 0.177500 0.619263 19.643351
 0.180000 0.669298 20.339276
 0.182500 0.720997 20.977170
 0.185000 0.774240 21.576563
 0.187500 0.828960 22.161264
 0.190000 0.885139 22.747671
 0.192500 0.942811 23.359430
 0.195000 1.002062 24.013731
 0.197500 1.063013 24.718217
 0.200000 1.125775 25.461088
 0.202500 1.190416 26.213686
 0.205000 1.256910 26.933557
 0.207500 1.325105 27.569014
 0.210000 1.394733 28.076504
 0.212500 1.465453 28.440640
 0.215000 1.536900 28.667185
 0.217500 1.608772 28.787533
 0.220000 1.680852 28.845176
 0.222500 1.753049 28.885071
 0.225000 1.825360 28.947019
 0.227500 1.897873 29.051844
 0.230000 1.970704 29.200276
 0.232500 2.043934 29.373338
 0.235000 2.117590 29.530226
 0.237500 2.191555 29.619251
 0.240000 2.265611 29.591806
 0.242500 2.339389 29.400519
 0.245000 2.412460 29.023018
 0.247500 2.484355 28.466266
 0.250000 2.554652 27.759942
 0.252500 2.623036 26.954226
 0.255000 2.689343 26.104445
 0.257500 2.753536 25.271691
 0.260000 2.815695 24.490522
 0.262500 2.875991 23.786193
 0.265000 2.934617 23.166783
 0.267500 2.991794 22.620421
 0.270000 3.047685 22.140761
 0.272500 3.102432 21.708879
 0.275000 3.156131 21.307806
 0.277500 3.208842 20.907466
 0.280000 3.260513 20.481745
 0.282500 3.311046 20.000128
 0.285000 3.360260 19.429435
 0.287500 3.407916 18.747520
 0.290000 3.453715 17.955710
 0.292500 3.497406 17.064989
 0.295000 3.538764 16.103736
 0.297500 3.577660 15.104380
 0.300000 3.614034 14.093247
 0.302500 3.647880 13.084819
 0.305000 3.679208 12.084644
 0.307500 3.708039 11.091767
 0.310000 3.734392 10.109676
 0.312500 3.758311 9.152640
 0.315000 3.779886 8.229612
 0.317500 3.799193 7.355928
 0.320000 3.816364 6.507404
 0.322500 3.831399 5.650871
 0.325000 3.844219 4.735210
 0.327500 3.854628 3.715103
 0.330000 3.862338 2.581825
 0.332500 3.867100 1.367475
 0.335000 3.868769 0.134452
 0.337500 3.867399 -1.054092
 0.340000 3.863188 -2.131503
 0.342500 3.856447 -3.079594
 0.345000 3.847470 -3.918221
 0.347500 3.836464 -4.712414
 0.350000 3.823446 -5.536687
 0.352500 3.808265 -6.445964
 0.355000 3.790676 -7.457349
 0.357500 3.770454 -8.547587
 0.360000 3.747488 -9.639484
 0.362500 3.721867 -10.652260
 0.365000 3.693882 -11.516963
 0.367500 3.663954 -12.204136
 0.370000 3.632526 -12.721011
 0.372500 3.599977 -13.107368
 0.375000 3.566572 -13.410797
 0.377500 3.532468 -13.670149
 0.380000 3.497753 -13.897154
 0.382500 3.462527 -14.082277
 0.385000 3.426907 -14.205775
 0.387500 3.391064 -14.263276
 0.390000 3.355152 -14.262259
 0.392500 3.319272 -14.244402
 0.395000 3.283398 -14.267124
 0.397500 3.247349 -14.390332
 0.400000 3.210815 -14.668711
 0.402500 3.173367 -15.121071
 0.405000 3.134593 -15.730244
 0.407500 3.094152 -16.442779
 0.410000 3.051879 -17.175572
 0.412500 3.007834 -17.849147
 0.415000 2.962254 -18.401418
 0.417500 2.915482 -18.795845
 0.420000 2.867919 -19.044460
 0.422500 2.819891 -19.172838
 0.425000 2.771656 -19.213268
 0.427500 2.723414 -19.188038
 0.430000 2.675308 -19.106725
 0.432500 2.627460 -18.980567
 0.435000 2.579969 -18.834530
 0.437500 2.532843 -18.693896
 0.440000 2.486030 -18.589704
 0.442500 2.439414 -18.531251
 0.445000 2.392894 -18.509135
 0.447500 2.346422 -18.487647
 0.450000 2.300055 -18.422900
 0.452500 2.253943 -18.278055
 0.455000 2.208319 -18.046146
 0.457500 2.163384 -17.735385
 0.460000 2.119282 -17.380987
 0.462500 2.076070 -17.036207
 0.465000 2.033657 -16.748899
 0.467500 1.991851 -16.557669
 0.470000 1.950387 -16.481318
 0.472500 1.908987 -16.511198
 0.475000 1.867418 -16.606744
 0.477500 1.825582 -16.717562
 0.480000 1.783507 -16.789958
 0.482500 1.741341 -16.781341
 0.485000 1.699319 -16.682657
 0.487500 1.657658 -16.499353
 0.490000 1.616539 -16.256389
 0.492500 1.576075 -15.986837
 0.495000 1.536299 -15.707411
 0.497500 1.497216 -15.432026
 0.500000 1.458814 -15.167698
 0.502500 1.421067 -14.912949
 0.505000 1.383953 -14.666016
 0.507500 1.347448 -14.427083
 0.510000 1.311527 -14.193647
 0.512500 1.276194 -13.959551
 0.515000 1.241470 -13.705190
 0.517500 1.207432 -13.407516
 0.520000 1.174217 -13.049122
 0.522500 1.141989 -12.621244
 0.525000 1.110908 -12.138467
 0.527500 1.081072 -11.632763
 0.530000 1.052485 -11.152303
 0.532500 1.025023 -10.741755
 0.535000 0.998462 -10.434083
 0.537500 0.972530 -10.240663
 0.540000 0.946958 -10.144432
 0.542500 0.921550 -10.108693
 0.545000 0.896205 -10.084549
 0.547500 0.870944 -10.035326
 0.550000 0.845871 -9.934921
 0.552500 0.821127 -9.775879
 0.555000 0.796853 -9.560969
 0.557500 0.773176 -9.306189
 0.560000 0.750174 -9.021434
 0.562500 0.727906 -8.724688
 0.565000 0.706385 -8.428764
 0.567500 0.685586 -8.150936
 0.570000 0.665448 -7.908736
 0.572500 0.645854 -7.713335
 0.575000 0.626680 -7.574766
 0.577500 0.607788 -7.488567
 0.580000 0.589066 -7.436861
 0.582500 0.570458 -7.394459
 0.585000 0.551972 -7.335495
 0.587500 0.533680 -7.241135
 0.590000 0.515684 -7.097185
 0.592500 0.498110 -6.905854
 0.595000 0.481068 -6.674486
 0.597500 0.464640 -6.419133
 0.600000 0.448865 -6.154369
 0.602500 0.433749 -5.896849
 0.605000 0.419255 -5.660241
 0.607500 0.405319 -5.453794
 0.610000 0.391859 -5.283013
 0.612500 0.378776 -5.148250
 0.615000 0.365991 -5.045986
 0.617500 0.353435 -4.963980
 0.620000 0.341077 -4.885276
 0.622500 0.328928 -4.794647
 0.625000 0.317038 -4.681423
 0.627500 0.305465 -4.539321
 0.630000 0.294282 -4.374550
 0.632500 0.283531 -4.194332
 0.635000 0.273242 -4.008621
 0.637500 0.263422 -3.820360
 0.640000 0.254074 -3.631655
 0.642500 0.245197 -3.441421
 0.645000 0.236799 -3.253744
 0.647500 0.228862 -3.073759
 0.650000 0.221357 -2.911275
 0.652500 0.214228 -2.774346
 0.655000 0.207404 -2.668764
 0.657500 0.200802 -2.595009
 0.660000 0.194351 -2.549203
 0.662500 0.187992 -2.521302
 0.665000 0.181691 -2.500904
 0.667500 0.175443 -2.477560
 0.670000 0.169268 -2.444152
 0.672500 0.163196 -2.393634
 0.675000 0.157271 -2.327212
 0.677500 0.151530 -2.247332
 0.680000 0.145997 -2.162611
 0.682500 0.140676 -2.082010
 0.685000 0.135545 -2.010942
 0.687500 0.130575 -1.954164
 0.690000 0.125730 -1.911757
 0.692500 0.120980 -1.874357
 0.695000 0.116326 -1.834603
 0.697500 0.111785 -1.782621
 0.700000 0.107395 -1.714649
 0.702500 0.103196 -1.630556
 0.705000 0.099222 -1.538753
 0.707500 0.095476 -1.447482
 0.710000 0.091947 -1.367366
 0.712500 0.088599 -1.304615
 0.715000 0.085386 -1.258591
 0.717500 0.082270 -1.227583
 0.720000 0.079219 -1.205802
 0.722500 0.076217 -1.187107
 0.725000 0.073262 -1.167791
 0.727500 0.070361 -1.144585
 0.730000 0.067524 -1.115926
 0.732500 0.064763 -1.084705
 0.735000 0.062081 -1.054377
 0.737500 0.059471 -1.027835
 0.740000 0.056920 -1.006681
 0.742500 0.054418 -0.989806
 0.745000 0.051956 -0.973494
 0.747500 0.049540 -0.953800
 0.750000 0.047177 -0.928806
 0.752500 0.044882 -0.901813
 0.755000 0.042653 -0.875853
 0.757500 0.040485 -0.855590
 0.760000 0.038360 -0.840922
 0.762500 0.036267 -0.828368
 0.765000 0.034208 -0.811825
 0.767500 0.032202 -0.785562
 0.770000 0.030281 -0.745622
 0.772500 0.028477 -0.691970
 0.775000 0.026819 -0.629455
 0.777500 0.025322 -0.565388
 0.780000 0.023980 -0.505852
 0.782500 0.022774 -0.455703
 0.785000 0.021682 -0.416540
 0.787500 0.020677 -0.385201
 0.790000 0.019746 -0.358398
 0.792500 0.018879 -0.332629
 0.795000 0.018074 -0.307744
 0.797500 0.017329 -0.286043
 0.800000 0.016633 -0.269671
 0.802500 0.015968 -0.261476
 0.805000 0.015314 -0.261087
 0.807500 0.014653 -0.266143
 0.810000 0.013978 -0.272009
 0.812500 0.013292 -0.273617
 0.815000 0.012612 -0.267865
 0.817500 0.011956 -0.253897
 0.820000 0.011344 -0.233907
 0.822500 0.010785 -0.211915
 0.825000 0.010278 -0.192418
 0.827500 0.009814 -0.178945
 0.830000 0.009374 -0.173143
 0.832500 0.008939 -0.174392
 0.835000 0.008495 -0.180730
 0.837500 0.008032 -0.188667
 0.840000 0.007551 -0.194377
 0.842500 0.007061 -0.195520
 0.845000 0.006576 -0.190395
 0.847500 0.006113 -0.178161
 0.850000 0.005688 -0.159540
 0.852500 0.005316 -0.136460
 0.855000 0.005005 -0.111509
 0.857500 0.004756 -0.087624
 0.860000 0.004561 -0.068343
 0.862500 0.004407 -0.056220
 0.865000 0.004272 -0.052006
 0.867500 0.004138 -0.055659
 0.870000 0.003987 -0.065105
 0.872500 0.003808 -0.077770
 0.875000 0.003597 -0.090393
 0.877500 0.003356 -0.100933
 0.880000 0.003094 -0.107534
 0.882500 0.002821 -0.109560
 0.885000 0.002549 -0.107286
 0.887500 0.002287 -0.101212
 0.890000 0.002044 -0.092670
 0.892500 0.001824 -0.083003
 0.895000 0.001629 -0.073316
 0.897500 0.001456 -0.064342
 0.900000 0.001305 -0.056696
 0.902500 0.001171 -0.050235
 0.905000 0.001053 -0.044486
 0.907500 0.000947 -0.039228
 0.910000 0.000855 -0.034535
 0.912500 0.000773 -0.030551
 0.915000 0.000701 -0.027103
 0.917500 0.000636 -0.024342
 0.920000 0.000578 -0.022044
 0.922500 0.000526 -0.019753
 0.925000 0.000479 -0.017211
 0.927500 0.000439 -0.014541
 0.930000 0.000406 -0.011972
 0.932500 0.000379 -0.010021
 0.935000 0.000355 -0.009182
 0.937500 0.000331 -0.009617
 0.940000 0.000306 -0.011127
 0.942500 0.000275 -0.013204
 0.945000 0.000240 -0.015101
 0.947500 0.000200 -0.016145
 0.950000 0.000160 -0.015997
 0.952500 0.000121 -0.014625
 0.955000 0.000087 -0.012423
 0.957500 0.000059 -0.009800
 0.960000 0.000038 -0.007159
 0.962500 0.000023 -0.004875
 0.965000 0.000013 -0.003106
 0.967500 0.000007 -0.001845
 0.970000 0.000004 -0.001023
 0.972500 0.000002 -0.000512
 0.975000 0.000001 -0.000250
 0.977500 0.000000 -0.000114
 0.980000 0.000000 -0.000032
 0.982500 0.000000 0.000000
 0.985000 0.000000 0.000000
 0.987500 0.000000 0.000000
 0.990000 0.000000 0.000000
 0.992500 0.000000 0.000000
 0.995000 0.000000 0.000000
 0.997500 0.000000 0.000000
 1.000000 0.000000 0.000000
 1.002500 0.000000 0.000000
 1.005000 0.000000 0.000000
 1.007500 0.000000 0.000000
 1.010000 0.000000 0.000000
 1.012500 0.000000 0.000000
 1.015000 0.000000 0.000000
 1.017500 0.000000 0.000000
 1.020000 0.000000 0.000000
 1.022500 0.000000 0.000000
 1.025000 0.000000 0.000000
 1.027500 0.000000 0.000000
 1.030000 0.000000 0.000000
 1.032500 0.000000 0.000000
 1.035000 0.000000 0.000000
 1.037500 0.000000 0.000000
 1.040000 0.000000 0.000000
 1.042500 0.000000 0.000000
 1.045000 0.000000 0.000000
 1.047500 0.000000 0.000000
 1.050000 0.000000 0.000000
 1.052500 0.000000 0.000000
 1.055000 0.000000 0.000000
 1.057500 0.000000 0.000000
 1.060000 0.000000 0.000000
 1.062500 0.000000 0.000000
 1.065000 0.000000 0.000000
 1.067500 0.000000 0.000000
 1.070000 0.000000 0.000000
 1.072500 0.000000 0.000000
 1.075000 0.000000 0.000000
 1.077500 0.000000 0.000000
 1.080000 0.000000 0.000000
 1.082500 0.000000 0.000000
 1.085000 0.000000 0.000000
 1.087500 0.000000 0.000000
 1.090000 0.000000 0.000000
 1.092500 0.000000 0.000000
 1.095000 0.000000 0.000000
 1.097500 0.000000 0.000000
 1.100000 0.000000 0.000000
 1.102500 0.000000 0.000000
 1.105000 0.000000 0.000000
 1.107500 0.000000 0.000000
 1.110000 0.000000 0.000000
 1.112500 0.000000 0.000000
 1.115000 0.000000 0.000000
 1.117500 0.000000 0.000000
 1.120000 0.000000 0.000000
 1.122500 0.000000 0.000000
 1.125000 0.000000 0.000000
 1.127500 0.000000 0.000000
 1.130000 0.000000 0.000000
 1.132500 0.000000 0.000000
 1.135000 0.000000 0.000000
 1.137500 0.000000 0.000000
 1.140000 0.000000 0.000000
 1.142500 0.000000 0.000000
 1.145000 0.000000 0.000000
 1.147500 0.000000 0.000000
 1.150000 0.000000 0.000000
 1.152500 0.000000 0.000000
 1.155000 0.000000 0.000000
 1.157500 0.000000 0.000000
 1.160000 0.000000 0.000000
 1.162500 0.000000 0.000000
 1.165000 0.000000 0.000000
 1.167500 0.000000 0.000000
 1.170000 0.000000 0.000000
 1.172500 0.000000 0.000000
 1.175000 0.000000 0.000000
 1.177500 0.000000 0.000000
 1.180000 0.000000 0.000000
 1.182500 0.000000 0.000000
 1.185000 0.000000 0.000000
 1.187500 0.000000 0.000000
 1.190000 0.000000 0.000000
 1.192500 0.000000 0.000000
 1.195000 0.000000 0.000000
 1.197500 0.000000 0.000000
 1.200000 0.000000 0.000000
 1.202500 0.000000 0.000000
 1.205000 0.000000 0.000000
 1.207500 0.000000 0.000000
 1.210000 0.000000 0.000000
 1.212500 0.000000 0.000000
 1.215000 0.000000 0.000000
 1.217500 0.000000 0.000000
 1.220000 0.000000 0.000000
 1.222500 0.000000 0.000000
 1.225000 0.000000 0.000000
 1.227500 0.000000 0.000000
 1.230000 0.000000 0.000000
 1.232500 0.000000 0.000000
 1.235000 0.000000 0.000000
 1.237500 0.000000 0.000000
 1.240000 0.000000 0.000000
 1.242500 0.000000 0.000000
 1.245000 0.000000 0.000000
 1.247500 0.000000 0.000000
 1.250000 0.000000 0.000000
 1.252500 0.000000 0.000000
 1.255000 0.000000 0.000000
 1.257500 0.000000 0.000000
 1.260000 0.000000 0.000000
 1.262500 0.000000 0.000000
 1.265000 0.000000 0.000000
 1.267500 0.000000 0.000000
 1.270000 0.000000 0.000000
 1.272500 0.000000 0.000000
 1.275000 0.000000 0.000000
 1.277500 0.000000 0.000000
 1.280000 0.000000 0.000000
 1.282500 0.000000 0.000000
 1.285000 0.000000 0.000000
 1.287500 0.000000 0.000000
 1.290000 0.000000 0.000000
 1.292500 0.000000 0.000000
 1.295000 0.000000 0.000000
 1.297500 0.000000 0.000000
 1.300000 0.000000 0.000000
 1.302500 0.000000 0.000000
 1.305000 0.000000 0.000000
 1.307500 0.000000 0.000000
 1.310000 0.000000 0.000000
 1.312500 0.000000 0.000000
 1.315000 0.000000 0.000000
 1.317500 0.000000 0.000000
 1.320000 0.000000 0.000000
 1.322500 0.000000 0.000000
 1.325000 0.000000 0.000000
 1.327500 0.000000 0.000000
 1.330000 0.000000 0.000000
 1.332500 0.000000 0.000000
 1.335000 0.000000 0.000000
 1.337500 0.000000 0.000000
 1.340000 0.000000 0.000000
 1.342500 0.000000 0.000000
 1.345000 0.000000 0.000000
 1.347500 0.000000 0.000000
 1.350000 0.000000 0.000000
 1.352500 0.000000 0.000000
 1.355000 0.000000 0.000000
 1.357500 0.000000 0.000000
 1.360000 0.000000 0.000000
 1.362500 0.000000 0.000000
 1.365000 0.000000 0.000000
 1.367500 0.000000 0.000000
 1.370000 0.000000 0.000000
 1.372500 0.000000 0.000000
 1.375000 0.000000 0.000000
 1.377500 0.000000 0.000000
 1.380000 0.000000 0.000000
 1.382500 0.000000 0.000000
 1.385000 0.000000 0.000000
 1.387500 0.000000 0.000000
 1.390000 0.000000 0.000000
 1.392500 0.000000 0.000000
 1.395000 0.000000 0.000000
 1.397500 0.000000 0.000000
 1.400000 0.000000 0.000000
 1.402500 0.000000 0.000000
 1.405000 0.000000 0.000000
 1.407500 0.000000 0.000000
 1.410000 0.000000 0.000000
 1.412500 0.000000 0.000000
 1.415000 0.000000 0.000000
 1.417500 0.000000 0.000000
 1.420000 0.000000 0.000000
 1.422500 0.000000 0.000000
 1.425000 0.000000 0.000000
 1.427500 0.000000 0.000000
 1.430000 0.000000 0.000000
 1.432500 0.000000 0.000000
 1.435000 0.000000 0.000000
 1.437500 0.000000 0.000000
 1.440000 0.000000 0.000000
 1.442500 0.000000 0.000000
 1.445000 0.000000 0.000000
 1.447500 0.000000 0.000000
 1.450000 0.000000 0.000000
 1.452500 0.000000 0.000000
 1.455000 0.000000 0.000000
 1.457500 0.000000 0.000000
 1.460000 0.000000 0.000000
 1.462500 0.000000 0.000000
 1.465000 0.000000 0.000000
 1.467500 0.000000 0.000000
 1.470000 0.000000 0.000000
 1.472500 0.000000 0.000000
 1.475000 0.000000 0.000000
 1.477500 0.000000 0.000000
 1.480000 0.000000 0.000000
 1.482500 0.000000 0.000000
 1.485000 0.000000 0.000000
 1.487500 0.000000 0.000000
 1.490000 0.000000 0.000000
 1.492500 0.000000 0.000000
 1.495000 0.000000 0.000000
 1.497500 0.000000 0.000000
 1.500000 0.000000 0.000000
 1.502500 0.000000 0.000000
 1.505000 0.000000 0.000000
 1.507500 0.000000 0.000000
 1.510000 0.000000 0.000000
 1.512500 0.000000 0.000000
 1.515000 0.000000 0.000000
 1.517500 0.000000 0.000000
 1.520000 0.000000 0.000000
 1.522500 0.000000 0.000000
 1.525000 0.000000 0.000000
 1.527500 0.000000 0.000000
 1.530000 0.000000 0.000000
 1.532500 0.000000 0.000000
 1.535000 0.000000 0.000000
 1.537500 0.000000 0.000000
 1.540000 0.000000 0.000000
 1.542500 0.000000 0.000000
 1.545000 0.000000 0.000000
 1.547500 0.000000 0.000000
 1.550000 0.000000 0.000000
 1.552500 0.000000 0.000000
 1.555000 0.000000 0.000000
 1.557500 0.000000 0.000000
 1.560000 0.000000 0.000000
 1.562500 0.000000 0.000000
 1.565000 0.000000 0.000000
 1.567500 0.000000 0.000000
 1.570000 0.000000 0.000000
 1.572500 0.000000 0.000000
 1.575000 0.000000 0.000000
 1.577500 0.000000 0.000000
 1.580000 0.000000 0.000000
 1.582500 0.000000 0.000000
 1.585000 0.000000 0.000000
 1.587500 0.000000 0.000000
 1.590000 0.000000 0.000000
 1.592500 0.000000 0.000000
 1.595000 0.000000 0.000000
 1.597500 0.000000 0.000000
 1.600000 0.000000 0.000000
 1.602500 0.000000 0.000000
 1.605000 0.000000 0.000000
 1.607500 0.000000 0.000000
 1.610000 0.000000 0.000000
 1.612500 0.000000 0.000000
 1.615000 0.000000 0.000000
 1.617500 0.000000 0.000000
 1.620000 0.000000 0.000000
 1.622500 0.000000 0.000000
 1.625000 0.000000 0.000000
 1.627500 0.000000 0.000000
 1.630000 0.000000 0.000000
 1.632500 0.000000 0.000000
 1.635000 0.000000 0.000000
 1.637500 0.000000 0.000000
 1.640000 0.000000 0.000000
 1.642500 0.000000 0.000000
 1.645000 0.000000 0.000000
 1.647500 0.000000 0.000000
 1.650000 0.000000 0.000000
 1.652500 0.000000 0.000000
 1.655000 0.000000 0.000000
 1.657500 0.000000 0.000000
 1.660000 0.000000 0.000000
 1.662500 0.000000 0.000000
 1.665000 0.000000 0.000000
 1.667500 0.000000 0.000000
 1.670000 0.000000 0.000000
 1.672500 0.000000 0.000000
 1.675000 0.000000 0.000000
 1.677500 0.000000 0.000000
 1.680000 0.000000 0.000000
 1.682500 0.000000 0.000000
 1.685000 0.000000 0.000000
 1.687500 0.000000 0.000000
 1.690000 0.000000 0.000000
 1.692500 0.000000 0.000000
 1.695000 0.000000 0.000000
 1.697500 0.000000 0.000000
 1.700000 0.000000 0.000000
 1.702500 0.000000 0.000000
 1.705000 0.000000 0.000000
 1.707500 0.000000 0.000000
 1.710000 0.000000 0.000000
 1.712500 0.000000 0.000000
 1.715000 0.000000 0.000000
 1.717500 0.000000 0.000000
 1.720000 0.000000 0.000000
 1.722500 0.000000 0.000000
 1.725000 0.000000 0.000000
 1.727500 0.000000 0.000000
 1.730000 0.000000 0.000000
 1.732500 0.000000 0.000000
 1.735000 0.000000 0.000000
 1.737500 0.000000 0.000000
 1.740000 0.000000 0.000000
 1.742500 0.000000 0.000000
 1.745000 0.000000 0.000000
 1.747500 0.000000 0.000000
 1.750000 0.000000 0.000000
 1.752500 0.000000 0.000000
 1.755000 0.000000 0.000000
 1.757500 0.000000 0.000000
 1.760000 0.000000 0.000000
 1.762500 0.000000 0.000000
 1.765000 0.000000 0.000000
 1.767500 0.000000 0.000000
 1.770000 0.000000 0.000000
 1.772500 0.000000 0.000000
 1.775000 0.000000 0.000000
 1.777500 0.000000 0.000000
 1.780000 0.000000 0.000000
 1.782500 0.000000 0.000000
 1.785000 0.000000 0.000000
 1.787500 0.000000 0.000000
 1.790000 0.000000 0.000000
 1.792500 0.000000 0.000000
 1.795000 0.000000 0.000000
 1.797500 0.000000 0.000000
 1.800000 0.000000 0.000000
 1.802500 0.000000 0.000000
 1.805000 0.000000 0.000000
 1.807500 0.000000 0.000000
 1.810000 0.000000 0.000000
 1.812500 0.000000 0.000000
 1.815000 0.000000 0.000000
 1.817500 0.000000 0.000000
 1.820000 0.000000 0.000000
 1.822500 0.000000 0.000000
 1.825000 0.000000 0.000000
 1.827500 0.000000 0.000000
 1.830000 0.000000 0.000000
 1.832500 0.000000 0.000000
 1.835000 0.000000 0.000000
 1.837500 0.000000 0.000000
 1.840000 0.000000 0.000000
 1.842500 0.000000 0.000000
 1.845000 0.000000 0.000000
 1.847500 0.000000 0.000000
 1.850000 0.000000 0.000000
 1.852500 0.000000 0.000000
 1.855000 0.000000 0.000000
 1.857500 0.000000 0.000000
 1.860000 0.000000 0.000000
 1.862500 0.000000 0.000000
 1.865000 0.000000 0.000000
 1.867500 0.000000 0.000000
 1.870000 0.000000 0.000000
 1.872500 0.000000 0.000000
 1.875000 0.000000 0.000000
 1.877500 0.000000 0.000000
 1.880000 0.000000 0.000000
 1.882500 0.000000 0.000000
 1.885000 0.000000 0.000000
 1.887500 0.000000 0.000000
 1.890000 0.000000 0.000000
 1.892500 0.000000 0.000000
 1.895000 0.000000 0.000000
 1.897500 0.000000 0.000000
 1.900000 0.000000 0.000000
 1.902500 0.000000 0.000000
 1.905000 0.000000 0.000000
 1.907500 0.000000 0.000000
 1.910000 0.000000 0.000000
 1.912500 0.000000 0.000000
 1.915000 0.000000 0.000000
 1.917500 0.000000 0.000000
 1.920000 0.000000 0.000000
 1.922500 0.000000 0.000000
 1.925000 0.000000 0.000000
 1.927500 0.000000 0.000000
 1.930000 0.000000 0.000000
 1.932500 0.000000 0.000000
 1.935000 0.000000 0.000000
 1.937500 0.000000 0.000000
 1.940000 0.000000 0.000000
 1.942500 0.000000 0.000000
 1.945000 0.000000 0.000000
 1.947500 0.000000 0.000000
 1.950000 0.000000 0.000000
 1.952500 0.000000 0.000000
 1.955000 0.000000 0.000000
 1.957500 0.000000 0.000000
 1.960000 0.000000 0.000000
 1.962500 0.000000 0.000000
 1.965000 0.000000 0.000000
 1.967500 0.000000 0.000000
 1.970000 0.000000 0.000000
 1.972500 0.000000 0.000000
 1.975000 0.000000 0.000000
 1.977500 0.000000 0.000000
 1.980000 0.000000 0.000000
 1.982500 0.000000 0.000000
 1.985000 0.000000 0.000000
 1.987500 0.000000 0.000000
 1.990000 0.000000 0.000000
 1.992500 0.000000 0.000000
 1.995000 0.000000 0.000000
 1.997500 0.000000 0.000000
 2.000000 0.000000 0.000000
