#! FIELDS es hh dhh_es
#! SET normalisation  2000.000000
#! SET min_es -0.5
#! SET max_es 2
#! SET nbins_es  1000
#! SET periodic_es false
 -0.500000 0.000000 0.000000
 -0.497500 0.000000 0.000000
 -0.495000 0.000000 0.000000
 -0.492500 0.000000 0.000000
 -0.490000 0.000000 0.000000
 -0.487500 0.000000 0.000000
 -0.485000 0.000000 0.000000
 -0.482500 0.000000 0.000000
 -0.480000 0.000000 0.000000
 -0.477500 0.000000 0.000000
 -0.475000 0.000000 0.000000
 -0.472500 0.000000 0.000000
 -0.470000 0.000000 0.000000
 -0.467500 0.000000 0.000000
 -0.465000 0.000000 0.000000
 -0.462500 0.000000 0.000000
 -0.460000 0.000000 0.000000
 -0.457500 0.000000 0.000000
 -0.455000 0.000000 0.000000
 -0.452500 0.000000 0.000000
 -0.450000 0.000000 0.000000
 -0.447500 0.000000 0.000000
 -0.445000 0.000000 0.000000
 -0.442500 0.000000 0.000000
 -0.440000 0.000000 0.000000
 -0.437500 0.000000 0.000000
 -0.435000 0.000000 0.000000
 -0.432500 0.000000 0.000000
 -0.430000 0.000000 0.000000
 -0.427500 0.000000 0.000000
 -0.425000 0.000000 0.000000
 -0.422500 0.000000 0.000000
 -0.420000 0.000000 0.000000
 -0.417500 0.000000 0.000000
 -0.415000 0.000000 0.000000
 -0.412500 0.000000 0.000000
 -0.410000 0.000000 0.000000
 -0.407500 0.000000 0.000000
 -0.405000 0.000000 0.000000
 -0.402500 0.000000 0.000000
 -0.400000 0.000000 0.000000
 -0.397500 0.000000 0.000000
 -0.395000 0.000000 0.000000
 -0.392500 0.000000 0.000000
 -0.390000 0.000000 0.000000
 -0.387500 0.000000 0.000000
 -0.385000 0.000000 0.000000
 -0.382500 0.000000 0.000000
 -0.380000 0.000000 0.000000
 -0.377500 0.000000 0.000000
 -0.375000 0.000000 0.000000
 -0.372500 0.000000 0.000000
 -0.370000 0.000000 0.000000
 -0.367500 0.000000 0.000000
 -0.365000 0.000000 0.000000
 -0.362500 0.000000 0.000000
 -0.360000 0.000000 0.000000
 -0.357500 0.000000 0.000000
 -0.355000 0.000000 0.000000
 -0.352500 0.000000 0.000000
 -0.350000 0.000000 0.000000
 -0.347500 0.000000 0.000000
 -0.345000 0.000000 0.000000
 -0.342500 0.000000 0.000000
 -0.340000 0.000000 0.000000
 -0.337500 0.000000 0.000000
 -0.335000 0.000000 0.000000
 -0.332500 0.000000 0.000000
 -0.330000 0.000000 0.000000
 -0.327500 0.000000 0.000000
 -0.325000 0.000000 0.000000
 -0.322500 0.000000 0.000000
 -0.320000 0.000000 0.000000
 -0.317500 0.000000 0.000000
 -0.315000 0.000000 0.000000
 -0.312500 0.000000 0.000000
 -0.310000 0.000000 0.000000
 -0.307500 0.000000 0.000000
 -0.305000 0.000000 0.000000
 -0.302500 0.000000 0.000000
 -0.300000 0.000000 0.000000
 -0.297500 0.000000 0.000000
 -0.295000 0.000000 0.000000
 -0.292500 0.000000 0.000000
 -0.290000 0.000000 0.000000
 -0.287500 0.000000 0.000000
 -0.285000 0.000000 0.000000
 -0.282500 0.000000 0.000000
 -0.280000 0.000000 0.000000
 -0.277500 0.000000 0.000000
 -0.275000 0.000000 0.000000
 -0.272500 0.000000 0.000000
 -0.270000 0.000000 0.000000
 -0.267500 0.000000 0.000000
 -0.265000 0.000000 0.000000
 -0.262500 0.000000 0.000000
 -0.260000 0.000000 0.000000
 -0.257500 0.000000 0.000000
 -0.255000 0.000000 0.000000
 -0.252500 0.000000 0.000000
 -0.250000 0.000000 0.000000
 -0.247500 0.000000 0.000000
 -0.245000 0.000000 0.000000
 -0.242500 0.000000 0.000000
 -0.240000 0.000000 0.000000
 -0.237500 0.000000 0.000000
 -0.235000 0.000000 0.000000
 -0.232500 0.000000 0.000000
 -0.230000 0.000000 0.000000
 -0.227500 0.000000 0.000000
 -0.225000 0.000000 0.000000
 -0.222500 0.000000 0.000000
 -0.220000 0.000000 0.000000
 -0.217500 0.000000 0.000000
 -0.215000 0.000000 0.000000
 -0.212500 0.000000 0.000000
 -0.210000 0.000000 0.000000
 -0.207500 0.000000 0.000000
 -0.205000 0.000000 0.000000
 -0.202500 0.000000 0.000000
 -0.200000 0.000000 0.000000
 -0.197500 0.000000 0.000000
 -0.195000 0.000000 0.000000
 -0.192500 0.000000 0.000000
 -0.190000 0.000000 0.000000
 -0.187500 0.000000 0.000000
 -0.185000 0.000000 0.000000
 -0.182500 0.000000 0.000000
 -0.180000 0.000000 0.000000
 -0.177500 0.000000 0.000000
 -0.175000 0.000000 0.000000
 -0.172500 0.000000 0.000000
 -0.170000 0.000000 0.000000
 -0.167500 0.000000 0.000000
 -0.165000 0.000000 0.000000
 -0.162500 0.000000 0.000000
 -0.160000 0.000000 0.000000
 -0.157500 0.000000 0.000000
 -0.155000 0.000000 0.000000
 -0.152500 0.000000 0.000000
 -0.150000 0.000000 0.000000
 -0.147500 0.000000 0.000000
 -0.145000 0.000000 0.000000
 -0.142500 0.000000 0.000000
 -0.140000 0.000000 0.000000
 -0.137500 0.000000 0.000000
 -0.135000 0.000000 0.000000
 -0.132500 0.000000 0.000000
 -0.130000 0.000000 0.000000
 -0.127500 0.000000 0.000000
 -0.125000 0.000000 0.000000
 -0.122500 0.000000 0.000000
 -0.120000 0.000000 0.000000
 -0.117500 0.000000 0.000000
 -0.115000 0.000000 0.000000
 -0.112500 0.000000 0.000000
 -0.110000 0.000000 0.000000
 -0.107500 0.000000 0.000000
 -0.105000 0.000000 0.000000
 -0.102500 0.000000 0.000000
 -0.100000 0.000000 0.000000
 -0.097500 0.000000 0.000000
 -0.095000 0.000000 0.000000
 -0.092500 0.000000 0.000000
 -0.090000 0.000000 0.000000
 -0.087500 0.000000 0.000000
 -0.085000 0.000000 0.000000
 -0.082500 0.000000 0.000000
 -0.080000 0.000000 0.000000
 -0.077500 0.000000 0.000000
 -0.075000 0.000000 0.000000
 -0.072500 0.000000 0.000000
 -0.070000 0.000000 0.000000
 -0.067500 0.000000 0.000000
 -0.065000 0.000000 0.000000
 -0.062500 0.000000 0.000000
 -0.060000 0.000000 0.000000
 -0.057500 0.000000 0.000000
 -0.055000 0.000000 0.000000
 -0.052500 0.000000 0.000000
 -0.050000 0.000000 0.000000
 -0.047500 0.000000 0.000000
 -0.045000 0.000000 0.000000
 -0.042500 0.000000 0.000000
 -0.040000 0.000000 0.000000
 -0.037500 0.000000 0.000000
 -0.035000 0.000000 0.000000
 -0.032500 0.000000 0.000000
 -0.030000 0.000000 0.000000
 -0.027500 0.000000 0.000000
 -0.025000 0.000000 0.000000
 -0.022500 0.000000 0.000000
 -0.020000 0.000000 0.000000
 -0.017500 0.000000 0.000000
 -0.015000 0.000000 0.000000
 -0.012500 0.000000 0.000000
 -0.010000 0.000000 0.000000
 -0.007500 0.000000 0.000000
 -0.005000 0.000000 0.000000
 -0.002500 0.000000 0.000000
 0.000000 0.000000 0.000000
 0.002500 0.000000 0.000000
 0.005000 0.000000 0.000000
 0.007500 0.000000 0.000000
 0.010000 0.000000 0.000000
 0.012500 0.000000 0.000000
 0.015000 0.000000 0.000000
 0.017500 0.000000 0.000000
 0.020000 0.000000 0.000000
 0.022500 0.000000 0.000000
 0.025000 0.000000 0.000000
 0.027500 0.000000 0.000000
 0.030000 0.000000 0.000000
 0.032500 0.000000 0.000000
 0.035000 0.000000 0.000000
 0.037500 0.000000 0.000000
 0.040000 0.000000 0.000000
 0.042500 0.000000 0.000000
 0.045000 0.000000 0.000000
 0.047500 0.000000 0.000000
 0.050000 0.000000 0.000000
 0.052500 0.000000 0.000000
 0.055000 0.000000 0.000000
 0.057500 0.000000 0.000000
 0.060000 0.000000 0.000000
 0.062500 0.000000 0.000000
 0.065000 0.000000 0.000000
 0.067500 0.000000 0.000000
 0.070000 0.000000 0.000000
 0.072500 0.000000 0.000000
 0.075000 0.000000 0.000000
 0.077500 0.000000 0.000000
 0.080000 0.000000 0.000000
 0.082500 0.000000 0.000000
 0.085000 0.000000 0.000000
 0.087500 0.000000 0.000000
 0.090000 0.000000 0.000000
 0.092500 0.000000 0.000000
 0.095000 0.000000 0.000000
 0.097500 0.000000 0.000000
 0.100000 0.000000 0.000000
 0.102500 0.000000 0.000000
 0.105000 0.000000 0.000000
 0.107500 0.000000 0.000000
 0.110000 0.000000 0.000000
 0.112500 0.000000 0.000000
 0.115000 0.000000 0.000000
 0.117500 0.000000 0.000000
 0.120000 0.000000 0.000000
 0.122500 0.000000 0.000000
 0.125000 0.000000 0.000000
 0.127500 0.000000 0.000000
 0.130000 0.000000 0.000000
 0.132500 0.000000 0.000000
 0.135000 0.000000 0.000000
 0.137500 0.000000 0.000000
 0.140000 0.000000 0.000000
 0.142500 0.000000 0.000000
 0.145000 0.000000 0.000000
 0.147500 0.000000 0.000000
 0.150000 0.000000 0.000000
 0.152500 0.000000 0.000000
 0.155000 0.000000 0.000000
 0.157500 0.000000 0.000000
 0.160000 0.000000 0.000000
 0.162500 0.000000 0.000000
 0.165000 0.000000 0.000000
 0.167500 0.000000 0.000000
 0.170000 0.000000 0.000000
 0.172500 0.000000 0.000000
 0.175000 0.000000 0.000000
 0.177500 0.000000 0.000000
 0.180000 0.000000 0.000000
 0.182500 0.000000 0.000000
 0.185000 0.000000 0.000000
 0.187500 0.000000 0.000000
 0.190000 0.000000 0.000000
 0.192500 0.000000 0.000000
 0.195000 0.000000 0.000000
 0.197500 0.000000 0.000000
 0.200000 0.000000 0.000000
 0.202500 0.000000 0.000000
 0.205000 0.000000 0.000000
 0.207500 0.000000 0.000000
 0.210000 0.000000 0.000000
 0.212500 0.000000 0.000000
 0.215000 0.000000 0.000000
 0.217500 0.000000 0.000000
 0.220000 0.000000 0.000000
 0.222500 0.000000 0.000000
 0.225000 0.000000 0.000000
 0.227500 0.000000 0.000000
 0.230000 0.000000 0.000000
 0.232500 0.000000 0.000000
 0.235000 0.000000 0.000000
 0.237500 0.000000 0.000000
 0.240000 0.000000 0.000000
 0.242500 0.000000 0.000000
 0.245000 0.000000 0.000000
 0.247500 0.000000 0.000000
 0.250000 0.000000 0.000000
 0.252500 0.000000 0.000000
 0.255000 0.000000 0.000000
 0.257500 0.000000 0.000000
 0.260000 0.000000 0.000000
 0.262500 0.000000 0.000000
 0.265000 0.000000 0.000000
 0.267500 0.000000 0.000000
 0.270000 0.000000 0.000000
 0.272500 0.000000 0.000000
 0.275000 0.000000 0.000000
 0.277500 0.000000 0.000000
 0.280000 0.000000 0.000000
 0.282500 0.000000 0.000000
 0.285000 0.000000 0.000000
 0.287500 0.000000 0.000000
 0.290000 0.000000 0.000000
 0.292500 0.000000 0.000000
 0.295000 0.000000 0.000000
 0.297500 0.000000 0.000000
 0.300000 0.000000 0.000000
 0.302500 0.000000 0.000024
 0.305000 0.000000 0.000056
 0.307500 0.000000 0.000124
 0.310000 0.000001 0.000255
 0.312500 0.000002 0.000488
 0.315000 0.000003 0.000909
 0.317500 0.000006 0.001538
 0.320000 0.000011 0.002452
 0.322500 0.000019 0.003670
 0.325000 0.000030 0.005153
 0.327500 0.000045 0.006873
 0.330000 0.000065 0.008706
 0.332500 0.000089 0.010598
 0.335000 0.000118 0.012552
 0.337500 0.000152 0.014590
 0.340000 0.000191 0.016769
 0.342500 0.000236 0.019061
 0.345000 0.000286 0.021321
 0.347500 0.000342 0.023451
 0.350000 0.000403 0.025113
 0.352500 0.000468 0.026363
 0.355000 0.000535 0.027433
 0.357500 0.000606 0.029048
 0.360000 0.000682 0.032035
 0.362500 0.000768 0.037129
 0.365000 0.000870 0.044785
 0.367500 0.000994 0.054789
 0.370000 0.001146 0.066515
 0.372500 0.001328 0.078819
 0.375000 0.001541 0.091014
 0.377500 0.001784 0.103113
 0.380000 0.002058 0.116461
 0.382500 0.002370 0.133324
 0.385000 0.002732 0.156589
 0.387500 0.003162 0.188253
 0.390000 0.003682 0.228756
 0.392500 0.004313 0.276595
 0.395000 0.005070 0.327863
 0.397500 0.005954 0.378153
 0.400000 0.006959 0.423657
 0.402500 0.008070 0.462664
 0.405000 0.009273 0.497329
 0.407500 0.010561 0.532122
 0.410000 0.011944 0.574121
 0.412500 0.013449 0.630550
 0.415000 0.015119 0.707171
 0.417500 0.017010 0.807932
 0.420000 0.019185 0.934126
 0.422500 0.021708 1.085621
 0.425000 0.024639 1.259536
 0.427500 0.028030 1.451472
 0.430000 0.031915 1.654237
 0.432500 0.036313 1.859236
 0.435000 0.041218 2.057949
 0.437500 0.046602 2.241647
 0.440000 0.052424 2.407909
 0.442500 0.058642 2.559662
 0.445000 0.065235 2.709225
 0.447500 0.072218 2.873931
 0.450000 0.079650 3.072382
 0.452500 0.087640 3.320893
 0.455000 0.096324 3.626019
 0.457500 0.105836 3.982648
 0.460000 0.116293 4.377783
 0.462500 0.127770 4.795652
 0.465000 0.140311 5.225735
 0.467500 0.153937 5.665534
 0.470000 0.168685 6.123739
 0.472500 0.184613 6.610550
 0.475000 0.201804 7.134767
 0.477500 0.220355 7.697344
 0.480000 0.240355 8.289662
 0.482500 0.261858 8.897536
 0.485000 0.284885 9.505283
 0.487500 0.309418 10.100705
 0.490000 0.335418 10.677798
 0.492500 0.362841 11.237138
 0.495000 0.391648 11.785621
 0.497500 0.421832 12.338056
 0.500000 0.453417 12.910950
 0.502500 0.486481 13.524375
 0.505000 0.521149 14.197835
 0.507500 0.557597 14.944932
 0.510000 0.596012 15.772908
 0.512500 0.636595 16.679424
 0.515000 0.679536 17.653317
 0.517500 0.724983 18.680270
 0.520000 0.773043 19.736508
 0.522500 0.823751 20.796770
 0.525000 0.877075 21.826283
 0.527500 0.932906 22.795752
 0.530000 0.991069 23.688241
 0.532500 1.051359 24.499071
 0.535000 1.113583 25.238240
 0.537500 1.177594 25.931675
 0.540000 1.243305 26.601544
 0.542500 1.310671 27.257646
 0.545000 1.379664 27.896555
 0.547500 1.450205 28.498978
 0.550000 1.522188 29.044957
 0.552500 1.595456 29.526689
 0.555000 1.669859 29.957011
 0.557500 1.745297 30.363839
 0.560000 1.821763 30.782939
 0.562500 1.899318 31.243137
 0.565000 1.978083 31.747441
 0.567500 2.058138 32.272308
 0.570000 2.139471 32.767855
 0.572500 2.221959 33.186362
 0.575000 2.305348 33.493901
 0.577500 2.389357 33.677850
 0.580000 2.473698 33.763065
 0.582500 2.558153 33.781783
 0.585000 2.642596 33.765277
 0.587500 2.726968 33.727891
 0.590000 2.811213 33.668311
 0.592500 2.895272 33.579778
 0.595000 2.979066 33.456126
 0.597500 3.062499 33.300688
 0.600000 3.145494 33.112549
 0.602500 3.227973 32.880244
 0.605000 3.309769 32.564871
 0.607500 3.390600 32.100310
 0.610000 3.469994 31.407880
 0.612500 3.547309 30.432989
 0.615000 3.621822 29.185190
 0.617500 3.692942 27.738165
 0.620000 3.760307 26.213671
 0.622500 3.823912 24.760197
 0.625000 3.884088 23.481787
 0.627500 3.941340 22.431143
 0.630000 3.996223 21.577889
 0.632500 4.049116 20.839827
 0.635000 4.100201 20.109736
 0.637500 4.149354 19.286833
 0.640000 4.196250 18.303855
 0.642500 4.240444 17.133309
 0.645000 4.281471 15.783196
 0.647500 4.318954 14.301449
 0.650000 4.352625 12.763773
 0.652500 4.382448 11.239841
 0.655000 4.408536 9.789484
 0.657500 4.431110 8.440404
 0.660000 4.450408 7.160571
 0.662500 4.466523 5.888963
 0.665000 4.479384 4.541301
 0.667500 4.488710 3.054759
 0.670000 4.494112 1.412454
 0.672500 4.495237 -0.340666
 0.675000 4.491922 -2.115968
 0.677500 4.484265 -3.802770
 0.680000 4.472587 -5.310882
 0.682500 4.457392 -6.616094
 0.685000 4.439153 -7.746403
 0.687500 4.418225 -8.778319
 0.690000 4.394741 -9.803579
 0.692500 4.368633 -10.883460
 0.695000 4.339709 -12.041147
 0.697500 4.307825 -13.257131
 0.700000 4.272891 -14.461776
 0.702500 4.235019 -15.592219
 0.705000 4.194467 -16.596385
 0.707500 4.151576 -17.458718
 0.710000 4.106683 -18.210425
 0.712500 4.059984 -18.897851
 0.715000 4.011575 -19.592894
 0.717500 3.961375 -20.337554
 0.720000 3.909224 -21.152761
 0.722500 3.854963 -22.032422
 0.725000 3.798442 -22.945068
 0.727500 3.739619 -23.872389
 0.730000 3.678478 -24.797355
 0.732500 3.615036 -25.715774
 0.735000 3.549321 -26.607655
 0.737500 3.481430 -27.451180
 0.740000 3.411537 -28.203062
 0.742500 3.339949 -28.801877
 0.745000 3.267110 -29.190980
 0.747500 3.193605 -29.335722
 0.750000 3.120053 -29.236674
 0.752500 3.047021 -28.932984
 0.755000 2.974931 -28.489759
 0.757500 2.904039 -27.989369
 0.760000 2.834396 -27.505067
 0.762500 2.765897 -27.083808
 0.765000 2.698347 -26.745154
 0.767500 2.631547 -26.495041
 0.770000 2.565279 -26.310212
 0.772500 2.499410 -26.181344
 0.775000 2.433823 -26.081312
 0.777500 2.368461 -25.997162
 0.780000 2.303308 -25.922622
 0.782500 2.238347 -25.847976
 0.785000 2.173577 -25.776826
 0.787500 2.108977 -25.712262
 0.790000 2.044539 -25.655418
 0.792500 1.980255 -25.585394
 0.795000 1.916193 -25.470948
 0.797500 1.852525 -25.274031
 0.800000 1.789504 -24.951926
 0.802500 1.727463 -24.492051
 0.805000 1.666727 -23.911952
 0.807500 1.607553 -23.255043
 0.810000 1.550067 -22.584021
 0.812500 1.494227 -21.943774
 0.815000 1.439914 -21.364232
 0.817500 1.386987 -20.840809
 0.820000 1.335335 -20.338362
 0.822500 1.284963 -19.818452
 0.825000 1.235957 -19.245781
 0.827500 1.188459 -18.612224
 0.830000 1.142603 -17.939591
 0.832500 1.098449 -17.263596
 0.835000 1.055956 -16.617350
 0.837500 1.015024 -16.022241
 0.840000 0.975522 -15.477474
 0.842500 0.937337 -14.968911
 0.845000 0.900396 -14.484836
 0.847500 0.864644 -14.020583
 0.850000 0.830019 -13.591405
 0.852500 0.796404 -13.214602
 0.855000 0.763656 -12.905593
 0.857500 0.731606 -12.657647
 0.860000 0.700122 -12.446052
 0.862500 0.669160 -12.237683
 0.865000 0.638758 -12.001018
 0.867500 0.609015 -11.713085
 0.870000 0.580059 -11.374039
 0.872500 0.552005 -10.997239
 0.875000 0.524921 -10.602961
 0.877500 0.498828 -10.205755
 0.880000 0.473719 -9.817083
 0.882500 0.449582 -9.440813
 0.885000 0.426375 -9.068918
 0.887500 0.404096 -8.702177
 0.890000 0.382732 -8.336134
 0.892500 0.362291 -7.968614
 0.895000 0.342774 -7.593574
 0.897500 0.324208 -7.209455
 0.900000 0.306619 -6.815465
 0.902500 0.290025 -6.411820
 0.905000 0.274452 -6.008336
 0.907500 0.259880 -5.614491
 0.910000 0.246265 -5.247098
 0.912500 0.233516 -4.927101
 0.915000 0.221491 -4.670714
 0.917500 0.210016 -4.488656
 0.920000 0.198907 -4.380269
 0.922500 0.187996 -4.329556
 0.925000 0.177169 -4.307459
 0.927500 0.166393 -4.281825
 0.930000 0.155723 -4.221658
 0.932500 0.145276 -4.101764
 0.935000 0.135217 -3.911040
 0.937500 0.125722 -3.655287
 0.940000 0.116932 -3.351764
 0.942500 0.108934 -3.029062
 0.945000 0.101734 -2.717301
 0.947500 0.095269 -2.446827
 0.950000 0.089410 -2.234488
 0.952500 0.084006 -2.084911
 0.955000 0.078905 -1.987683
 0.957500 0.074004 -1.924180
 0.960000 0.069243 -1.870097
 0.962500 0.064625 -1.809780
 0.965000 0.060177 -1.734278
 0.967500 0.055935 -1.647314
 0.970000 0.051916 -1.559001
 0.972500 0.048108 -1.480992
 0.975000 0.044474 -1.419342
 0.977500 0.040977 -1.371977
 0.980000 0.037593 -1.328660
 0.982500 0.034328 -1.274173
 0.985000 0.031225 -1.197378
 0.987500 0.028347 -1.094711
 0.990000 0.025754 -0.971460
 0.992500 0.023483 -0.839310
 0.995000 0.021537 -0.713652
 0.997500 0.019884 -0.607643
 1.000000 0.018463 -0.529713
 1.002500 0.017200 -0.480778
 1.005000 0.016027 -0.457710
 1.007500 0.014889 -0.451261
 1.010000 0.013757 -0.452688
 1.012500 0.012620 -0.452591
 1.015000 0.011491 -0.445784
 1.017500 0.010390 -0.429761
 1.020000 0.009340 -0.406361
 1.022500 0.008356 -0.378277
 1.025000 0.007446 -0.348348
 1.027500 0.006611 -0.318811
 1.030000 0.005848 -0.290551
 1.032500 0.005153 -0.263883
 1.035000 0.004524 -0.238268
 1.037500 0.003958 -0.213963
 1.040000 0.003450 -0.191354
 1.042500 0.002996 -0.170818
 1.045000 0.002591 -0.152354
 1.047500 0.002231 -0.135180
 1.050000 0.001912 -0.118546
 1.052500 0.001635 -0.102653
 1.055000 0.001396 -0.087360
 1.057500 0.001195 -0.073801
 1.060000 0.001024 -0.062618
 1.062500 0.000878 -0.054200
 1.065000 0.000750 -0.048231
 1.067500 0.000634 -0.043901
 1.070000 0.000529 -0.040306
 1.072500 0.000432 -0.036595
 1.075000 0.000345 -0.032574
 1.077500 0.000269 -0.028083
 1.080000 0.000204 -0.023385
 1.082500 0.000151 -0.019066
 1.085000 0.000109 -0.014975
 1.087500 0.000075 -0.011438
 1.090000 0.000051 -0.008476
 1.092500 0.000033 -0.006024
 1.095000 0.000020 -0.004066
 1.097500 0.000012 -0.002626
 1.100000 0.000006 -0.001541
 1.102500 0.000003 -0.000872
 1.105000 0.000002 -0.000467
 1.107500 0.000001 -0.000242
 1.110000 0.000000 -0.000117
 1.112500 0.000000 -0.000053
 1.115000 0.000000 0.000000
 1.117500 0.000000 0.000000
 1.120000 0.000000 0.000000
 1.122500 0.000000 0.000000
 1.125000 0.000000 0.000000
 1.127500 0.000000 0.000000
 1.130000 0.000000 0.000000
 1.132500 0.000000 0.000000
 1.135000 0.000000 0.000000
 1.137500 0.000000 0.000000
 1.140000 0.000000 0.000000
 1.142500 0.000000 0.000000
 1.145000 0.000000 0.000000
 1.147500 0.000000 0.000000
 1.150000 0.000000 0.000000
 1.152500 0.000000 0.000000
 1.155000 0.000000 0.000000
 1.157500 0.000000 0.000000
 1.160000 0.000000 0.000000
 1.162500 0.000000 0.000000
 1.165000 0.000000 0.000000
 1.167500 0.000000 0.000000
 1.170000 0.000000 0.000000
 1.172500 0.000000 0.000000
 1.175000 0.000000 0.000000
 1.177500 0.000000 0.000000
 1.180000 0.000000 0.000000
 1.182500 0.000000 0.000000
 1.185000 0.000000 0.000000
 1.187500 0.000000 0.000000
 1.190000 0.000000 0.000000
 1.192500 0.000000 0.000000
 1.195000 0.000000 0.000000
 1.197500 0.000000 0.000000
 1.200000 0.000000 0.000000
 1.202500 0.000000 0.000000
 1.205000 0.000000 0.000000
 1.207500 0.000000 0.000000
 1.210000 0.000000 0.000000
 1.212500 0.000000 0.000000
 1.215000 0.000000 0.000000
 1.217500 0.000000 0.000000
 1.220000 0.000000 0.000000
 1.222500 0.000000 0.000000
 1.225000 0.000000 0.000000
 1.227500 0.000000 0.000000
 1.230000 0.000000 0.000000
 1.232500 0.000000 0.000000
 1.235000 0.000000 0.000000
 1.237500 0.000000 0.000000
 1.240000 0.000000 0.000000
 1.242500 0.000000 0.000000
 1.245000 0.000000 0.000000
 1.247500 0.000000 0.000000
 1.250000 0.000000 0.000000
 1.252500 0.000000 0.000000
 1.255000 0.000000 0.000000
 1.257500 0.000000 0.000000
 1.260000 0.000000 0.000000
 1.262500 0.000000 0.000000
 1.265000 0.000000 0.000000
 1.267500 0.000000 0.000000
 1.270000 0.000000 0.000000
 1.272500 0.000000 0.000000
 1.275000 0.000000 0.000000
 1.277500 0.000000 0.000000
 1.280000 0.000000 0.000000
 1.282500 0.000000 0.000000
 1.285000 0.000000 0.000000
 1.287500 0.000000 0.000000
 1.290000 0.000000 0.000000
 1.292500 0.000000 0.000000
 1.295000 0.000000 0.000000
 1.297500 0.000000 0.000000
 1.300000 0.000000 0.000000
 1.302500 0.000000 0.000000
 1.305000 0.000000 0.000000
 1.307500 0.000000 0.000000
 1.310000 0.000000 0.000000
 1.312500 0.000000 0.000000
 1.315000 0.000000 0.000000
 1.317500 0.000000 0.000000
 1.320000 0.000000 0.000000
 1.322500 0.000000 0.000000
 1.325000 0.000000 0.000000
 1.327500 0.000000 0.000000
 1.330000 0.000000 0.000000
 1.332500 0.000000 0.000000
 1.335000 0.000000 0.000000
 1.337500 0.000000 0.000000
 1.340000 0.000000 0.000000
 1.342500 0.000000 0.000000
 1.345000 0.000000 0.000000
 1.347500 0.000000 0.000000
 1.350000 0.000000 0.000000
 1.352500 0.000000 0.000000
 1.355000 0.000000 0.000000
 1.357500 0.000000 0.000000
 1.360000 0.000000 0.000000
 1.362500 0.000000 0.000000
 1.365000 0.000000 0.000000
 1.367500 0.000000 0.000000
 1.370000 0.000000 0.000000
 1.372500 0.000000 0.000000
 1.375000 0.000000 0.000000
 1.377500 0.000000 0.000000
 1.380000 0.000000 0.000000
 1.382500 0.000000 0.000000
 1.385000 0.000000 0.000000
 1.387500 0.000000 0.000000
 1.390000 0.000000 0.000000
 1.392500 0.000000 0.000000
 1.395000 0.000000 0.000000
 1.397500 0.000000 0.000000
 1.400000 0.000000 0.000000
 1.402500 0.000000 0.000000
 1.405000 0.000000 0.000000
 1.407500 0.000000 0.000000
 1.410000 0.000000 0.000000
 1.412500 0.000000 0.000000
 1.415000 0.000000 0.000000
 1.417500 0.000000 0.000000
 1.420000 0.000000 0.000000
 1.422500 0.000000 0.000000
 1.425000 0.000000 0.000000
 1.427500 0.000000 0.000000
 1.430000 0.000000 0.000000
 1.432500 0.000000 0.000000
 1.435000 0.000000 0.000000
 1.437500 0.000000 0.000000
 1.440000 0.000000 0.000000
 1.442500 0.000000 0.000000
 1.445000 0.000000 0.000000
 1.447500 0.000000 0.000000
 1.450000 0.000000 0.000000
 1.452500 0.000000 0.000000
 1.455000 0.000000 0.000000
 1.457500 0.000000 0.000000
 1.460000 0.000000 0.000000
 1.462500 0.000000 0.000000
 1.465000 0.000000 0.000000
 1.467500 0.000000 0.000000
 1.470000 0.000000 0.000000
 1.472500 0.000000 0.000000
 1.475000 0.000000 0.000000
 1.477500 0.000000 0.000000
 1.480000 0.000000 0.000000
 1.482500 0.000000 0.000000
 1.485000 0.000000 0.000000
 1.487500 0.000000 0.000000
 1.490000 0.000000 0.000000
 1.492500 0.000000 0.000000
 1.495000 0.000000 0.000000
 1.497500 0.000000 0.000000
 1.500000 0.000000 0.000000
 1.502500 0.000000 0.000000
 1.505000 0.000000 0.000000
 1.507500 0.000000 0.000000
 1.510000 0.000000 0.000000
 1.512500 0.000000 0.000000
 1.515000 0.000000 0.000000
 1.517500 0.000000 0.000000
 1.520000 0.000000 0.000000
 1.522500 0.000000 0.000000
 1.525000 0.000000 0.000000
 1.527500 0.000000 0.000000
 1.530000 0.000000 0.000000
 1.532500 0.000000 0.000000
 1.535000 0.000000 0.000000
 1.537500 0.000000 0.000000
 1.540000 0.000000 0.000000
 1.542500 0.000000 0.000000
 1.545000 0.000000 0.000000
 1.547500 0.000000 0.000000
 1.550000 0.000000 0.000000
 1.552500 0.000000 0.000000
 1.555000 0.000000 0.000000
 1.557500 0.000000 0.000000
 1.560000 0.000000 0.000000
 1.562500 0.000000 0.000000
 1.565000 0.000000 0.000000
 1.567500 0.000000 0.000000
 1.570000 0.000000 0.000000
 1.572500 0.000000 0.000000
 1.575000 0.000000 0.000000
 1.577500 0.000000 0.000000
 1.580000 0.000000 0.000000
 1.582500 0.000000 0.000000
 1.585000 0.000000 0.000000
 1.587500 0.000000 0.000000
 1.590000 0.000000 0.000000
 1.592500 0.000000 0.000000
 1.595000 0.000000 0.000000
 1.597500 0.000000 0.000000
 1.600000 0.000000 0.000000
 1.602500 0.000000 0.000000
 1.605000 0.000000 0.000000
 1.607500 0.000000 0.000000
 1.610000 0.000000 0.000000
 1.612500 0.000000 0.000000
 1.615000 0.000000 0.000000
 1.617500 0.000000 0.000000
 1.620000 0.000000 0.000000
 1.622500 0.000000 0.000000
 1.625000 0.000000 0.000000
 1.627500 0.000000 0.000000
 1.630000 0.000000 0.000000
 1.632500 0.000000 0.000000
 1.635000 0.000000 0.000000
 1.637500 0.000000 0.000000
 1.640000 0.000000 0.000000
 1.642500 0.000000 0.000000
 1.645000 0.000000 0.000000
 1.647500 0.000000 0.000000
 1.650000 0.000000 0.000000
 1.652500 0.000000 0.000000
 1.655000 0.000000 0.000000
 1.657500 0.000000 0.000000
 1.660000 0.000000 0.000000
 1.662500 0.000000 0.000000
 1.665000 0.000000 0.000000
 1.667500 0.000000 0.000000
 1.670000 0.000000 0.000000
 1.672500 0.000000 0.000000
 1.675000 0.000000 0.000000
 1.677500 0.000000 0.000000
 1.680000 0.000000 0.000000
 1.682500 0.000000 0.000000
 1.685000 0.000000 0.000000
 1.687500 0.000000 0.000000
 1.690000 0.000000 0.000000
 1.692500 0.000000 0.000000
 1.695000 0.000000 0.000000
 1.697500 0.000000 0.000000
 1.700000 0.000000 0.000000
 1.702500 0.000000 0.000000
 1.705000 0.000000 0.000000
 1.707500 0.000000 0.000000
 1.710000 0.000000 0.000000
 1.712500 0.000000 0.000000
 1.715000 0.000000 0.000000
 1.717500 0.000000 0.000000
 1.720000 0.000000 0.000000
 1.722500 0.000000 0.000000
 1.725000 0.000000 0.000000
 1.727500 0.000000 0.000000
 1.730000 0.000000 0.000000
 1.732500 0.000000 0.000000
 1.735000 0.000000 0.000000
 1.737500 0.000000 0.000000
 1.740000 0.000000 0.000000
 1.742500 0.000000 0.000000
 1.745000 0.000000 0.000000
 1.747500 0.000000 0.000000
 1.750000 0.000000 0.000000
 1.752500 0.000000 0.000000
 1.755000 0.000000 0.000000
 1.757500 0.000000 0.000000
 1.760000 0.000000 0.000000
 1.762500 0.000000 0.000000
 1.765000 0.000000 0.000000
 1.767500 0.000000 0.000000
 1.770000 0.000000 0.000000
 1.772500 0.000000 0.000000
 1.775000 0.000000 0.000000
 1.777500 0.000000 0.000000
 1.780000 0.000000 0.000000
 1.782500 0.000000 0.000000
 1.785000 0.000000 0.000000
 1.787500 0.000000 0.000000
 1.790000 0.000000 0.000000
 1.792500 0.000000 0.000000
 1.795000 0.000000 0.000000
 1.797500 0.000000 0.000000
 1.800000 0.000000 0.000000
 1.802500 0.000000 0.000000
 1.805000 0.000000 0.000000
 1.807500 0.000000 0.000000
 1.810000 0.000000 0.000000
 1.812500 0.000000 0.000000
 1.815000 0.000000 0.000000
 1.817500 0.000000 0.000000
 1.820000 0.000000 0.000000
 1.822500 0.000000 0.000000
 1.825000 0.000000 0.000000
 1.827500 0.000000 0.000000
 1.830000 0.000000 0.000000
 1.832500 0.000000 0.000000
 1.835000 0.000000 0.000000
 1.837500 0.000000 0.000000
 1.840000 0.000000 0.000000
 1.842500 0.000000 0.000000
 1.845000 0.000000 0.000000
 1.847500 0.000000 0.000000
 1.850000 0.000000 0.000000
 1.852500 0.000000 0.000000
 1.855000 0.000000 0.000000
 1.857500 0.000000 0.000000
 1.860000 0.000000 0.000000
 1.862500 0.000000 0.000000
 1.865000 0.000000 0.000000
 1.867500 0.000000 0.000000
 1.870000 0.000000 0.000000
 1.872500 0.000000 0.000000
 1.875000 0.000000 0.000000
 1.877500 0.000000 0.000000
 1.880000 0.000000 0.000000
 1.882500 0.000000 0.000000
 1.885000 0.000000 0.000000
 1.887500 0.000000 0.000000
 1.890000 0.000000 0.000000
 1.892500 0.000000 0.000000
 1.895000 0.000000 0.000000
 1.897500 0.000000 0.000000
 1.900000 0.000000 0.000000
 1.902500 0.000000 0.000000
 1.905000 0.000000 0.000000
 1.907500 0.000000 0.000000
 1.910000 0.000000 0.000000
 1.912500 0.000000 0.000000
 1.915000 0.000000 0.000000
 1.917500 0.000000 0.000000
 1.920000 0.000000 0.000000
 1.922500 0.000000 0.000000
 1.925000 0.000000 0.000000
 1.927500 0.000000 0.000000
 1.930000 0.000000 0.000000
 1.932500 0.000000 0.000000
 1.935000 0.000000 0.000000
 1.937500 0.000000 0.000000
 1.940000 0.000000 0.000000
 1.942500 0.000000 0.000000
 1.945000 0.000000 0.000000
 1.947500 0.000000 0.000000
 1.950000 0.000000 0.000000
 1.952500 0.000000 0.000000
 1.955000 0.000000 0.000000
 1.957500 0.000000 0.000000
 1.960000 0.000000 0.000000
 1.962500 0.000000 0.000000
 1.965000 0.000000 0.000000
 1.967500 0.000000 0.000000
 1.970000 0.000000 0.000000
 1.972500 0.000000 0.000000
 1.975000 0.000000 0.000000
 1.977500 0.000000 0.000000
 1.980000 0.000000 0.000000
 1.982500 0.000000 0.000000
 1.985000 0.000000 0.000000
 1.987500 0.000000 0.000000
 1.990000 0.000000 0.000000
 1.992500 0.000000 0.000000
 1.995000 0.000000 0.000000
 1.997500 0.000000 0.000000
 2.000000 0.000000 0.000000
