#! FIELDS es hh dhh_es
#! SET normalisation  2000.000000
#! SET min_es -0.5
#! SET max_es 2
#! SET nbins_es  1000
#! SET periodic_es false
 -0.500000 0.000000 0.000000
 -0.497500 0.000000 0.000000
 -0.495000 0.000000 0.000000
 -0.492500 0.000000 0.000000
 -0.490000 0.000000 0.000000
 -0.487500 0.000000 0.000000
 -0.485000 0.000000 0.000000
 -0.482500 0.000000 0.000000
 -0.480000 0.000000 0.000000
 -0.477500 0.000000 0.000000
 -0.475000 0.000000 0.000000
 -0.472500 0.000000 0.000000
 -0.470000 0.000000 0.000000
 -0.467500 0.000000 0.000000
 -0.465000 0.000000 0.000000
 -0.462500 0.000000 0.000000
 -0.460000 0.000000 0.000000
 -0.457500 0.000000 0.000000
 -0.455000 0.000000 0.000000
 -0.452500 0.000000 0.000000
 -0.450000 0.000000 0.000000
 -0.447500 0.000000 0.000000
 -0.445000 0.000000 0.000000
 -0.442500 0.000000 0.000000
 -0.440000 0.000000 0.000000
 -0.437500 0.000000 0.000000
 -0.435000 0.000000 0.000000
 -0.432500 0.000000 0.000000
 -0.430000 0.000000 0.000000
 -0.427500 0.000000 0.000000
 -0.425000 0.000000 0.000000
 -0.422500 0.000000 0.000000
 -0.420000 0.000000 0.000000
 -0.417500 0.000000 0.000000
 -0.415000 0.000000 0.000000
 -0.412500 0.000000 0.000000
 -0.410000 0.000000 0.000000
 -0.407500 0.000000 0.000000
 -0.405000 0.000000 0.000000
 -0.402500 0.000000 0.000000
 -0.400000 0.000000 0.000000
 -0.397500 0.000000 0.000000
 -0.395000 0.000000 0.000000
 -0.392500 0.000000 0.000000
 -0.390000 0.000000 0.000000
 -0.387500 0.000000 0.000000
 -0.385000 0.000000 0.000000
 -0.382500 0.000000 0.000000
 -0.380000 0.000000 0.000000
 -0.377500 0.000000 0.000000
 -0.375000 0.000000 0.000000
 -0.372500 0.000000 0.000000
 -0.370000 0.000000 0.000000
 -0.367500 0.000000 0.000000
 -0.365000 0.000000 0.000000
 -0.362500 0.000000 0.000000
 -0.360000 0.000000 0.000000
 -0.357500 0.000000 0.000000
 -0.355000 0.000000 0.000000
 -0.352500 0.000000 0.000000
 -0.350000 0.000000 0.000000
 -0.347500 0.000000 0.000000
 -0.345000 0.000000 0.000000
 -0.342500 0.000000 0.000000
 -0.340000 0.000000 0.000000
 -0.337500 0.000000 0.000000
 -0.335000 0.000000 0.000000
 -0.332500 0.000000 0.000000
 -0.330000 0.000000 0.000000
 -0.327500 0.000000 0.000000
 -0.325000 0.000000 0.000000
 -0.322500 0.000000 0.000000
 -0.320000 0.000000 0.000000
 -0.317500 0.000000 0.000000
 -0.315000 0.000000 0.000000
 -0.312500 0.000000 0.000000
 -0.310000 0.000000 0.000000
 -0.307500 0.000000 0.000000
 -0.305000 0.000000 0.000000
 -0.302500 0.000000 0.000000
 -0.300000 0.000000 0.000000
 -0.297500 0.000000 0.000000
 -0.295000 0.000000 0.000000
 -0.292500 0.000000 0.000000
 -0.290000 0.000000 0.000000
 -0.287500 0.000000 0.000000
 -0.285000 0.000000 0.000000
 -0.282500 0.000000 0.000000
 -0.280000 0.000000 0.000000
 -0.277500 0.000000 0.000000
 -0.275000 0.000000 0.000000
 -0.272500 0.000000 0.000000
 -0.270000 0.000000 0.000000
 -0.267500 0.000000 0.000000
 -0.265000 0.000000 0.000000
 -0.262500 0.000000 0.000000
 -0.260000 0.000000 0.000000
 -0.257500 0.000000 0.000000
 -0.255000 0.000000 0.000000
 -0.252500 0.000000 0.000000
 -0.250000 0.000000 0.000000
 -0.247500 0.000000 0.000000
 -0.245000 0.000000 0.000000
 -0.242500 0.000000 0.000000
 -0.240000 0.000000 0.000000
 -0.237500 0.000000 0.000000
 -0.235000 0.000000 0.000000
 -0.232500 0.000000 0.000000
 -0.230000 0.000000 0.000000
 -0.227500 0.000000 0.000000
 -0.225000 0.000000 0.000000
 -0.222500 0.000000 0.000000
 -0.220000 0.000000 0.000000
 -0.217500 0.000000 0.000000
 -0.215000 0.000000 0.000000
 -0.212500 0.000000 0.000000
 -0.210000 0.000000 0.000000
 -0.207500 0.000000 0.000000
 -0.205000 0.000000 0.000000
 -0.202500 0.000000 0.000000
 -0.200000 0.000000 0.000000
 -0.197500 0.000000 0.000000
 -0.195000 0.000000 0.000000
 -0.192500 0.000000 0.000000
 -0.190000 0.000000 0.000000
 -0.187500 0.000000 0.000000
 -0.185000 0.000000 0.000000
 -0.182500 0.000000 0.000000
 -0.180000 0.000000 0.000000
 -0.177500 0.000000 0.000000
 -0.175000 0.000000 0.000000
 -0.172500 0.000000 0.000000
 -0.170000 0.000000 0.000000
 -0.167500 0.000000 0.000000
 -0.165000 0.000000 0.000000
 -0.162500 0.000000 0.000000
 -0.160000 0.000000 0.000000
 -0.157500 0.000000 0.000000
 -0.155000 0.000000 0.000000
 -0.152500 0.000000 0.000000
 -0.150000 0.000000 0.000000
 -0.147500 0.000000 0.000000
 -0.145000 0.000000 0.000000
 -0.142500 0.000000 0.000000
 -0.140000 0.000000 0.000000
 -0.137500 0.000000 0.000000
 -0.135000 0.000000 0.000000
 -0.132500 0.000000 0.000000
 -0.130000 0.000000 0.000000
 -0.127500 0.000000 0.000000
 -0.125000 0.000000 0.000000
 -0.122500 0.000000 0.000000
 -0.120000 0.000000 0.000000
 -0.117500 0.000000 0.000000
 -0.115000 0.000000 0.000000
 -0.112500 0.000000 0.000000
 -0.110000 0.000000 0.000000
 -0.107500 0.000000 0.000000
 -0.105000 0.000000 0.000000
 -0.102500 0.000000 0.000000
 -0.100000 0.000000 0.000000
 -0.097500 0.000000 0.000000
 -0.095000 0.000000 0.000000
 -0.092500 0.000000 0.000000
 -0.090000 0.000000 0.000000
 -0.087500 0.000000 0.000000
 -0.085000 0.000000 0.000000
 -0.082500 0.000000 0.000000
 -0.080000 0.000000 0.000000
 -0.077500 0.000000 0.000000
 -0.075000 0.000000 0.000000
 -0.072500 0.000000 0.000000
 -0.070000 0.000000 0.000000
 -0.067500 0.000000 0.000000
 -0.065000 0.000000 0.000000
 -0.062500 0.000000 0.000000
 -0.060000 0.000000 0.000000
 -0.057500 0.000000 0.000000
 -0.055000 0.000000 0.000000
 -0.052500 0.000000 0.000000
 -0.050000 0.000000 0.000000
 -0.047500 0.000000 0.000000
 -0.045000 0.000000 0.000000
 -0.042500 0.000000 0.000000
 -0.040000 0.000000 0.000000
 -0.037500 0.000000 0.000000
 -0.035000 0.000000 0.000000
 -0.032500 0.000000 0.000000
 -0.030000 0.000000 0.000000
 -0.027500 0.000000 0.000000
 -0.025000 0.000000 0.000133
 -0.022500 0.000001 0.000490
 -0.020000 0.000004 0.001415
 -0.017500 0.000012 0.003946
 -0.015000 0.000031 0.010209
 -0.012500 0.000075 0.023344
 -0.010000 0.000169 0.050416
 -0.007500 0.000361 0.102084
 -0.005000 0.000734 0.195834
 -0.002500 0.001422 0.357438
 0.000000 0.002638 0.622534
 0.002500 0.004699 1.038470
 0.005000 0.008050 1.661163
 0.007500 0.013286 2.554078
 0.010000 0.021161 3.779306
 0.012500 0.032579 5.392369
 0.015000 0.048561 7.432149
 0.017500 0.070202 9.914022
 0.020000 0.098593 12.823737
 0.022500 0.134751 16.115110
 0.025000 0.179547 19.716166
 0.027500 0.233640 23.531985
 0.030000 0.297433 27.454859
 0.032500 0.371060 31.374873
 0.035000 0.454367 35.181495
 0.037500 0.546952 38.778355
 0.040000 0.648179 42.079517
 0.042500 0.757215 45.012211
 0.045000 0.873064 47.516894
 0.047500 0.994589 49.544722
 0.050000 1.120553 51.060709
 0.052500 1.249649 52.046223
 0.055000 1.380540 52.499096
 0.057500 1.511933 52.446289
 0.060000 1.642594 51.926088
 0.062500 1.771437 51.003478
 0.065000 1.897545 49.753847
 0.067500 2.020216 48.269064
 0.070000 2.138958 46.635085
 0.072500 2.253522 44.940415
 0.075000 2.363829 43.247792
 0.077500 2.469947 41.595135
 0.080000 2.571978 39.984687
 0.082500 2.670003 38.388156
 0.085000 2.763994 36.760078
 0.087500 2.853807 35.047573
 0.090000 2.939183 33.213795
 0.092500 3.019798 31.247299
 0.095000 3.095324 29.157277
 0.097500 3.165500 26.993604
 0.100000 3.230235 24.818933
 0.102500 3.289599 22.720417
 0.105000 3.343876 20.769667
 0.107500 3.393507 19.018642
 0.110000 3.439021 17.487420
 0.112500 3.480950 16.145925
 0.115000 3.519717 14.958381
 0.117500 3.555646 13.871911
 0.120000 3.588928 12.845449
 0.122500 3.619690 11.861347
 0.125000 3.648024 10.910365
 0.127500 3.674012 9.993280
 0.130000 3.697746 9.108400
 0.132500 3.719302 8.243558
 0.135000 3.738690 7.395582
 0.137500 3.755964 6.541422
 0.140000 3.771083 5.684415
 0.142500 3.784061 4.833903
 0.145000 3.794938 4.019401
 0.147500 3.803865 3.270849
 0.150000 3.811040 2.639155
 0.152500 3.816824 2.157632
 0.155000 3.821613 1.852025
 0.157500 3.825845 1.713252
 0.160000 3.829903 1.706568
 0.162500 3.834020 1.749046
 0.165000 3.838201 1.732492
 0.167500 3.842148 1.550396
 0.170000 3.845321 1.115221
 0.172500 3.847060 0.391974
 0.175000 3.846652 -0.581988
 0.177500 3.843583 -1.716358
 0.180000 3.837607 -2.885689
 0.182500 3.828787 -3.977821
 0.185000 3.817418 -4.913535
 0.187500 3.803932 -5.667527
 0.190000 3.788767 -6.268612
 0.192500 3.772244 -6.765287
 0.195000 3.754543 -7.209427
 0.197500 3.735762 -7.637352
 0.200000 3.715920 -8.049211
 0.202500 3.695090 -8.426644
 0.205000 3.673399 -8.735132
 0.207500 3.651050 -8.939049
 0.210000 3.628329 -9.030571
 0.212500 3.605510 -9.025615
 0.215000 3.582771 -8.964017
 0.217500 3.560184 -8.918695
 0.220000 3.537631 -8.955064
 0.222500 3.514814 -9.132848
 0.225000 3.491343 -9.485740
 0.227500 3.466755 -10.027414
 0.230000 3.440586 -10.739314
 0.232500 3.412452 -11.592885
 0.235000 3.382062 -12.549123
 0.237500 3.349185 -13.557828
 0.240000 3.313771 -14.576794
 0.242500 3.275843 -15.558838
 0.245000 3.235549 -16.467175
 0.247500 3.193113 -17.274068
 0.250000 3.148797 -17.966502
 0.252500 3.102873 -18.568129
 0.255000 3.055534 -19.104823
 0.257500 3.006905 -19.604882
 0.260000 2.957045 -20.092939
 0.262500 2.905969 -20.574955
 0.265000 2.853702 -21.040411
 0.267500 2.800315 -21.465150
 0.270000 2.745963 -21.804734
 0.272500 2.690920 -22.018025
 0.275000 2.635553 -22.055822
 0.277500 2.580325 -21.904540
 0.280000 2.525705 -21.576250
 0.282500 2.472065 -21.135225
 0.285000 2.419586 -20.673517
 0.287500 2.368186 -20.286463
 0.290000 2.317577 -20.051457
 0.292500 2.267333 -19.995817
 0.295000 2.217030 -20.093652
 0.297500 2.166357 -20.270419
 0.300000 2.115255 -20.439878
 0.302500 2.063820 -20.517569
 0.305000 2.012362 -20.462205
 0.307500 1.961232 -20.259584
 0.310000 1.910781 -19.924949
 0.312500 1.861297 -19.489643
 0.315000 1.813003 -18.988256
 0.317500 1.766023 -18.438753
 0.320000 1.720460 -17.858896
 0.322500 1.676390 -17.259694
 0.325000 1.633839 -16.643999
 0.327500 1.592839 -16.016897
 0.330000 1.553406 -15.393857
 0.332500 1.515510 -14.794845
 0.335000 1.479066 -14.238540
 0.337500 1.443935 -13.756652
 0.340000 1.409893 -13.372547
 0.342500 1.376669 -13.107003
 0.345000 1.343966 -12.959438
 0.347500 1.311507 -12.905802
 0.350000 1.279113 -12.907990
 0.352500 1.246691 -12.915860
 0.355000 1.214297 -12.893385
 0.357500 1.182027 -12.807965
 0.360000 1.150054 -12.663459
 0.362500 1.118516 -12.467836
 0.365000 1.087513 -12.236609
 0.367500 1.057130 -11.972509
 0.370000 1.027455 -11.665557
 0.372500 0.998633 -11.292858
 0.375000 0.970858 -10.831058
 0.377500 0.944350 -10.273539
 0.380000 0.919327 -9.659508
 0.382500 0.895853 -9.044333
 0.385000 0.873844 -8.504279
 0.387500 0.853020 -8.106832
 0.390000 0.832969 -7.889210
 0.392500 0.813241 -7.847339
 0.395000 0.793441 -7.937588
 0.397500 0.773328 -8.088599
 0.400000 0.752848 -8.218252
 0.402500 0.732149 -8.261252
 0.405000 0.711498 -8.173379
 0.407500 0.691234 -7.952192
 0.410000 0.671666 -7.629713
 0.412500 0.652984 -7.255445
 0.415000 0.635238 -6.892043
 0.417500 0.618332 -6.591184
 0.420000 0.602069 -6.384640
 0.422500 0.586204 -6.272593
 0.425000 0.570525 -6.231953
 0.427500 0.554890 -6.225906
 0.430000 0.539264 -6.221716
 0.432500 0.523679 -6.191836
 0.435000 0.508218 -6.123561
 0.437500 0.492979 -6.016373
 0.440000 0.478047 -5.879332
 0.442500 0.463487 -5.724778
 0.445000 0.449324 -5.560893
 0.447500 0.435578 -5.397960
 0.450000 0.422237 -5.237695
 0.452500 0.409290 -5.083388
 0.455000 0.396724 -4.932181
 0.457500 0.384532 -4.781806
 0.460000 0.372720 -4.634086
 0.462500 0.361275 -4.486523
 0.465000 0.350194 -4.347158
 0.467500 0.339440 -4.226970
 0.470000 0.328954 -4.132411
 0.472500 0.318670 -4.069118
 0.475000 0.308515 -4.028691
 0.477500 0.298454 -3.992570
 0.480000 0.288497 -3.936362
 0.482500 0.278730 -3.840601
 0.485000 0.269268 -3.692616
 0.487500 0.260246 -3.495044
 0.490000 0.251762 -3.264773
 0.492500 0.243861 -3.033829
 0.495000 0.236504 -2.836658
 0.497500 0.229568 -2.700550
 0.500000 0.222884 -2.637596
 0.502500 0.216270 -2.640695
 0.505000 0.209590 -2.688225
 0.507500 0.202775 -2.743550
 0.510000 0.195845 -2.774159
 0.512500 0.188896 -2.756055
 0.515000 0.182065 -2.679776
 0.517500 0.175494 -2.552734
 0.520000 0.169282 -2.396290
 0.522500 0.163472 -2.238211
 0.525000 0.158033 -2.102526
 0.527500 0.152887 -2.005316
 0.530000 0.147937 -1.948211
 0.532500 0.143090 -1.917827
 0.535000 0.138303 -1.896980
 0.537500 0.133578 -1.866041
 0.540000 0.128960 -1.811528
 0.542500 0.124509 -1.729272
 0.545000 0.120296 -1.628129
 0.547500 0.116348 -1.517451
 0.550000 0.112674 -1.412422
 0.552500 0.109243 -1.323814
 0.555000 0.106008 -1.257550
 0.557500 0.102912 -1.214230
 0.560000 0.099900 -1.188317
 0.562500 0.096936 -1.175277
 0.565000 0.093995 -1.168315
 0.567500 0.091069 -1.162135
 0.570000 0.088162 -1.154049
 0.572500 0.085281 -1.141010
 0.575000 0.082440 -1.122827
 0.577500 0.079651 -1.099321
 0.580000 0.076929 -1.069891
 0.582500 0.074290 -1.034868
 0.585000 0.071747 -0.990677
 0.587500 0.069324 -0.939785
 0.590000 0.067037 -0.882209
 0.592500 0.064900 -0.820971
 0.595000 0.062915 -0.760608
 0.597500 0.061075 -0.706518
 0.600000 0.059360 -0.661221
 0.602500 0.057744 -0.626151
 0.605000 0.056205 -0.602125
 0.607500 0.054712 -0.588197
 0.610000 0.053240 -0.586213
 0.612500 0.051756 -0.597782
 0.615000 0.050226 -0.624611
 0.617500 0.048609 -0.665237
 0.620000 0.046880 -0.714796
 0.622500 0.045026 -0.763381
 0.625000 0.043063 -0.799534
 0.627500 0.041037 -0.812130
 0.630000 0.039017 -0.794663
 0.632500 0.037079 -0.746493
 0.635000 0.035295 -0.674427
 0.637500 0.033709 -0.589796
 0.640000 0.032333 -0.508075
 0.642500 0.031144 -0.443534
 0.645000 0.030083 -0.406005
 0.647500 0.029078 -0.399542
 0.650000 0.028055 -0.420514
 0.652500 0.026953 -0.459704
 0.655000 0.025742 -0.505063
 0.657500 0.024424 -0.543524
 0.660000 0.023030 -0.565670
 0.662500 0.021608 -0.565412
 0.665000 0.020215 -0.543469
 0.667500 0.018900 -0.503513
 0.670000 0.017700 -0.451964
 0.672500 0.016638 -0.394893
 0.675000 0.015723 -0.335326
 0.677500 0.014958 -0.275008
 0.680000 0.014344 -0.213690
 0.682500 0.013884 -0.152367
 0.685000 0.013575 -0.093701
 0.687500 0.013405 -0.043017
 0.690000 0.013343 -0.007610
 0.692500 0.013343 0.006000
 0.695000 0.013346 -0.006391
 0.697500 0.013287 -0.043214
 0.700000 0.013112 -0.097493
 0.702500 0.012790 -0.159140
 0.705000 0.012318 -0.216359
 0.707500 0.011718 -0.259692
 0.710000 0.011032 -0.284483
 0.712500 0.010309 -0.289879
 0.715000 0.009594 -0.279199
 0.717500 0.008921 -0.256853
 0.720000 0.008313 -0.227516
 0.722500 0.007784 -0.195069
 0.725000 0.007336 -0.162316
 0.727500 0.006969 -0.131816
 0.730000 0.006672 -0.106038
 0.732500 0.006430 -0.087389
 0.735000 0.006226 -0.076814
 0.737500 0.006037 -0.074430
 0.740000 0.005845 -0.078668
 0.742500 0.005637 -0.087238
 0.745000 0.005405 -0.096846
 0.747500 0.005152 -0.105149
 0.750000 0.004881 -0.110151
 0.752500 0.004603 -0.110887
 0.755000 0.004329 -0.107756
 0.757500 0.004066 -0.101320
 0.760000 0.003823 -0.092465
 0.762500 0.003604 -0.081696
 0.765000 0.003414 -0.069447
 0.767500 0.003257 -0.055741
 0.770000 0.003136 -0.040849
 0.772500 0.003053 -0.025091
 0.775000 0.003009 -0.009893
 0.777500 0.003000 0.003172
 0.780000 0.003020 0.011872
 0.782500 0.003054 0.014427
 0.785000 0.003085 0.009659
 0.787500 0.003095 -0.002305
 0.790000 0.003068 -0.020200
 0.792500 0.002991 -0.040947
 0.795000 0.002863 -0.060718
 0.797500 0.002691 -0.075978
 0.800000 0.002488 -0.084296
 0.802500 0.002275 -0.085300
 0.805000 0.002067 -0.079934
 0.807500 0.001878 -0.070722
 0.810000 0.001714 -0.060236
 0.812500 0.001576 -0.050443
 0.815000 0.001460 -0.042590
 0.817500 0.001360 -0.036857
 0.820000 0.001273 -0.033069
 0.822500 0.001194 -0.030762
 0.825000 0.001118 -0.029757
 0.827500 0.001043 -0.029849
 0.830000 0.000967 -0.030666
 0.832500 0.000889 -0.031711
 0.835000 0.000808 -0.032322
 0.837500 0.000728 -0.031701
 0.840000 0.000651 -0.029381
 0.842500 0.000582 -0.025141
 0.845000 0.000526 -0.019365
 0.847500 0.000486 -0.013088
 0.850000 0.000460 -0.007512
 0.852500 0.000446 -0.003703
 0.855000 0.000439 -0.002457
 0.857500 0.000432 -0.003899
 0.860000 0.000418 -0.007187
 0.862500 0.000395 -0.011039
 0.865000 0.000363 -0.013976
 0.867500 0.000326 -0.015051
 0.870000 0.000290 -0.013800
 0.872500 0.000259 -0.010589
 0.875000 0.000238 -0.006354
 0.877500 0.000227 -0.002277
 0.880000 0.000225 0.000705
 0.882500 0.000229 0.002021
 0.885000 0.000234 0.001615
 0.887500 0.000236 -0.000104
 0.890000 0.000233 -0.002567
 0.892500 0.000223 -0.005200
 0.895000 0.000207 -0.007526
 0.897500 0.000186 -0.009312
 0.900000 0.000161 -0.010357
 0.902500 0.000134 -0.010744
 0.905000 0.000107 -0.010404
 0.907500 0.000083 -0.009460
 0.910000 0.000061 -0.008089
 0.912500 0.000042 -0.006499
 0.915000 0.000028 -0.004903
 0.917500 0.000018 -0.003468
 0.920000 0.000010 -0.002298
 0.922500 0.000006 -0.001409
 0.925000 0.000003 -0.000822
 0.927500 0.000002 -0.000432
 0.930000 0.000001 -0.000222
 0.932500 0.000000 -0.000107
 0.935000 0.000000 -0.000048
 0.937500 0.000000 0.000000
 0.940000 0.000000 0.000000
 0.942500 0.000000 0.000000
 0.945000 0.000000 0.000000
 0.947500 0.000000 0.000000
 0.950000 0.000000 0.000000
 0.952500 0.000000 0.000000
 0.955000 0.000000 0.000000
 0.957500 0.000000 0.000000
 0.960000 0.000000 0.000000
 0.962500 0.000000 0.000000
 0.965000 0.000000 0.000000
 0.967500 0.000000 0.000000
 0.970000 0.000000 0.000000
 0.972500 0.000000 0.000000
 0.975000 0.000000 0.000000
 0.977500 0.000000 0.000000
 0.980000 0.000000 0.000000
 0.982500 0.000000 0.000000
 0.985000 0.000000 0.000000
 0.987500 0.000000 0.000000
 0.990000 0.000000 0.000000
 0.992500 0.000000 0.000000
 0.995000 0.000000 0.000000
 0.997500 0.000000 0.000000
 1.000000 0.000000 0.000000
 1.002500 0.000000 0.000000
 1.005000 0.000000 0.000000
 1.007500 0.000000 0.000000
 1.010000 0.000000 0.000000
 1.012500 0.000000 0.000000
 1.015000 0.000000 0.000000
 1.017500 0.000000 0.000000
 1.020000 0.000000 0.000000
 1.022500 0.000000 0.000000
 1.025000 0.000000 0.000000
 1.027500 0.000000 0.000000
 1.030000 0.000000 0.000000
 1.032500 0.000000 0.000000
 1.035000 0.000000 0.000000
 1.037500 0.000000 0.000000
 1.040000 0.000000 0.000000
 1.042500 0.000000 0.000000
 1.045000 0.000000 0.000000
 1.047500 0.000000 0.000000
 1.050000 0.000000 0.000000
 1.052500 0.000000 0.000000
 1.055000 0.000000 0.000000
 1.057500 0.000000 0.000000
 1.060000 0.000000 0.000000
 1.062500 0.000000 0.000000
 1.065000 0.000000 0.000000
 1.067500 0.000000 0.000000
 1.070000 0.000000 0.000000
 1.072500 0.000000 0.000000
 1.075000 0.000000 0.000000
 1.077500 0.000000 0.000000
 1.080000 0.000000 0.000000
 1.082500 0.000000 0.000000
 1.085000 0.000000 0.000000
 1.087500 0.000000 0.000000
 1.090000 0.000000 0.000000
 1.092500 0.000000 0.000000
 1.095000 0.000000 0.000000
 1.097500 0.000000 0.000000
 1.100000 0.000000 0.000000
 1.102500 0.000000 0.000000
 1.105000 0.000000 0.000000
 1.107500 0.000000 0.000000
 1.110000 0.000000 0.000000
 1.112500 0.000000 0.000000
 1.115000 0.000000 0.000000
 1.117500 0.000000 0.000000
 1.120000 0.000000 0.000000
 1.122500 0.000000 0.000000
 1.125000 0.000000 0.000000
 1.127500 0.000000 0.000000
 1.130000 0.000000 0.000000
 1.132500 0.000000 0.000000
 1.135000 0.000000 0.000000
 1.137500 0.000000 0.000000
 1.140000 0.000000 0.000000
 1.142500 0.000000 0.000000
 1.145000 0.000000 0.000000
 1.147500 0.000000 0.000000
 1.150000 0.000000 0.000000
 1.152500 0.000000 0.000000
 1.155000 0.000000 0.000000
 1.157500 0.000000 0.000000
 1.160000 0.000000 0.000000
 1.162500 0.000000 0.000000
 1.165000 0.000000 0.000000
 1.167500 0.000000 0.000000
 1.170000 0.000000 0.000000
 1.172500 0.000000 0.000000
 1.175000 0.000000 0.000000
 1.177500 0.000000 0.000000
 1.180000 0.000000 0.000000
 1.182500 0.000000 0.000000
 1.185000 0.000000 0.000000
 1.187500 0.000000 0.000000
 1.190000 0.000000 0.000000
 1.192500 0.000000 0.000000
 1.195000 0.000000 0.000000
 1.197500 0.000000 0.000000
 1.200000 0.000000 0.000000
 1.202500 0.000000 0.000000
 1.205000 0.000000 0.000000
 1.207500 0.000000 0.000000
 1.210000 0.000000 0.000000
 1.212500 0.000000 0.000000
 1.215000 0.000000 0.000000
 1.217500 0.000000 0.000000
 1.220000 0.000000 0.000000
 1.222500 0.000000 0.000000
 1.225000 0.000000 0.000000
 1.227500 0.000000 0.000000
 1.230000 0.000000 0.000000
 1.232500 0.000000 0.000000
 1.235000 0.000000 0.000000
 1.237500 0.000000 0.000000
 1.240000 0.000000 0.000000
 1.242500 0.000000 0.000000
 1.245000 0.000000 0.000000
 1.247500 0.000000 0.000000
 1.250000 0.000000 0.000000
 1.252500 0.000000 0.000000
 1.255000 0.000000 0.000000
 1.257500 0.000000 0.000000
 1.260000 0.000000 0.000000
 1.262500 0.000000 0.000000
 1.265000 0.000000 0.000000
 1.267500 0.000000 0.000000
 1.270000 0.000000 0.000000
 1.272500 0.000000 0.000000
 1.275000 0.000000 0.000000
 1.277500 0.000000 0.000000
 1.280000 0.000000 0.000000
 1.282500 0.000000 0.000000
 1.285000 0.000000 0.000000
 1.287500 0.000000 0.000000
 1.290000 0.000000 0.000000
 1.292500 0.000000 0.000000
 1.295000 0.000000 0.000000
 1.297500 0.000000 0.000000
 1.300000 0.000000 0.000000
 1.302500 0.000000 0.000000
 1.305000 0.000000 0.000000
 1.307500 0.000000 0.000000
 1.310000 0.000000 0.000000
 1.312500 0.000000 0.000000
 1.315000 0.000000 0.000000
 1.317500 0.000000 0.000000
 1.320000 0.000000 0.000000
 1.322500 0.000000 0.000000
 1.325000 0.000000 0.000000
 1.327500 0.000000 0.000000
 1.330000 0.000000 0.000000
 1.332500 0.000000 0.000000
 1.335000 0.000000 0.000000
 1.337500 0.000000 0.000000
 1.340000 0.000000 0.000000
 1.342500 0.000000 0.000000
 1.345000 0.000000 0.000000
 1.347500 0.000000 0.000000
 1.350000 0.000000 0.000000
 1.352500 0.000000 0.000000
 1.355000 0.000000 0.000000
 1.357500 0.000000 0.000000
 1.360000 0.000000 0.000000
 1.362500 0.000000 0.000000
 1.365000 0.000000 0.000000
 1.367500 0.000000 0.000000
 1.370000 0.000000 0.000000
 1.372500 0.000000 0.000000
 1.375000 0.000000 0.000000
 1.377500 0.000000 0.000000
 1.380000 0.000000 0.000000
 1.382500 0.000000 0.000000
 1.385000 0.000000 0.000000
 1.387500 0.000000 0.000000
 1.390000 0.000000 0.000000
 1.392500 0.000000 0.000000
 1.395000 0.000000 0.000000
 1.397500 0.000000 0.000000
 1.400000 0.000000 0.000000
 1.402500 0.000000 0.000000
 1.405000 0.000000 0.000000
 1.407500 0.000000 0.000000
 1.410000 0.000000 0.000000
 1.412500 0.000000 0.000000
 1.415000 0.000000 0.000000
 1.417500 0.000000 0.000000
 1.420000 0.000000 0.000000
 1.422500 0.000000 0.000000
 1.425000 0.000000 0.000000
 1.427500 0.000000 0.000000
 1.430000 0.000000 0.000000
 1.432500 0.000000 0.000000
 1.435000 0.000000 0.000000
 1.437500 0.000000 0.000000
 1.440000 0.000000 0.000000
 1.442500 0.000000 0.000000
 1.445000 0.000000 0.000000
 1.447500 0.000000 0.000000
 1.450000 0.000000 0.000000
 1.452500 0.000000 0.000000
 1.455000 0.000000 0.000000
 1.457500 0.000000 0.000000
 1.460000 0.000000 0.000000
 1.462500 0.000000 0.000000
 1.465000 0.000000 0.000000
 1.467500 0.000000 0.000000
 1.470000 0.000000 0.000000
 1.472500 0.000000 0.000000
 1.475000 0.000000 0.000000
 1.477500 0.000000 0.000000
 1.480000 0.000000 0.000000
 1.482500 0.000000 0.000000
 1.485000 0.000000 0.000000
 1.487500 0.000000 0.000000
 1.490000 0.000000 0.000000
 1.492500 0.000000 0.000000
 1.495000 0.000000 0.000000
 1.497500 0.000000 0.000000
 1.500000 0.000000 0.000000
 1.502500 0.000000 0.000000
 1.505000 0.000000 0.000000
 1.507500 0.000000 0.000000
 1.510000 0.000000 0.000000
 1.512500 0.000000 0.000000
 1.515000 0.000000 0.000000
 1.517500 0.000000 0.000000
 1.520000 0.000000 0.000000
 1.522500 0.000000 0.000000
 1.525000 0.000000 0.000000
 1.527500 0.000000 0.000000
 1.530000 0.000000 0.000000
 1.532500 0.000000 0.000000
 1.535000 0.000000 0.000000
 1.537500 0.000000 0.000000
 1.540000 0.000000 0.000000
 1.542500 0.000000 0.000000
 1.545000 0.000000 0.000000
 1.547500 0.000000 0.000000
 1.550000 0.000000 0.000000
 1.552500 0.000000 0.000000
 1.555000 0.000000 0.000000
 1.557500 0.000000 0.000000
 1.560000 0.000000 0.000000
 1.562500 0.000000 0.000000
 1.565000 0.000000 0.000000
 1.567500 0.000000 0.000000
 1.570000 0.000000 0.000000
 1.572500 0.000000 0.000000
 1.575000 0.000000 0.000000
 1.577500 0.000000 0.000000
 1.580000 0.000000 0.000000
 1.582500 0.000000 0.000000
 1.585000 0.000000 0.000000
 1.587500 0.000000 0.000000
 1.590000 0.000000 0.000000
 1.592500 0.000000 0.000000
 1.595000 0.000000 0.000000
 1.597500 0.000000 0.000000
 1.600000 0.000000 0.000000
 1.602500 0.000000 0.000000
 1.605000 0.000000 0.000000
 1.607500 0.000000 0.000000
 1.610000 0.000000 0.000000
 1.612500 0.000000 0.000000
 1.615000 0.000000 0.000000
 1.617500 0.000000 0.000000
 1.620000 0.000000 0.000000
 1.622500 0.000000 0.000000
 1.625000 0.000000 0.000000
 1.627500 0.000000 0.000000
 1.630000 0.000000 0.000000
 1.632500 0.000000 0.000000
 1.635000 0.000000 0.000000
 1.637500 0.000000 0.000000
 1.640000 0.000000 0.000000
 1.642500 0.000000 0.000000
 1.645000 0.000000 0.000000
 1.647500 0.000000 0.000000
 1.650000 0.000000 0.000000
 1.652500 0.000000 0.000000
 1.655000 0.000000 0.000000
 1.657500 0.000000 0.000000
 1.660000 0.000000 0.000000
 1.662500 0.000000 0.000000
 1.665000 0.000000 0.000000
 1.667500 0.000000 0.000000
 1.670000 0.000000 0.000000
 1.672500 0.000000 0.000000
 1.675000 0.000000 0.000000
 1.677500 0.000000 0.000000
 1.680000 0.000000 0.000000
 1.682500 0.000000 0.000000
 1.685000 0.000000 0.000000
 1.687500 0.000000 0.000000
 1.690000 0.000000 0.000000
 1.692500 0.000000 0.000000
 1.695000 0.000000 0.000000
 1.697500 0.000000 0.000000
 1.700000 0.000000 0.000000
 1.702500 0.000000 0.000000
 1.705000 0.000000 0.000000
 1.707500 0.000000 0.000000
 1.710000 0.000000 0.000000
 1.712500 0.000000 0.000000
 1.715000 0.000000 0.000000
 1.717500 0.000000 0.000000
 1.720000 0.000000 0.000000
 1.722500 0.000000 0.000000
 1.725000 0.000000 0.000000
 1.727500 0.000000 0.000000
 1.730000 0.000000 0.000000
 1.732500 0.000000 0.000000
 1.735000 0.000000 0.000000
 1.737500 0.000000 0.000000
 1.740000 0.000000 0.000000
 1.742500 0.000000 0.000000
 1.745000 0.000000 0.000000
 1.747500 0.000000 0.000000
 1.750000 0.000000 0.000000
 1.752500 0.000000 0.000000
 1.755000 0.000000 0.000000
 1.757500 0.000000 0.000000
 1.760000 0.000000 0.000000
 1.762500 0.000000 0.000000
 1.765000 0.000000 0.000000
 1.767500 0.000000 0.000000
 1.770000 0.000000 0.000000
 1.772500 0.000000 0.000000
 1.775000 0.000000 0.000000
 1.777500 0.000000 0.000000
 1.780000 0.000000 0.000000
 1.782500 0.000000 0.000000
 1.785000 0.000000 0.000000
 1.787500 0.000000 0.000000
 1.790000 0.000000 0.000000
 1.792500 0.000000 0.000000
 1.795000 0.000000 0.000000
 1.797500 0.000000 0.000000
 1.800000 0.000000 0.000000
 1.802500 0.000000 0.000000
 1.805000 0.000000 0.000000
 1.807500 0.000000 0.000000
 1.810000 0.000000 0.000000
 1.812500 0.000000 0.000000
 1.815000 0.000000 0.000000
 1.817500 0.000000 0.000000
 1.820000 0.000000 0.000000
 1.822500 0.000000 0.000000
 1.825000 0.000000 0.000000
 1.827500 0.000000 0.000000
 1.830000 0.000000 0.000000
 1.832500 0.000000 0.000000
 1.835000 0.000000 0.000000
 1.837500 0.000000 0.000000
 1.840000 0.000000 0.000000
 1.842500 0.000000 0.000000
 1.845000 0.000000 0.000000
 1.847500 0.000000 0.000000
 1.850000 0.000000 0.000000
 1.852500 0.000000 0.000000
 1.855000 0.000000 0.000000
 1.857500 0.000000 0.000000
 1.860000 0.000000 0.000000
 1.862500 0.000000 0.000000
 1.865000 0.000000 0.000000
 1.867500 0.000000 0.000000
 1.870000 0.000000 0.000000
 1.872500 0.000000 0.000000
 1.875000 0.000000 0.000000
 1.877500 0.000000 0.000000
 1.880000 0.000000 0.000000
 1.882500 0.000000 0.000000
 1.885000 0.000000 0.000000
 1.887500 0.000000 0.000000
 1.890000 0.000000 0.000000
 1.892500 0.000000 0.000000
 1.895000 0.000000 0.000000
 1.897500 0.000000 0.000000
 1.900000 0.000000 0.000000
 1.902500 0.000000 0.000000
 1.905000 0.000000 0.000000
 1.907500 0.000000 0.000000
 1.910000 0.000000 0.000000
 1.912500 0.000000 0.000000
 1.915000 0.000000 0.000000
 1.917500 0.000000 0.000000
 1.920000 0.000000 0.000000
 1.922500 0.000000 0.000000
 1.925000 0.000000 0.000000
 1.927500 0.000000 0.000000
 1.930000 0.000000 0.000000
 1.932500 0.000000 0.000000
 1.935000 0.000000 0.000000
 1.937500 0.000000 0.000000
 1.940000 0.000000 0.000000
 1.942500 0.000000 0.000000
 1.945000 0.000000 0.000000
 1.947500 0.000000 0.000000
 1.950000 0.000000 0.000000
 1.952500 0.000000 0.000000
 1.955000 0.000000 0.000000
 1.957500 0.000000 0.000000
 1.960000 0.000000 0.000000
 1.962500 0.000000 0.000000
 1.965000 0.000000 0.000000
 1.967500 0.000000 0.000000
 1.970000 0.000000 0.000000
 1.972500 0.000000 0.000000
 1.975000 0.000000 0.000000
 1.977500 0.000000 0.000000
 1.980000 0.000000 0.000000
 1.982500 0.000000 0.000000
 1.985000 0.000000 0.000000
 1.987500 0.000000 0.000000
 1.990000 0.000000 0.000000
 1.992500 0.000000 0.000000
 1.995000 0.000000 0.000000
 1.997500 0.000000 0.000000
 2.000000 0.000000 0.000000
