#! FIELDS es hh dhh_es
#! SET normalisation  2000.000000
#! SET min_es -0.5
#! SET max_es 2
#! SET nbins_es  1000
#! SET periodic_es false
 -0.500000 0.000000 0.000000
 -0.497500 0.000000 0.000000
 -0.495000 0.000000 0.000000
 -0.492500 0.000000 0.000000
 -0.490000 0.000000 0.000000
 -0.487500 0.000000 0.000000
 -0.485000 0.000000 0.000000
 -0.482500 0.000000 0.000000
 -0.480000 0.000000 0.000000
 -0.477500 0.000000 0.000000
 -0.475000 0.000000 0.000000
 -0.472500 0.000000 0.000000
 -0.470000 0.000000 0.000000
 -0.467500 0.000000 0.000000
 -0.465000 0.000000 0.000000
 -0.462500 0.000000 0.000000
 -0.460000 0.000000 0.000000
 -0.457500 0.000000 0.000000
 -0.455000 0.000000 0.000000
 -0.452500 0.000000 0.000000
 -0.450000 0.000000 0.000000
 -0.447500 0.000000 0.000000
 -0.445000 0.000000 0.000000
 -0.442500 0.000000 0.000000
 -0.440000 0.000000 0.000000
 -0.437500 0.000000 0.000000
 -0.435000 0.000000 0.000000
 -0.432500 0.000000 0.000000
 -0.430000 0.000000 0.000000
 -0.427500 0.000000 0.000000
 -0.425000 0.000000 0.000000
 -0.422500 0.000000 0.000000
 -0.420000 0.000000 0.000000
 -0.417500 0.000000 0.000000
 -0.415000 0.000000 0.000000
 -0.412500 0.000000 0.000000
 -0.410000 0.000000 0.000000
 -0.407500 0.000000 0.000000
 -0.405000 0.000000 0.000000
 -0.402500 0.000000 0.000000
 -0.400000 0.000000 0.000000
 -0.397500 0.000000 0.000000
 -0.395000 0.000000 0.000000
 -0.392500 0.000000 0.000000
 -0.390000 0.000000 0.000000
 -0.387500 0.000000 0.000000
 -0.385000 0.000000 0.000000
 -0.382500 0.000000 0.000000
 -0.380000 0.000000 0.000000
 -0.377500 0.000000 0.000000
 -0.375000 0.000000 0.000000
 -0.372500 0.000000 0.000000
 -0.370000 0.000000 0.000000
 -0.367500 0.000000 0.000000
 -0.365000 0.000000 0.000000
 -0.362500 0.000000 0.000000
 -0.360000 0.000000 0.000000
 -0.357500 0.000000 0.000000
 -0.355000 0.000000 0.000000
 -0.352500 0.000000 0.000000
 -0.350000 0.000000 0.000000
 -0.347500 0.000000 0.000000
 -0.345000 0.000000 0.000000
 -0.342500 0.000000 0.000000
 -0.340000 0.000000 0.000000
 -0.337500 0.000000 0.000000
 -0.335000 0.000000 0.000000
 -0.332500 0.000000 0.000000
 -0.330000 0.000000 0.000000
 -0.327500 0.000000 0.000000
 -0.325000 0.000000 0.000000
 -0.322500 0.000000 0.000000
 -0.320000 0.000000 0.000000
 -0.317500 0.000000 0.000000
 -0.315000 0.000000 0.000000
 -0.312500 0.000000 0.000000
 -0.310000 0.000000 0.000000
 -0.307500 0.000000 0.000000
 -0.305000 0.000000 0.000000
 -0.302500 0.000000 0.000000
 -0.300000 0.000000 0.000000
 -0.297500 0.000000 0.000000
 -0.295000 0.000000 0.000000
 -0.292500 0.000000 0.000000
 -0.290000 0.000000 0.000000
 -0.287500 0.000000 0.000000
 -0.285000 0.000000 0.000000
 -0.282500 0.000000 0.000000
 -0.280000 0.000000 0.000000
 -0.277500 0.000000 0.000000
 -0.275000 0.000000 0.000000
 -0.272500 0.000000 0.000000
 -0.270000 0.000000 0.000000
 -0.267500 0.000000 0.000000
 -0.265000 0.000000 0.000000
 -0.262500 0.000000 0.000000
 -0.260000 0.000000 0.000000
 -0.257500 0.000000 0.000000
 -0.255000 0.000000 0.000000
 -0.252500 0.000000 0.000000
 -0.250000 0.000000 0.000000
 -0.247500 0.000000 0.000000
 -0.245000 0.000000 0.000000
 -0.242500 0.000000 0.000000
 -0.240000 0.000000 0.000000
 -0.237500 0.000000 0.000000
 -0.235000 0.000000 0.000000
 -0.232500 0.000000 0.000000
 -0.230000 0.000000 0.000000
 -0.227500 0.000000 0.000000
 -0.225000 0.000000 0.000000
 -0.222500 0.000000 0.000000
 -0.220000 0.000000 0.000000
 -0.217500 0.000000 0.000000
 -0.215000 0.000000 0.000000
 -0.212500 0.000000 0.000000
 -0.210000 0.000000 0.000000
 -0.207500 0.000000 0.000000
 -0.205000 0.000000 0.000000
 -0.202500 0.000000 0.000000
 -0.200000 0.000000 0.000000
 -0.197500 0.000000 0.000000
 -0.195000 0.000000 0.000000
 -0.192500 0.000000 0.000000
 -0.190000 0.000000 0.000000
 -0.187500 0.000000 0.000000
 -0.185000 0.000000 0.000000
 -0.182500 0.000000 0.000000
 -0.180000 0.000000 0.000000
 -0.177500 0.000000 0.000000
 -0.175000 0.000000 0.000000
 -0.172500 0.000000 0.000000
 -0.170000 0.000000 0.000000
 -0.167500 0.000000 0.000000
 -0.165000 0.000000 0.000000
 -0.162500 0.000000 0.000000
 -0.160000 0.000000 0.000000
 -0.157500 0.000000 0.000000
 -0.155000 0.000000 0.000000
 -0.152500 0.000000 0.000000
 -0.150000 0.000000 0.000000
 -0.147500 0.000000 0.000000
 -0.145000 0.000000 0.000000
 -0.142500 0.000000 0.000000
 -0.140000 0.000000 0.000000
 -0.137500 0.000000 0.000000
 -0.135000 0.000000 0.000000
 -0.132500 0.000000 0.000000
 -0.130000 0.000000 0.000000
 -0.127500 0.000000 0.000000
 -0.125000 0.000000 0.000000
 -0.122500 0.000000 0.000000
 -0.120000 0.000000 0.000000
 -0.117500 0.000000 0.000000
 -0.115000 0.000000 0.000000
 -0.112500 0.000000 0.000000
 -0.110000 0.000000 0.000000
 -0.107500 0.000000 0.000000
 -0.105000 0.000000 0.000000
 -0.102500 0.000000 0.000000
 -0.100000 0.000000 0.000000
 -0.097500 0.000000 0.000000
 -0.095000 0.000000 0.000000
 -0.092500 0.000000 0.000000
 -0.090000 0.000000 0.000000
 -0.087500 0.000000 0.000000
 -0.085000 0.000000 0.000000
 -0.082500 0.000000 0.000000
 -0.080000 0.000000 0.000000
 -0.077500 0.000000 0.000000
 -0.075000 0.000000 0.000000
 -0.072500 0.000000 0.000000
 -0.070000 0.000000 0.000000
 -0.067500 0.000000 0.000000
 -0.065000 0.000000 0.000000
 -0.062500 0.000000 0.000000
 -0.060000 0.000000 0.000000
 -0.057500 0.000000 0.000000
 -0.055000 0.000000 0.000000
 -0.052500 0.000000 0.000000
 -0.050000 0.000000 0.000000
 -0.047500 0.000000 0.000000
 -0.045000 0.000000 0.000000
 -0.042500 0.000000 0.000000
 -0.040000 0.000000 0.000000
 -0.037500 0.000000 0.000000
 -0.035000 0.000000 0.000000
 -0.032500 0.000000 0.000000
 -0.030000 0.000000 0.000000
 -0.027500 0.000000 0.000000
 -0.025000 0.000000 0.000000
 -0.022500 0.000000 0.000000
 -0.020000 0.000000 0.000000
 -0.017500 0.000000 0.000000
 -0.015000 0.000000 0.000000
 -0.012500 0.000000 0.000000
 -0.010000 0.000000 0.000000
 -0.007500 0.000000 0.000000
 -0.005000 0.000000 0.000000
 -0.002500 0.000000 0.000000
 0.000000 0.000000 0.000000
 0.002500 0.000000 0.000000
 0.005000 0.000000 0.000000
 0.007500 0.000000 0.000000
 0.010000 0.000000 0.000000
 0.012500 0.000000 0.000000
 0.015000 0.000000 0.000000
 0.017500 0.000000 0.000000
 0.020000 0.000000 0.000000
 0.022500 0.000000 0.000000
 0.025000 0.000000 0.000000
 0.027500 0.000000 0.000000
 0.030000 0.000000 0.000000
 0.032500 0.000000 0.000000
 0.035000 0.000000 0.000000
 0.037500 0.000000 0.000000
 0.040000 0.000000 0.000000
 0.042500 0.000000 0.000000
 0.045000 0.000000 0.000000
 0.047500 0.000000 0.000000
 0.050000 0.000000 0.000000
 0.052500 0.000000 0.000000
 0.055000 0.000000 0.000000
 0.057500 0.000000 0.000000
 0.060000 0.000000 0.000000
 0.062500 0.000000 0.000000
 0.065000 0.000000 0.000000
 0.067500 0.000000 0.000000
 0.070000 0.000000 0.000000
 0.072500 0.000000 0.000000
 0.075000 0.000000 0.000000
 0.077500 0.000000 0.000000
 0.080000 0.000000 0.000000
 0.082500 0.000000 0.000000
 0.085000 0.000000 0.000000
 0.087500 0.000000 0.000000
 0.090000 0.000000 0.000000
 0.092500 0.000000 0.000000
 0.095000 0.000000 0.000000
 0.097500 0.000000 0.000000
 0.100000 0.000000 0.000000
 0.102500 0.000000 0.000000
 0.105000 0.000000 0.000000
 0.107500 0.000000 0.000000
 0.110000 0.000000 0.000000
 0.112500 0.000000 0.000000
 0.115000 0.000000 0.000000
 0.117500 0.000000 0.000000
 0.120000 0.000000 0.000000
 0.122500 0.000000 0.000000
 0.125000 0.000000 0.000000
 0.127500 0.000000 0.000000
 0.130000 0.000000 0.000000
 0.132500 0.000000 0.000000
 0.135000 0.000000 0.000000
 0.137500 0.000000 0.000000
 0.140000 0.000000 0.000000
 0.142500 0.000000 0.000000
 0.145000 0.000000 0.000000
 0.147500 0.000000 0.000000
 0.150000 0.000000 0.000000
 0.152500 0.000000 0.000000
 0.155000 0.000000 0.000000
 0.157500 0.000000 0.000000
 0.160000 0.000000 0.000000
 0.162500 0.000000 0.000000
 0.165000 0.000000 0.000000
 0.167500 0.000000 0.000000
 0.170000 0.000000 0.000000
 0.172500 0.000000 0.000000
 0.175000 0.000000 0.000000
 0.177500 0.000000 0.000000
 0.180000 0.000000 0.000000
 0.182500 0.000000 0.000000
 0.185000 0.000000 0.000000
 0.187500 0.000000 0.000000
 0.190000 0.000000 0.000000
 0.192500 0.000000 0.000000
 0.195000 0.000000 0.000000
 0.197500 0.000000 0.000000
 0.200000 0.000000 0.000000
 0.202500 0.000000 0.000000
 0.205000 0.000000 0.000000
 0.207500 0.000000 0.000000
 0.210000 0.000000 0.000000
 0.212500 0.000000 0.000000
 0.215000 0.000000 0.000000
 0.217500 0.000000 0.000000
 0.220000 0.000000 0.000000
 0.222500 0.000000 0.000000
 0.225000 0.000000 0.000000
 0.227500 0.000000 0.000000
 0.230000 0.000000 0.000000
 0.232500 0.000000 0.000000
 0.235000 0.000000 0.000000
 0.237500 0.000000 0.000000
 0.240000 0.000000 0.000000
 0.242500 0.000000 0.000000
 0.245000 0.000000 0.000000
 0.247500 0.000000 0.000000
 0.250000 0.000000 0.000000
 0.252500 0.000000 0.000000
 0.255000 0.000000 0.000000
 0.257500 0.000000 0.000000
 0.260000 0.000000 0.000000
 0.262500 0.000000 0.000000
 0.265000 0.000000 0.000000
 0.267500 0.000000 0.000000
 0.270000 0.000000 0.000000
 0.272500 0.000000 0.000000
 0.275000 0.000000 0.000000
 0.277500 0.000000 0.000000
 0.280000 0.000000 0.000000
 0.282500 0.000000 0.000000
 0.285000 0.000000 0.000000
 0.287500 0.000000 0.000000
 0.290000 0.000000 0.000000
 0.292500 0.000000 0.000000
 0.295000 0.000000 0.000000
 0.297500 0.000000 0.000000
 0.300000 0.000000 0.000000
 0.302500 0.000000 0.000000
 0.305000 0.000000 0.000000
 0.307500 0.000000 0.000000
 0.310000 0.000000 0.000000
 0.312500 0.000000 0.000000
 0.315000 0.000000 0.000000
 0.317500 0.000000 0.000000
 0.320000 0.000000 0.000000
 0.322500 0.000000 0.000000
 0.325000 0.000000 0.000000
 0.327500 0.000000 0.000000
 0.330000 0.000000 0.000000
 0.332500 0.000000 0.000000
 0.335000 0.000000 0.000000
 0.337500 0.000000 0.000000
 0.340000 0.000000 0.000000
 0.342500 0.000000 0.000000
 0.345000 0.000000 0.000000
 0.347500 0.000000 0.000000
 0.350000 0.000000 0.000000
 0.352500 0.000000 0.000000
 0.355000 0.000000 0.000000
 0.357500 0.000000 0.000000
 0.360000 0.000000 0.000000
 0.362500 0.000000 0.000000
 0.365000 0.000000 0.000000
 0.367500 0.000000 0.000000
 0.370000 0.000000 0.000000
 0.372500 0.000000 0.000000
 0.375000 0.000000 0.000000
 0.377500 0.000000 0.000000
 0.380000 0.000000 0.000000
 0.382500 0.000000 0.000000
 0.385000 0.000000 0.000000
 0.387500 0.000000 0.000000
 0.390000 0.000000 0.000000
 0.392500 0.000000 0.000000
 0.395000 0.000000 0.000000
 0.397500 0.000000 0.000000
 0.400000 0.000000 0.000000
 0.402500 0.000000 0.000000
 0.405000 0.000000 0.000000
 0.407500 0.000000 0.000000
 0.410000 0.000000 0.000000
 0.412500 0.000000 0.000000
 0.415000 0.000000 0.000000
 0.417500 0.000000 0.000000
 0.420000 0.000000 0.000000
 0.422500 0.000000 0.000000
 0.425000 0.000000 0.000000
 0.427500 0.000000 0.000000
 0.430000 0.000000 0.000000
 0.432500 0.000000 0.000000
 0.435000 0.000000 0.000000
 0.437500 0.000000 0.000000
 0.440000 0.000000 0.000000
 0.442500 0.000000 0.000027
 0.445000 0.000000 0.000066
 0.447500 0.000000 0.000152
 0.450000 0.000001 0.000326
 0.452500 0.000002 0.000675
 0.455000 0.000005 0.001273
 0.457500 0.000009 0.002242
 0.460000 0.000016 0.003681
 0.462500 0.000028 0.005631
 0.465000 0.000045 0.008007
 0.467500 0.000068 0.010586
 0.470000 0.000098 0.012918
 0.472500 0.000132 0.014560
 0.475000 0.000169 0.015009
 0.477500 0.000206 0.014049
 0.480000 0.000239 0.011932
 0.482500 0.000265 0.009214
 0.485000 0.000285 0.006970
 0.487500 0.000302 0.006261
 0.490000 0.000319 0.008094
 0.492500 0.000345 0.012913
 0.495000 0.000386 0.020614
 0.497500 0.000450 0.030494
 0.500000 0.000540 0.041215
 0.502500 0.000656 0.051558
 0.505000 0.000797 0.060520
 0.507500 0.000958 0.067707
 0.510000 0.001134 0.073402
 0.512500 0.001325 0.078617
 0.515000 0.001529 0.084636
 0.517500 0.001750 0.092954
 0.520000 0.001997 0.104613
 0.522500 0.002277 0.119847
 0.525000 0.002600 0.138358
 0.527500 0.002972 0.158792
 0.530000 0.003396 0.179559
 0.532500 0.003871 0.199440
 0.535000 0.004393 0.218116
 0.537500 0.004964 0.237370
 0.540000 0.005585 0.259985
 0.542500 0.006272 0.289878
 0.545000 0.007047 0.330477
 0.547500 0.007938 0.383641
 0.550000 0.008979 0.449506
 0.552500 0.010198 0.526075
 0.555000 0.011620 0.610923
 0.557500 0.013262 0.702286
 0.560000 0.015141 0.799482
 0.562500 0.017271 0.903635
 0.565000 0.019673 1.016461
 0.567500 0.022369 1.138791
 0.570000 0.025382 1.269381
 0.572500 0.028729 1.406403
 0.575000 0.032426 1.548074
 0.577500 0.036482 1.694040
 0.580000 0.040911 1.847394
 0.582500 0.045739 2.013379
 0.585000 0.051004 2.197356
 0.587500 0.056757 2.403014
 0.590000 0.063052 2.629116
 0.592500 0.069930 2.867963
 0.595000 0.077412 3.109485
 0.597500 0.085490 3.342329
 0.600000 0.094133 3.561433
 0.602500 0.103313 3.772791
 0.605000 0.113026 3.993108
 0.607500 0.123334 4.251802
 0.610000 0.134370 4.580069
 0.612500 0.146342 5.002303
 0.615000 0.159496 5.526932
 0.617500 0.174080 6.140806
 0.620000 0.190282 6.812727
 0.622500 0.208188 7.495775
 0.625000 0.227768 8.142934
 0.627500 0.248880 8.716629
 0.630000 0.271314 9.199736
 0.632500 0.294856 9.603968
 0.635000 0.319346 9.964555
 0.637500 0.344734 10.333833
 0.640000 0.371120 10.769089
 0.642500 0.398725 11.315425
 0.645000 0.427862 11.994866
 0.647500 0.458862 12.799886
 0.650000 0.492001 13.698425
 0.652500 0.527465 14.648870
 0.655000 0.565319 15.605164
 0.657500 0.605541 16.537336
 0.660000 0.648045 17.432727
 0.662500 0.692756 18.302584
 0.665000 0.739634 19.171519
 0.667500 0.788713 20.068550
 0.670000 0.840095 21.015932
 0.672500 0.893922 22.021475
 0.675000 0.950313 23.063721
 0.677500 1.009311 24.097864
 0.680000 1.070832 25.069422
 0.682500 1.134650 25.924729
 0.685000 1.200429 26.639704
 0.687500 1.267834 27.228518
 0.690000 1.336596 27.739840
 0.692500 1.406618 28.247148
 0.695000 1.477987 28.827459
 0.697500 1.550957 29.538210
 0.700000 1.625891 30.397197
 0.702500 1.703150 31.392642
 0.705000 1.783019 32.479878
 0.707500 1.865667 33.605481
 0.710000 1.951110 34.711577
 0.712500 2.039245 35.753299
 0.715000 2.129865 36.695430
 0.717500 2.222689 37.517780
 0.720000 2.317406 38.207896
 0.722500 2.413663 38.750025
 0.725000 2.511058 39.117224
 0.727500 2.609109 39.270811
 0.730000 2.707228 39.171927
 0.732500 2.804751 38.787575
 0.735000 2.900953 38.120687
 0.737500 2.995190 37.219923
 0.740000 3.086962 36.184940
 0.742500 3.176107 35.149900
 0.745000 3.262813 34.252312
 0.747500 3.347577 33.612014
 0.750000 3.431110 33.288188
 0.752500 3.514219 33.262943
 0.755000 3.597552 33.454075
 0.757500 3.681490 33.737543
 0.760000 3.766087 33.958747
 0.762500 3.851018 33.980249
 0.765000 3.935628 33.702367
 0.767500 4.019091 33.062460
 0.770000 4.100484 32.052805
 0.772500 4.178922 30.714002
 0.775000 4.253658 29.121234
 0.777500 4.324195 27.379427
 0.780000 4.390296 25.598634
 0.782500 4.452000 23.881160
 0.785000 4.509565 22.299572
 0.787500 4.563366 20.875496
 0.790000 4.613779 19.586938
 0.792500 4.661051 18.347958
 0.795000 4.705168 17.048239
 0.797500 4.745825 15.573132
 0.800000 4.782466 13.840158
 0.802500 4.814411 11.825353
 0.805000 4.841026 9.585853
 0.807500 4.861860 7.238534
 0.810000 4.876816 4.915334
 0.812500 4.886110 2.725469
 0.815000 4.890149 0.728306
 0.817500 4.889420 -1.102064
 0.820000 4.884274 -2.805994
 0.822500 4.874924 -4.466043
 0.825000 4.861418 -6.130798
 0.827500 4.843705 -7.826792
 0.830000 4.821737 -9.526397
 0.832500 4.795544 -11.192694
 0.835000 4.765270 -12.783723
 0.837500 4.731133 -14.274872
 0.840000 4.693382 -15.666159
 0.842500 4.652245 -16.988579
 0.845000 4.607843 -18.280208
 0.847500 4.560204 -19.581120
 0.850000 4.509254 -20.918448
 0.852500 4.454921 -22.295433
 0.855000 4.397138 -23.669857
 0.857500 4.335969 -24.991214
 0.860000 4.271615 -26.201146
 0.862500 4.204400 -27.275609
 0.865000 4.134668 -28.230459
 0.867500 4.062642 -29.113084
 0.870000 3.988418 -29.998722
 0.872500 3.911930 -30.937620
 0.875000 3.833007 -31.938832
 0.877500 3.751550 -32.954430
 0.880000 3.667634 -33.890223
 0.882500 3.581590 -34.628992
 0.885000 3.494046 -35.093075
 0.887500 3.405738 -35.233194
 0.890000 3.317474 -35.071418
 0.892500 3.229907 -34.680282
 0.895000 3.143499 -34.179934
 0.897500 3.058368 -33.670883
 0.900000 2.974415 -33.259207
 0.902500 2.891309 -33.001625
 0.905000 2.808632 -32.926425
 0.907500 2.725937 -33.010230
 0.910000 2.642883 -33.211237
 0.912500 2.559245 -33.461516
 0.915000 2.474999 -33.692689
 0.917500 2.390278 -33.829292
 0.920000 2.305402 -33.816619
 0.922500 2.220808 -33.606881
 0.925000 2.137015 -33.169618
 0.927500 2.054618 -32.505065
 0.930000 1.974160 -31.624613
 0.932500 1.896132 -30.574427
 0.935000 1.820880 -29.427819
 0.937500 1.748531 -28.271277
 0.940000 1.678987 -27.198593
 0.942500 1.611944 -26.280764
 0.945000 1.546970 -25.553085
 0.947500 1.483609 -24.993676
 0.950000 1.421501 -24.532691
 0.952500 1.360516 -24.091558
 0.955000 1.300700 -23.587387
 0.957500 1.242288 -22.972674
 0.960000 1.185572 -22.235386
 0.962500 1.130830 -21.405371
 0.965000 1.078244 -20.533471
 0.967500 1.027830 -19.670215
 0.970000 0.979511 -18.870319
 0.972500 0.933091 -18.166096
 0.975000 0.888305 -17.565862
 0.977500 0.844902 -17.064999
 0.980000 0.802655 -16.634078
 0.982500 0.761433 -16.243297
 0.985000 0.721184 -15.855254
 0.987500 0.681932 -15.437361
 0.990000 0.643785 -14.979706
 0.992500 0.606850 -14.475687
 0.995000 0.571228 -13.934682
 0.997500 0.536994 -13.370497
 1.000000 0.504190 -12.793110
 1.002500 0.472847 -12.209428
 1.005000 0.442978 -11.613402
 1.007500 0.414620 -11.004378
 1.010000 0.387803 -10.384046
 1.012500 0.362541 -9.766253
 1.015000 0.338807 -9.169701
 1.017500 0.316520 -8.614755
 1.020000 0.295552 -8.114799
 1.022500 0.275765 -7.673579
 1.025000 0.257023 -7.278151
 1.027500 0.239238 -6.908403
 1.030000 0.222374 -6.540651
 1.032500 0.206447 -6.160545
 1.035000 0.191495 -5.760673
 1.037500 0.177560 -5.350520
 1.040000 0.164652 -4.946760
 1.042500 0.152724 -4.569564
 1.045000 0.141691 -4.237180
 1.047500 0.131427 -3.958132
 1.050000 0.121794 -3.729798
 1.052500 0.112682 -3.542158
 1.055000 0.104012 -3.375110
 1.057500 0.095754 -3.210560
 1.060000 0.087918 -3.035155
 1.062500 0.080539 -2.846382
 1.065000 0.073648 -2.649168
 1.067500 0.067254 -2.451916
 1.070000 0.061345 -2.261846
 1.072500 0.055898 -2.085351
 1.075000 0.050879 -1.920036
 1.077500 0.046262 -1.762795
 1.080000 0.042032 -1.611533
 1.082500 0.038174 -1.466375
 1.085000 0.034668 -1.331534
 1.087500 0.031481 -1.212077
 1.090000 0.028569 -1.113055
 1.092500 0.025880 -1.033539
 1.095000 0.023368 -0.970370
 1.097500 0.021003 -0.916975
 1.100000 0.018769 -0.864748
 1.102500 0.016670 -0.809169
 1.105000 0.014717 -0.747001
 1.107500 0.012928 -0.678936
 1.110000 0.011314 -0.608462
 1.112500 0.009876 -0.538434
 1.115000 0.008609 -0.473392
 1.117500 0.007495 -0.414891
 1.120000 0.006520 -0.365430
 1.122500 0.005658 -0.323195
 1.125000 0.004894 -0.286820
 1.127500 0.004216 -0.253994
 1.130000 0.003618 -0.222756
 1.132500 0.003097 -0.191538
 1.135000 0.002654 -0.161616
 1.137500 0.002284 -0.133945
 1.140000 0.001978 -0.110626
 1.142500 0.001724 -0.093077
 1.145000 0.001505 -0.081907
 1.147500 0.001308 -0.075985
 1.150000 0.001120 -0.073490
 1.152500 0.000938 -0.071892
 1.155000 0.000761 -0.068943
 1.157500 0.000594 -0.063500
 1.160000 0.000445 -0.055442
 1.162500 0.000317 -0.045707
 1.165000 0.000216 -0.035426
 1.167500 0.000139 -0.025779
 1.170000 0.000085 -0.017553
 1.172500 0.000049 -0.011282
 1.175000 0.000027 -0.006738
 1.177500 0.000014 -0.003826
 1.180000 0.000007 -0.001989
 1.182500 0.000003 -0.001001
 1.185000 0.000001 -0.000381
 1.187500 0.000000 -0.000141
 1.190000 0.000000 -0.000043
 1.192500 0.000000 0.000000
 1.195000 0.000000 0.000000
 1.197500 0.000000 0.000000
 1.200000 0.000000 0.000000
 1.202500 0.000000 0.000000
 1.205000 0.000000 0.000000
 1.207500 0.000000 0.000000
 1.210000 0.000000 0.000000
 1.212500 0.000000 0.000000
 1.215000 0.000000 0.000000
 1.217500 0.000000 0.000000
 1.220000 0.000000 0.000000
 1.222500 0.000000 0.000000
 1.225000 0.000000 0.000000
 1.227500 0.000000 0.000000
 1.230000 0.000000 0.000000
 1.232500 0.000000 0.000000
 1.235000 0.000000 0.000000
 1.237500 0.000000 0.000000
 1.240000 0.000000 0.000000
 1.242500 0.000000 0.000000
 1.245000 0.000000 0.000000
 1.247500 0.000000 0.000000
 1.250000 0.000000 0.000000
 1.252500 0.000000 0.000000
 1.255000 0.000000 0.000000
 1.257500 0.000000 0.000000
 1.260000 0.000000 0.000000
 1.262500 0.000000 0.000000
 1.265000 0.000000 0.000000
 1.267500 0.000000 0.000000
 1.270000 0.000000 0.000000
 1.272500 0.000000 0.000000
 1.275000 0.000000 0.000000
 1.277500 0.000000 0.000000
 1.280000 0.000000 0.000000
 1.282500 0.000000 0.000000
 1.285000 0.000000 0.000000
 1.287500 0.000000 0.000000
 1.290000 0.000000 0.000000
 1.292500 0.000000 0.000000
 1.295000 0.000000 0.000000
 1.297500 0.000000 0.000000
 1.300000 0.000000 0.000000
 1.302500 0.000000 0.000000
 1.305000 0.000000 0.000000
 1.307500 0.000000 0.000000
 1.310000 0.000000 0.000000
 1.312500 0.000000 0.000000
 1.315000 0.000000 0.000000
 1.317500 0.000000 0.000000
 1.320000 0.000000 0.000000
 1.322500 0.000000 0.000000
 1.325000 0.000000 0.000000
 1.327500 0.000000 0.000000
 1.330000 0.000000 0.000000
 1.332500 0.000000 0.000000
 1.335000 0.000000 0.000000
 1.337500 0.000000 0.000000
 1.340000 0.000000 0.000000
 1.342500 0.000000 0.000000
 1.345000 0.000000 0.000000
 1.347500 0.000000 0.000000
 1.350000 0.000000 0.000000
 1.352500 0.000000 0.000000
 1.355000 0.000000 0.000000
 1.357500 0.000000 0.000000
 1.360000 0.000000 0.000000
 1.362500 0.000000 0.000000
 1.365000 0.000000 0.000000
 1.367500 0.000000 0.000000
 1.370000 0.000000 0.000000
 1.372500 0.000000 0.000000
 1.375000 0.000000 0.000000
 1.377500 0.000000 0.000000
 1.380000 0.000000 0.000000
 1.382500 0.000000 0.000000
 1.385000 0.000000 0.000000
 1.387500 0.000000 0.000000
 1.390000 0.000000 0.000000
 1.392500 0.000000 0.000000
 1.395000 0.000000 0.000000
 1.397500 0.000000 0.000000
 1.400000 0.000000 0.000000
 1.402500 0.000000 0.000000
 1.405000 0.000000 0.000000
 1.407500 0.000000 0.000000
 1.410000 0.000000 0.000000
 1.412500 0.000000 0.000000
 1.415000 0.000000 0.000000
 1.417500 0.000000 0.000000
 1.420000 0.000000 0.000000
 1.422500 0.000000 0.000000
 1.425000 0.000000 0.000000
 1.427500 0.000000 0.000000
 1.430000 0.000000 0.000000
 1.432500 0.000000 0.000000
 1.435000 0.000000 0.000000
 1.437500 0.000000 0.000000
 1.440000 0.000000 0.000000
 1.442500 0.000000 0.000000
 1.445000 0.000000 0.000000
 1.447500 0.000000 0.000000
 1.450000 0.000000 0.000000
 1.452500 0.000000 0.000000
 1.455000 0.000000 0.000000
 1.457500 0.000000 0.000000
 1.460000 0.000000 0.000000
 1.462500 0.000000 0.000000
 1.465000 0.000000 0.000000
 1.467500 0.000000 0.000000
 1.470000 0.000000 0.000000
 1.472500 0.000000 0.000000
 1.475000 0.000000 0.000000
 1.477500 0.000000 0.000000
 1.480000 0.000000 0.000000
 1.482500 0.000000 0.000000
 1.485000 0.000000 0.000000
 1.487500 0.000000 0.000000
 1.490000 0.000000 0.000000
 1.492500 0.000000 0.000000
 1.495000 0.000000 0.000000
 1.497500 0.000000 0.000000
 1.500000 0.000000 0.000000
 1.502500 0.000000 0.000000
 1.505000 0.000000 0.000000
 1.507500 0.000000 0.000000
 1.510000 0.000000 0.000000
 1.512500 0.000000 0.000000
 1.515000 0.000000 0.000000
 1.517500 0.000000 0.000000
 1.520000 0.000000 0.000000
 1.522500 0.000000 0.000000
 1.525000 0.000000 0.000000
 1.527500 0.000000 0.000000
 1.530000 0.000000 0.000000
 1.532500 0.000000 0.000000
 1.535000 0.000000 0.000000
 1.537500 0.000000 0.000000
 1.540000 0.000000 0.000000
 1.542500 0.000000 0.000000
 1.545000 0.000000 0.000000
 1.547500 0.000000 0.000000
 1.550000 0.000000 0.000000
 1.552500 0.000000 0.000000
 1.555000 0.000000 0.000000
 1.557500 0.000000 0.000000
 1.560000 0.000000 0.000000
 1.562500 0.000000 0.000000
 1.565000 0.000000 0.000000
 1.567500 0.000000 0.000000
 1.570000 0.000000 0.000000
 1.572500 0.000000 0.000000
 1.575000 0.000000 0.000000
 1.577500 0.000000 0.000000
 1.580000 0.000000 0.000000
 1.582500 0.000000 0.000000
 1.585000 0.000000 0.000000
 1.587500 0.000000 0.000000
 1.590000 0.000000 0.000000
 1.592500 0.000000 0.000000
 1.595000 0.000000 0.000000
 1.597500 0.000000 0.000000
 1.600000 0.000000 0.000000
 1.602500 0.000000 0.000000
 1.605000 0.000000 0.000000
 1.607500 0.000000 0.000000
 1.610000 0.000000 0.000000
 1.612500 0.000000 0.000000
 1.615000 0.000000 0.000000
 1.617500 0.000000 0.000000
 1.620000 0.000000 0.000000
 1.622500 0.000000 0.000000
 1.625000 0.000000 0.000000
 1.627500 0.000000 0.000000
 1.630000 0.000000 0.000000
 1.632500 0.000000 0.000000
 1.635000 0.000000 0.000000
 1.637500 0.000000 0.000000
 1.640000 0.000000 0.000000
 1.642500 0.000000 0.000000
 1.645000 0.000000 0.000000
 1.647500 0.000000 0.000000
 1.650000 0.000000 0.000000
 1.652500 0.000000 0.000000
 1.655000 0.000000 0.000000
 1.657500 0.000000 0.000000
 1.660000 0.000000 0.000000
 1.662500 0.000000 0.000000
 1.665000 0.000000 0.000000
 1.667500 0.000000 0.000000
 1.670000 0.000000 0.000000
 1.672500 0.000000 0.000000
 1.675000 0.000000 0.000000
 1.677500 0.000000 0.000000
 1.680000 0.000000 0.000000
 1.682500 0.000000 0.000000
 1.685000 0.000000 0.000000
 1.687500 0.000000 0.000000
 1.690000 0.000000 0.000000
 1.692500 0.000000 0.000000
 1.695000 0.000000 0.000000
 1.697500 0.000000 0.000000
 1.700000 0.000000 0.000000
 1.702500 0.000000 0.000000
 1.705000 0.000000 0.000000
 1.707500 0.000000 0.000000
 1.710000 0.000000 0.000000
 1.712500 0.000000 0.000000
 1.715000 0.000000 0.000000
 1.717500 0.000000 0.000000
 1.720000 0.000000 0.000000
 1.722500 0.000000 0.000000
 1.725000 0.000000 0.000000
 1.727500 0.000000 0.000000
 1.730000 0.000000 0.000000
 1.732500 0.000000 0.000000
 1.735000 0.000000 0.000000
 1.737500 0.000000 0.000000
 1.740000 0.000000 0.000000
 1.742500 0.000000 0.000000
 1.745000 0.000000 0.000000
 1.747500 0.000000 0.000000
 1.750000 0.000000 0.000000
 1.752500 0.000000 0.000000
 1.755000 0.000000 0.000000
 1.757500 0.000000 0.000000
 1.760000 0.000000 0.000000
 1.762500 0.000000 0.000000
 1.765000 0.000000 0.000000
 1.767500 0.000000 0.000000
 1.770000 0.000000 0.000000
 1.772500 0.000000 0.000000
 1.775000 0.000000 0.000000
 1.777500 0.000000 0.000000
 1.780000 0.000000 0.000000
 1.782500 0.000000 0.000000
 1.785000 0.000000 0.000000
 1.787500 0.000000 0.000000
 1.790000 0.000000 0.000000
 1.792500 0.000000 0.000000
 1.795000 0.000000 0.000000
 1.797500 0.000000 0.000000
 1.800000 0.000000 0.000000
 1.802500 0.000000 0.000000
 1.805000 0.000000 0.000000
 1.807500 0.000000 0.000000
 1.810000 0.000000 0.000000
 1.812500 0.000000 0.000000
 1.815000 0.000000 0.000000
 1.817500 0.000000 0.000000
 1.820000 0.000000 0.000000
 1.822500 0.000000 0.000000
 1.825000 0.000000 0.000000
 1.827500 0.000000 0.000000
 1.830000 0.000000 0.000000
 1.832500 0.000000 0.000000
 1.835000 0.000000 0.000000
 1.837500 0.000000 0.000000
 1.840000 0.000000 0.000000
 1.842500 0.000000 0.000000
 1.845000 0.000000 0.000000
 1.847500 0.000000 0.000000
 1.850000 0.000000 0.000000
 1.852500 0.000000 0.000000
 1.855000 0.000000 0.000000
 1.857500 0.000000 0.000000
 1.860000 0.000000 0.000000
 1.862500 0.000000 0.000000
 1.865000 0.000000 0.000000
 1.867500 0.000000 0.000000
 1.870000 0.000000 0.000000
 1.872500 0.000000 0.000000
 1.875000 0.000000 0.000000
 1.877500 0.000000 0.000000
 1.880000 0.000000 0.000000
 1.882500 0.000000 0.000000
 1.885000 0.000000 0.000000
 1.887500 0.000000 0.000000
 1.890000 0.000000 0.000000
 1.892500 0.000000 0.000000
 1.895000 0.000000 0.000000
 1.897500 0.000000 0.000000
 1.900000 0.000000 0.000000
 1.902500 0.000000 0.000000
 1.905000 0.000000 0.000000
 1.907500 0.000000 0.000000
 1.910000 0.000000 0.000000
 1.912500 0.000000 0.000000
 1.915000 0.000000 0.000000
 1.917500 0.000000 0.000000
 1.920000 0.000000 0.000000
 1.922500 0.000000 0.000000
 1.925000 0.000000 0.000000
 1.927500 0.000000 0.000000
 1.930000 0.000000 0.000000
 1.932500 0.000000 0.000000
 1.935000 0.000000 0.000000
 1.937500 0.000000 0.000000
 1.940000 0.000000 0.000000
 1.942500 0.000000 0.000000
 1.945000 0.000000 0.000000
 1.947500 0.000000 0.000000
 1.950000 0.000000 0.000000
 1.952500 0.000000 0.000000
 1.955000 0.000000 0.000000
 1.957500 0.000000 0.000000
 1.960000 0.000000 0.000000
 1.962500 0.000000 0.000000
 1.965000 0.000000 0.000000
 1.967500 0.000000 0.000000
 1.970000 0.000000 0.000000
 1.972500 0.000000 0.000000
 1.975000 0.000000 0.000000
 1.977500 0.000000 0.000000
 1.980000 0.000000 0.000000
 1.982500 0.000000 0.000000
 1.985000 0.000000 0.000000
 1.987500 0.000000 0.000000
 1.990000 0.000000 0.000000
 1.992500 0.000000 0.000000
 1.995000 0.000000 0.000000
 1.997500 0.000000 0.000000
 2.000000 0.000000 0.000000
