#! FIELDS es hh dhh_es
#! SET normalisation  2000.000000
#! SET min_es -0.5
#! SET max_es 2
#! SET nbins_es  1000
#! SET periodic_es false
 -0.500000 0.000000 0.000000
 -0.497500 0.000000 0.000000
 -0.495000 0.000000 0.000000
 -0.492500 0.000000 0.000000
 -0.490000 0.000000 0.000000
 -0.487500 0.000000 0.000000
 -0.485000 0.000000 0.000000
 -0.482500 0.000000 0.000000
 -0.480000 0.000000 0.000000
 -0.477500 0.000000 0.000000
 -0.475000 0.000000 0.000000
 -0.472500 0.000000 0.000000
 -0.470000 0.000000 0.000000
 -0.467500 0.000000 0.000000
 -0.465000 0.000000 0.000000
 -0.462500 0.000000 0.000000
 -0.460000 0.000000 0.000000
 -0.457500 0.000000 0.000000
 -0.455000 0.000000 0.000000
 -0.452500 0.000000 0.000000
 -0.450000 0.000000 0.000000
 -0.447500 0.000000 0.000000
 -0.445000 0.000000 0.000000
 -0.442500 0.000000 0.000000
 -0.440000 0.000000 0.000000
 -0.437500 0.000000 0.000000
 -0.435000 0.000000 0.000000
 -0.432500 0.000000 0.000000
 -0.430000 0.000000 0.000000
 -0.427500 0.000000 0.000000
 -0.425000 0.000000 0.000000
 -0.422500 0.000000 0.000000
 -0.420000 0.000000 0.000000
 -0.417500 0.000000 0.000000
 -0.415000 0.000000 0.000000
 -0.412500 0.000000 0.000000
 -0.410000 0.000000 0.000000
 -0.407500 0.000000 0.000000
 -0.405000 0.000000 0.000000
 -0.402500 0.000000 0.000000
 -0.400000 0.000000 0.000000
 -0.397500 0.000000 0.000000
 -0.395000 0.000000 0.000000
 -0.392500 0.000000 0.000000
 -0.390000 0.000000 0.000000
 -0.387500 0.000000 0.000000
 -0.385000 0.000000 0.000000
 -0.382500 0.000000 0.000000
 -0.380000 0.000000 0.000000
 -0.377500 0.000000 0.000000
 -0.375000 0.000000 0.000000
 -0.372500 0.000000 0.000000
 -0.370000 0.000000 0.000000
 -0.367500 0.000000 0.000000
 -0.365000 0.000000 0.000000
 -0.362500 0.000000 0.000000
 -0.360000 0.000000 0.000000
 -0.357500 0.000000 0.000000
 -0.355000 0.000000 0.000000
 -0.352500 0.000000 0.000000
 -0.350000 0.000000 0.000000
 -0.347500 0.000000 0.000000
 -0.345000 0.000000 0.000000
 -0.342500 0.000000 0.000000
 -0.340000 0.000000 0.000000
 -0.337500 0.000000 0.000000
 -0.335000 0.000000 0.000000
 -0.332500 0.000000 0.000000
 -0.330000 0.000000 0.000000
 -0.327500 0.000000 0.000000
 -0.325000 0.000000 0.000000
 -0.322500 0.000000 0.000000
 -0.320000 0.000000 0.000000
 -0.317500 0.000000 0.000000
 -0.315000 0.000000 0.000000
 -0.312500 0.000000 0.000000
 -0.310000 0.000000 0.000000
 -0.307500 0.000000 0.000000
 -0.305000 0.000000 0.000000
 -0.302500 0.000000 0.000000
 -0.300000 0.000000 0.000000
 -0.297500 0.000000 0.000000
 -0.295000 0.000000 0.000000
 -0.292500 0.000000 0.000000
 -0.290000 0.000000 0.000000
 -0.287500 0.000000 0.000000
 -0.285000 0.000000 0.000000
 -0.282500 0.000000 0.000000
 -0.280000 0.000000 0.000000
 -0.277500 0.000000 0.000000
 -0.275000 0.000000 0.000000
 -0.272500 0.000000 0.000000
 -0.270000 0.000000 0.000000
 -0.267500 0.000000 0.000000
 -0.265000 0.000000 0.000000
 -0.262500 0.000000 0.000000
 -0.260000 0.000000 0.000000
 -0.257500 0.000000 0.000000
 -0.255000 0.000000 0.000000
 -0.252500 0.000000 0.000000
 -0.250000 0.000000 0.000000
 -0.247500 0.000000 0.000000
 -0.245000 0.000000 0.000000
 -0.242500 0.000000 0.000000
 -0.240000 0.000000 0.000000
 -0.237500 0.000000 0.000000
 -0.235000 0.000000 0.000000
 -0.232500 0.000000 0.000000
 -0.230000 0.000000 0.000000
 -0.227500 0.000000 0.000000
 -0.225000 0.000000 0.000000
 -0.222500 0.000000 0.000000
 -0.220000 0.000000 0.000000
 -0.217500 0.000000 0.000000
 -0.215000 0.000000 0.000000
 -0.212500 0.000000 0.000000
 -0.210000 0.000000 0.000000
 -0.207500 0.000000 0.000000
 -0.205000 0.000000 0.000000
 -0.202500 0.000000 0.000000
 -0.200000 0.000000 0.000000
 -0.197500 0.000000 0.000000
 -0.195000 0.000000 0.000000
 -0.192500 0.000000 0.000000
 -0.190000 0.000000 0.000000
 -0.187500 0.000000 0.000000
 -0.185000 0.000000 0.000000
 -0.182500 0.000000 0.000000
 -0.180000 0.000000 0.000000
 -0.177500 0.000000 0.000000
 -0.175000 0.000000 0.000000
 -0.172500 0.000000 0.000000
 -0.170000 0.000000 0.000000
 -0.167500 0.000000 0.000000
 -0.165000 0.000000 0.000000
 -0.162500 0.000000 0.000000
 -0.160000 0.000000 0.000000
 -0.157500 0.000000 0.000000
 -0.155000 0.000000 0.000000
 -0.152500 0.000000 0.000000
 -0.150000 0.000000 0.000000
 -0.147500 0.000000 0.000000
 -0.145000 0.000000 0.000000
 -0.142500 0.000000 0.000000
 -0.140000 0.000000 0.000000
 -0.137500 0.000000 0.000000
 -0.135000 0.000000 0.000000
 -0.132500 0.000000 0.000000
 -0.130000 0.000000 0.000000
 -0.127500 0.000000 0.000000
 -0.125000 0.000000 0.000000
 -0.122500 0.000000 0.000000
 -0.120000 0.000000 0.000000
 -0.117500 0.000000 0.000000
 -0.115000 0.000000 0.000000
 -0.112500 0.000000 0.000000
 -0.110000 0.000000 0.000000
 -0.107500 0.000000 0.000000
 -0.105000 0.000000 0.000000
 -0.102500 0.000000 0.000000
 -0.100000 0.000000 0.000000
 -0.097500 0.000000 0.000000
 -0.095000 0.000000 0.000000
 -0.092500 0.000000 0.000000
 -0.090000 0.000000 0.000000
 -0.087500 0.000000 0.000000
 -0.085000 0.000000 0.000000
 -0.082500 0.000000 0.000000
 -0.080000 0.000000 0.000000
 -0.077500 0.000000 0.000000
 -0.075000 0.000000 0.000000
 -0.072500 0.000000 0.000000
 -0.070000 0.000000 0.000000
 -0.067500 0.000000 0.000000
 -0.065000 0.000000 0.000000
 -0.062500 0.000000 0.000000
 -0.060000 0.000000 0.000000
 -0.057500 0.000000 0.000000
 -0.055000 0.000000 0.000000
 -0.052500 0.000000 0.000000
 -0.050000 0.000000 0.000000
 -0.047500 0.000000 0.000000
 -0.045000 0.000000 0.000000
 -0.042500 0.000000 0.000000
 -0.040000 0.000000 0.000000
 -0.037500 0.000000 0.000000
 -0.035000 0.000000 0.000000
 -0.032500 0.000018 0.007289
 -0.030000 0.000507 0.195655
 -0.027500 0.001869 0.688399
 -0.025000 0.005126 1.786723
 -0.022500 0.012428 4.064759
 -0.020000 0.027850 8.490920
 -0.017500 0.058449 16.506452
 -0.015000 0.115512 30.023907
 -0.012500 0.215487 51.197366
 -0.010000 0.379972 81.888575
 -0.007500 0.634051 122.865436
 -0.005000 1.002386 172.881100
 -0.002500 1.503254 228.005382
 0.000000 2.141655 281.619011
 0.002500 2.903542 325.347295
 0.005000 3.753598 350.893020
 0.007500 4.638135 352.238430
 0.010000 5.493310 327.493840
 0.012500 6.256600 279.614729
 0.015000 6.878331 215.693073
 0.017500 7.329859 145.071304
 0.020000 7.606212 76.967097
 0.022500 7.723152 18.476920
 0.025000 7.710303 -26.491166
 0.027500 7.602980 -57.209189
 0.030000 7.435133 -75.322161
 0.032500 7.234789 -83.727919
 0.035000 7.022286 -85.546473
 0.037500 6.810608 -83.458396
 0.040000 6.606899 -79.428496
 0.042500 6.414324 -74.703702
 0.045000 6.233615 -69.961125
 0.047500 6.063933 -65.366453
 0.050000 5.904966 -61.288545
 0.052500 5.755547 -57.727834
 0.055000 5.614489 -54.631217
 0.057500 5.480686 -51.934558
 0.060000 5.353215 -49.613113
 0.062500 5.231175 -47.610334
 0.065000 5.113804 -45.872408
 0.067500 5.000539 -44.333264
 0.070000 4.890994 -42.897291
 0.072500 4.785033 -41.463654
 0.075000 4.682769 -39.945471
 0.077500 4.584479 -38.286154
 0.080000 4.490539 -36.492270
 0.082500 4.401206 -34.617157
 0.085000 4.316563 -32.776587
 0.087500 4.236361 -31.090558
 0.090000 4.160085 -29.657540
 0.092500 4.087037 -28.521680
 0.095000 4.016486 -27.651968
 0.097500 3.947870 -26.966433
 0.100000 3.880857 -26.357381
 0.102500 3.815390 -25.726731
 0.105000 3.751597 -25.021195
 0.107500 3.689673 -24.235218
 0.110000 3.629784 -23.414749
 0.112500 3.571935 -22.610936
 0.115000 3.516021 -21.879887
 0.117500 3.461814 -21.259488
 0.120000 3.409022 -20.753753
 0.122500 3.357372 -20.357688
 0.125000 3.306601 -20.042507
 0.127500 3.256534 -19.791777
 0.130000 3.207048 -19.579738
 0.132500 3.158068 -19.388569
 0.135000 3.109560 -19.200266
 0.137500 3.061542 -18.996073
 0.140000 3.014068 -18.760211
 0.142500 2.967252 -18.486804
 0.145000 2.921188 -18.156348
 0.147500 2.876014 -17.781220
 0.150000 2.831804 -17.390719
 0.152500 2.788540 -17.033695
 0.155000 2.746073 -16.767813
 0.157500 2.704116 -16.633567
 0.160000 2.662320 -16.645643
 0.162500 2.620326 -16.785629
 0.165000 2.577869 -17.011648
 0.167500 2.534799 -17.267798
 0.170000 2.491102 -17.510014
 0.172500 2.446852 -17.711550
 0.175000 2.402169 -17.850974
 0.177500 2.357230 -17.924651
 0.180000 2.312204 -17.914192
 0.182500 2.267330 -17.803521
 0.185000 2.222874 -17.574170
 0.187500 2.179147 -17.232604
 0.190000 2.136391 -16.808706
 0.192500 2.094735 -16.361580
 0.195000 2.054144 -15.973842
 0.197500 2.014378 -15.714194
 0.200000 1.975050 -15.625909
 0.202500 1.935723 -15.709764
 0.205000 1.896018 -15.925337
 0.207500 1.855677 -16.204840
 0.210000 1.814635 -16.477199
 0.212500 1.772989 -16.685566
 0.215000 1.730936 -16.797730
 0.217500 1.688723 -16.816216
 0.220000 1.646554 -16.775620
 0.222500 1.604509 -16.730008
 0.225000 1.562514 -16.748267
 0.227500 1.520325 -16.902096
 0.230000 1.477528 -17.240672
 0.232500 1.433642 -17.778636
 0.235000 1.388190 -18.481520
 0.237500 1.340850 -19.271304
 0.240000 1.291545 -20.035026
 0.242500 1.240496 -20.651030
 0.245000 1.188211 -21.008855
 0.247500 1.135434 -21.039929
 0.250000 1.083014 -20.730736
 0.252500 1.031771 -20.108721
 0.255000 0.982407 -19.241135
 0.257500 0.935440 -18.207448
 0.260000 0.891191 -17.082021
 0.262500 0.849815 -15.921160
 0.265000 0.811342 -14.761884
 0.267500 0.775740 -13.633979
 0.270000 0.742903 -12.552004
 0.272500 0.712697 -11.540085
 0.275000 0.684911 -10.615839
 0.277500 0.659303 -9.804705
 0.280000 0.635576 -9.117344
 0.282500 0.613412 -8.555218
 0.285000 0.592515 -8.107965
 0.287500 0.572627 -7.750477
 0.290000 0.553547 -7.457589
 0.292500 0.535145 -7.209555
 0.295000 0.517328 -6.993570
 0.297500 0.500014 -6.806784
 0.300000 0.483137 -6.648547
 0.302500 0.466625 -6.514273
 0.305000 0.450437 -6.388838
 0.307500 0.434581 -6.248830
 0.310000 0.419124 -6.064343
 0.312500 0.404205 -5.817050
 0.315000 0.389995 -5.503154
 0.317500 0.376637 -5.135947
 0.320000 0.364232 -4.751050
 0.322500 0.352777 -4.384448
 0.325000 0.342178 -4.066702
 0.327500 0.332296 -3.818573
 0.330000 0.322948 -3.637523
 0.332500 0.313982 -3.513201
 0.335000 0.305274 -3.428514
 0.337500 0.296740 -3.372608
 0.340000 0.288318 -3.337496
 0.342500 0.279964 -3.320744
 0.345000 0.271635 -3.317948
 0.347500 0.263307 -3.318916
 0.350000 0.254984 -3.310956
 0.352500 0.246707 -3.282300
 0.355000 0.238541 -3.223905
 0.357500 0.230562 -3.133649
 0.360000 0.222841 -3.019063
 0.362500 0.215427 -2.891315
 0.365000 0.208335 -2.760639
 0.367500 0.201565 -2.637951
 0.370000 0.195091 -2.524078
 0.372500 0.188890 -2.418487
 0.375000 0.182945 -2.322987
 0.377500 0.177225 -2.236544
 0.380000 0.171705 -2.165886
 0.382500 0.166338 -2.112949
 0.385000 0.161079 -2.080181
 0.387500 0.155883 -2.062027
 0.390000 0.150724 -2.051571
 0.392500 0.145592 -2.037035
 0.395000 0.140509 -2.012724
 0.397500 0.135506 -1.975486
 0.400000 0.130609 -1.927595
 0.402500 0.125840 -1.873889
 0.405000 0.121208 -1.818510
 0.407500 0.116718 -1.761695
 0.410000 0.112375 -1.700988
 0.412500 0.108191 -1.632886
 0.415000 0.104189 -1.557484
 0.417500 0.100386 -1.475241
 0.420000 0.096792 -1.387989
 0.422500 0.093420 -1.300535
 0.425000 0.090264 -1.213282
 0.427500 0.087327 -1.125785
 0.430000 0.084610 -1.038514
 0.432500 0.082112 -0.951161
 0.435000 0.079828 -0.869021
 0.437500 0.077736 -0.800768
 0.440000 0.075786 -0.756862
 0.442500 0.073903 -0.747560
 0.445000 0.071995 -0.777885
 0.447500 0.069965 -0.843354
 0.450000 0.067741 -0.932152
 0.452500 0.065286 -1.023728
 0.455000 0.062621 -1.098088
 0.457500 0.059811 -1.137852
 0.460000 0.056952 -1.135962
 0.462500 0.054149 -1.095352
 0.465000 0.051483 -1.028121
 0.467500 0.049002 -0.950430
 0.470000 0.046714 -0.877508
 0.472500 0.044593 -0.817652
 0.475000 0.042600 -0.773748
 0.477500 0.040701 -0.743394
 0.480000 0.038867 -0.718924
 0.482500 0.037095 -0.693930
 0.485000 0.035394 -0.661294
 0.487500 0.033787 -0.617834
 0.490000 0.032301 -0.563066
 0.492500 0.030965 -0.500080
 0.495000 0.029794 -0.433250
 0.497500 0.028788 -0.369401
 0.500000 0.027929 -0.316896
 0.502500 0.027180 -0.283459
 0.505000 0.026485 -0.272692
 0.507500 0.025790 -0.284442
 0.510000 0.025044 -0.311835
 0.512500 0.024219 -0.345098
 0.515000 0.023316 -0.372692
 0.517500 0.022361 -0.385595
 0.520000 0.021399 -0.378849
 0.522500 0.020477 -0.352899
 0.525000 0.019639 -0.314740
 0.527500 0.018901 -0.273664
 0.530000 0.018259 -0.239472
 0.532500 0.017687 -0.219971
 0.535000 0.017141 -0.217331
 0.537500 0.016584 -0.229316
 0.540000 0.015984 -0.249105
 0.542500 0.015334 -0.268615
 0.545000 0.014643 -0.280353
 0.547500 0.013938 -0.280396
 0.550000 0.013248 -0.267849
 0.552500 0.012601 -0.247022
 0.555000 0.012012 -0.222818
 0.557500 0.011482 -0.200518
 0.560000 0.011001 -0.183666
 0.562500 0.010556 -0.172526
 0.565000 0.010134 -0.164113
 0.567500 0.009734 -0.155167
 0.570000 0.009360 -0.142302
 0.572500 0.009023 -0.125243
 0.575000 0.008732 -0.106287
 0.577500 0.008486 -0.089373
 0.580000 0.008276 -0.079522
 0.582500 0.008078 -0.078798
 0.585000 0.007872 -0.087497
 0.587500 0.007634 -0.102876
 0.590000 0.007353 -0.121301
 0.592500 0.007026 -0.138986
 0.595000 0.006659 -0.153287
 0.597500 0.006262 -0.162932
 0.600000 0.005847 -0.167110
 0.602500 0.005429 -0.165706
 0.605000 0.005021 -0.158919
 0.607500 0.004637 -0.146775
 0.610000 0.004290 -0.129688
 0.612500 0.003991 -0.109087
 0.615000 0.003745 -0.087110
 0.617500 0.003554 -0.065688
 0.620000 0.003413 -0.046790
 0.622500 0.003315 -0.031339
 0.625000 0.003252 -0.019160
 0.627500 0.003216 -0.009596
 0.630000 0.003201 -0.001819
 0.632500 0.003205 0.004857
 0.635000 0.003224 0.010192
 0.637500 0.003254 0.013566
 0.640000 0.003288 0.014031
 0.642500 0.003320 0.011022
 0.645000 0.003339 0.004436
 0.647500 0.003339 -0.004931
 0.650000 0.003313 -0.015596
 0.652500 0.003261 -0.026106
 0.655000 0.003183 -0.035440
 0.657500 0.003085 -0.043193
 0.660000 0.002968 -0.049413
 0.662500 0.002838 -0.054597
 0.665000 0.002695 -0.059124
 0.667500 0.002542 -0.062945
 0.670000 0.002381 -0.065389
 0.672500 0.002216 -0.066010
 0.675000 0.002053 -0.064395
 0.677500 0.001896 -0.060407
 0.680000 0.001752 -0.054790
 0.682500 0.001622 -0.048507
 0.685000 0.001508 -0.042663
 0.687500 0.001407 -0.037950
 0.690000 0.001316 -0.034634
 0.692500 0.001233 -0.032075
 0.695000 0.001155 -0.029661
 0.697500 0.001085 -0.026769
 0.700000 0.001022 -0.023189
 0.702500 0.000968 -0.019218
 0.705000 0.000925 -0.015560
 0.707500 0.000889 -0.012869
 0.710000 0.000859 -0.011742
 0.712500 0.000829 -0.012274
 0.715000 0.000796 -0.014121
 0.717500 0.000757 -0.016884
 0.720000 0.000711 -0.019814
 0.722500 0.000658 -0.022685
 0.725000 0.000598 -0.025037
 0.727500 0.000533 -0.026684
 0.730000 0.000465 -0.027318
 0.732500 0.000397 -0.026627
 0.735000 0.000333 -0.024258
 0.737500 0.000278 -0.020013
 0.740000 0.000235 -0.013934
 0.742500 0.000209 -0.006607
 0.745000 0.000202 0.001150
 0.747500 0.000214 0.008098
 0.750000 0.000241 0.013118
 0.752500 0.000277 0.015093
 0.755000 0.000313 0.013706
 0.757500 0.000342 0.009161
 0.760000 0.000357 0.002322
 0.762500 0.000353 -0.005296
 0.765000 0.000331 -0.012223
 0.767500 0.000294 -0.017243
 0.770000 0.000247 -0.019647
 0.772500 0.000198 -0.019286
 0.775000 0.000152 -0.016603
 0.777500 0.000116 -0.012270
 0.780000 0.000092 -0.007068
 0.782500 0.000081 -0.001707
 0.785000 0.000083 0.003162
 0.787500 0.000096 0.007001
 0.790000 0.000117 0.009360
 0.792500 0.000141 0.009947
 0.795000 0.000165 0.008735
 0.797500 0.000183 0.006089
 0.800000 0.000194 0.002550
 0.802500 0.000196 -0.001001
 0.805000 0.000190 -0.003767
 0.807500 0.000178 -0.005345
 0.810000 0.000164 -0.005692
 0.812500 0.000150 -0.005193
 0.815000 0.000138 -0.004430
 0.817500 0.000128 -0.003930
 0.820000 0.000118 -0.003972
 0.822500 0.000108 -0.004517
 0.825000 0.000095 -0.005288
 0.827500 0.000081 -0.005928
 0.830000 0.000066 -0.006160
 0.832500 0.000051 -0.005876
 0.835000 0.000037 -0.005143
 0.837500 0.000026 -0.004143
 0.840000 0.000016 -0.003051
 0.842500 0.000010 -0.002108
 0.845000 0.000006 -0.001349
 0.847500 0.000003 -0.000802
 0.850000 0.000002 -0.000444
 0.852500 0.000001 -0.000229
 0.855000 0.000000 -0.000110
 0.857500 0.000000 -0.000050
 0.860000 0.000000 0.000000
 0.862500 0.000000 0.000000
 0.865000 0.000000 0.000000
 0.867500 0.000000 0.000000
 0.870000 0.000000 0.000000
 0.872500 0.000000 0.000000
 0.875000 0.000000 0.000000
 0.877500 0.000000 0.000000
 0.880000 0.000000 0.000000
 0.882500 0.000000 0.000000
 0.885000 0.000000 0.000000
 0.887500 0.000000 0.000000
 0.890000 0.000000 0.000000
 0.892500 0.000000 0.000000
 0.895000 0.000000 0.000000
 0.897500 0.000000 0.000000
 0.900000 0.000000 0.000000
 0.902500 0.000000 0.000000
 0.905000 0.000000 0.000000
 0.907500 0.000000 0.000000
 0.910000 0.000000 0.000000
 0.912500 0.000000 0.000000
 0.915000 0.000000 0.000000
 0.917500 0.000000 0.000000
 0.920000 0.000000 0.000000
 0.922500 0.000000 0.000000
 0.925000 0.000000 0.000000
 0.927500 0.000000 0.000000
 0.930000 0.000000 0.000000
 0.932500 0.000000 0.000000
 0.935000 0.000000 0.000000
 0.937500 0.000000 0.000000
 0.940000 0.000000 0.000000
 0.942500 0.000000 0.000000
 0.945000 0.000000 0.000000
 0.947500 0.000000 0.000000
 0.950000 0.000000 0.000000
 0.952500 0.000000 0.000000
 0.955000 0.000000 0.000000
 0.957500 0.000000 0.000000
 0.960000 0.000000 0.000000
 0.962500 0.000000 0.000000
 0.965000 0.000000 0.000000
 0.967500 0.000000 0.000000
 0.970000 0.000000 0.000000
 0.972500 0.000000 0.000000
 0.975000 0.000000 0.000000
 0.977500 0.000000 0.000000
 0.980000 0.000000 0.000000
 0.982500 0.000000 0.000000
 0.985000 0.000000 0.000000
 0.987500 0.000000 0.000000
 0.990000 0.000000 0.000000
 0.992500 0.000000 0.000000
 0.995000 0.000000 0.000000
 0.997500 0.000000 0.000000
 1.000000 0.000000 0.000000
 1.002500 0.000000 0.000000
 1.005000 0.000000 0.000000
 1.007500 0.000000 0.000000
 1.010000 0.000000 0.000000
 1.012500 0.000000 0.000000
 1.015000 0.000000 0.000000
 1.017500 0.000000 0.000000
 1.020000 0.000000 0.000000
 1.022500 0.000000 0.000000
 1.025000 0.000000 0.000000
 1.027500 0.000000 0.000000
 1.030000 0.000000 0.000000
 1.032500 0.000000 0.000000
 1.035000 0.000000 0.000000
 1.037500 0.000000 0.000000
 1.040000 0.000000 0.000000
 1.042500 0.000000 0.000000
 1.045000 0.000000 0.000000
 1.047500 0.000000 0.000000
 1.050000 0.000000 0.000000
 1.052500 0.000000 0.000000
 1.055000 0.000000 0.000000
 1.057500 0.000000 0.000000
 1.060000 0.000000 0.000000
 1.062500 0.000000 0.000000
 1.065000 0.000000 0.000000
 1.067500 0.000000 0.000000
 1.070000 0.000000 0.000000
 1.072500 0.000000 0.000000
 1.075000 0.000000 0.000000
 1.077500 0.000000 0.000000
 1.080000 0.000000 0.000000
 1.082500 0.000000 0.000000
 1.085000 0.000000 0.000000
 1.087500 0.000000 0.000000
 1.090000 0.000000 0.000000
 1.092500 0.000000 0.000000
 1.095000 0.000000 0.000000
 1.097500 0.000000 0.000000
 1.100000 0.000000 0.000000
 1.102500 0.000000 0.000000
 1.105000 0.000000 0.000000
 1.107500 0.000000 0.000000
 1.110000 0.000000 0.000000
 1.112500 0.000000 0.000000
 1.115000 0.000000 0.000000
 1.117500 0.000000 0.000000
 1.120000 0.000000 0.000000
 1.122500 0.000000 0.000000
 1.125000 0.000000 0.000000
 1.127500 0.000000 0.000000
 1.130000 0.000000 0.000000
 1.132500 0.000000 0.000000
 1.135000 0.000000 0.000000
 1.137500 0.000000 0.000000
 1.140000 0.000000 0.000000
 1.142500 0.000000 0.000000
 1.145000 0.000000 0.000000
 1.147500 0.000000 0.000000
 1.150000 0.000000 0.000000
 1.152500 0.000000 0.000000
 1.155000 0.000000 0.000000
 1.157500 0.000000 0.000000
 1.160000 0.000000 0.000000
 1.162500 0.000000 0.000000
 1.165000 0.000000 0.000000
 1.167500 0.000000 0.000000
 1.170000 0.000000 0.000000
 1.172500 0.000000 0.000000
 1.175000 0.000000 0.000000
 1.177500 0.000000 0.000000
 1.180000 0.000000 0.000000
 1.182500 0.000000 0.000000
 1.185000 0.000000 0.000000
 1.187500 0.000000 0.000000
 1.190000 0.000000 0.000000
 1.192500 0.000000 0.000000
 1.195000 0.000000 0.000000
 1.197500 0.000000 0.000000
 1.200000 0.000000 0.000000
 1.202500 0.000000 0.000000
 1.205000 0.000000 0.000000
 1.207500 0.000000 0.000000
 1.210000 0.000000 0.000000
 1.212500 0.000000 0.000000
 1.215000 0.000000 0.000000
 1.217500 0.000000 0.000000
 1.220000 0.000000 0.000000
 1.222500 0.000000 0.000000
 1.225000 0.000000 0.000000
 1.227500 0.000000 0.000000
 1.230000 0.000000 0.000000
 1.232500 0.000000 0.000000
 1.235000 0.000000 0.000000
 1.237500 0.000000 0.000000
 1.240000 0.000000 0.000000
 1.242500 0.000000 0.000000
 1.245000 0.000000 0.000000
 1.247500 0.000000 0.000000
 1.250000 0.000000 0.000000
 1.252500 0.000000 0.000000
 1.255000 0.000000 0.000000
 1.257500 0.000000 0.000000
 1.260000 0.000000 0.000000
 1.262500 0.000000 0.000000
 1.265000 0.000000 0.000000
 1.267500 0.000000 0.000000
 1.270000 0.000000 0.000000
 1.272500 0.000000 0.000000
 1.275000 0.000000 0.000000
 1.277500 0.000000 0.000000
 1.280000 0.000000 0.000000
 1.282500 0.000000 0.000000
 1.285000 0.000000 0.000000
 1.287500 0.000000 0.000000
 1.290000 0.000000 0.000000
 1.292500 0.000000 0.000000
 1.295000 0.000000 0.000000
 1.297500 0.000000 0.000000
 1.300000 0.000000 0.000000
 1.302500 0.000000 0.000000
 1.305000 0.000000 0.000000
 1.307500 0.000000 0.000000
 1.310000 0.000000 0.000000
 1.312500 0.000000 0.000000
 1.315000 0.000000 0.000000
 1.317500 0.000000 0.000000
 1.320000 0.000000 0.000000
 1.322500 0.000000 0.000000
 1.325000 0.000000 0.000000
 1.327500 0.000000 0.000000
 1.330000 0.000000 0.000000
 1.332500 0.000000 0.000000
 1.335000 0.000000 0.000000
 1.337500 0.000000 0.000000
 1.340000 0.000000 0.000000
 1.342500 0.000000 0.000000
 1.345000 0.000000 0.000000
 1.347500 0.000000 0.000000
 1.350000 0.000000 0.000000
 1.352500 0.000000 0.000000
 1.355000 0.000000 0.000000
 1.357500 0.000000 0.000000
 1.360000 0.000000 0.000000
 1.362500 0.000000 0.000000
 1.365000 0.000000 0.000000
 1.367500 0.000000 0.000000
 1.370000 0.000000 0.000000
 1.372500 0.000000 0.000000
 1.375000 0.000000 0.000000
 1.377500 0.000000 0.000000
 1.380000 0.000000 0.000000
 1.382500 0.000000 0.000000
 1.385000 0.000000 0.000000
 1.387500 0.000000 0.000000
 1.390000 0.000000 0.000000
 1.392500 0.000000 0.000000
 1.395000 0.000000 0.000000
 1.397500 0.000000 0.000000
 1.400000 0.000000 0.000000
 1.402500 0.000000 0.000000
 1.405000 0.000000 0.000000
 1.407500 0.000000 0.000000
 1.410000 0.000000 0.000000
 1.412500 0.000000 0.000000
 1.415000 0.000000 0.000000
 1.417500 0.000000 0.000000
 1.420000 0.000000 0.000000
 1.422500 0.000000 0.000000
 1.425000 0.000000 0.000000
 1.427500 0.000000 0.000000
 1.430000 0.000000 0.000000
 1.432500 0.000000 0.000000
 1.435000 0.000000 0.000000
 1.437500 0.000000 0.000000
 1.440000 0.000000 0.000000
 1.442500 0.000000 0.000000
 1.445000 0.000000 0.000000
 1.447500 0.000000 0.000000
 1.450000 0.000000 0.000000
 1.452500 0.000000 0.000000
 1.455000 0.000000 0.000000
 1.457500 0.000000 0.000000
 1.460000 0.000000 0.000000
 1.462500 0.000000 0.000000
 1.465000 0.000000 0.000000
 1.467500 0.000000 0.000000
 1.470000 0.000000 0.000000
 1.472500 0.000000 0.000000
 1.475000 0.000000 0.000000
 1.477500 0.000000 0.000000
 1.480000 0.000000 0.000000
 1.482500 0.000000 0.000000
 1.485000 0.000000 0.000000
 1.487500 0.000000 0.000000
 1.490000 0.000000 0.000000
 1.492500 0.000000 0.000000
 1.495000 0.000000 0.000000
 1.497500 0.000000 0.000000
 1.500000 0.000000 0.000000
 1.502500 0.000000 0.000000
 1.505000 0.000000 0.000000
 1.507500 0.000000 0.000000
 1.510000 0.000000 0.000000
 1.512500 0.000000 0.000000
 1.515000 0.000000 0.000000
 1.517500 0.000000 0.000000
 1.520000 0.000000 0.000000
 1.522500 0.000000 0.000000
 1.525000 0.000000 0.000000
 1.527500 0.000000 0.000000
 1.530000 0.000000 0.000000
 1.532500 0.000000 0.000000
 1.535000 0.000000 0.000000
 1.537500 0.000000 0.000000
 1.540000 0.000000 0.000000
 1.542500 0.000000 0.000000
 1.545000 0.000000 0.000000
 1.547500 0.000000 0.000000
 1.550000 0.000000 0.000000
 1.552500 0.000000 0.000000
 1.555000 0.000000 0.000000
 1.557500 0.000000 0.000000
 1.560000 0.000000 0.000000
 1.562500 0.000000 0.000000
 1.565000 0.000000 0.000000
 1.567500 0.000000 0.000000
 1.570000 0.000000 0.000000
 1.572500 0.000000 0.000000
 1.575000 0.000000 0.000000
 1.577500 0.000000 0.000000
 1.580000 0.000000 0.000000
 1.582500 0.000000 0.000000
 1.585000 0.000000 0.000000
 1.587500 0.000000 0.000000
 1.590000 0.000000 0.000000
 1.592500 0.000000 0.000000
 1.595000 0.000000 0.000000
 1.597500 0.000000 0.000000
 1.600000 0.000000 0.000000
 1.602500 0.000000 0.000000
 1.605000 0.000000 0.000000
 1.607500 0.000000 0.000000
 1.610000 0.000000 0.000000
 1.612500 0.000000 0.000000
 1.615000 0.000000 0.000000
 1.617500 0.000000 0.000000
 1.620000 0.000000 0.000000
 1.622500 0.000000 0.000000
 1.625000 0.000000 0.000000
 1.627500 0.000000 0.000000
 1.630000 0.000000 0.000000
 1.632500 0.000000 0.000000
 1.635000 0.000000 0.000000
 1.637500 0.000000 0.000000
 1.640000 0.000000 0.000000
 1.642500 0.000000 0.000000
 1.645000 0.000000 0.000000
 1.647500 0.000000 0.000000
 1.650000 0.000000 0.000000
 1.652500 0.000000 0.000000
 1.655000 0.000000 0.000000
 1.657500 0.000000 0.000000
 1.660000 0.000000 0.000000
 1.662500 0.000000 0.000000
 1.665000 0.000000 0.000000
 1.667500 0.000000 0.000000
 1.670000 0.000000 0.000000
 1.672500 0.000000 0.000000
 1.675000 0.000000 0.000000
 1.677500 0.000000 0.000000
 1.680000 0.000000 0.000000
 1.682500 0.000000 0.000000
 1.685000 0.000000 0.000000
 1.687500 0.000000 0.000000
 1.690000 0.000000 0.000000
 1.692500 0.000000 0.000000
 1.695000 0.000000 0.000000
 1.697500 0.000000 0.000000
 1.700000 0.000000 0.000000
 1.702500 0.000000 0.000000
 1.705000 0.000000 0.000000
 1.707500 0.000000 0.000000
 1.710000 0.000000 0.000000
 1.712500 0.000000 0.000000
 1.715000 0.000000 0.000000
 1.717500 0.000000 0.000000
 1.720000 0.000000 0.000000
 1.722500 0.000000 0.000000
 1.725000 0.000000 0.000000
 1.727500 0.000000 0.000000
 1.730000 0.000000 0.000000
 1.732500 0.000000 0.000000
 1.735000 0.000000 0.000000
 1.737500 0.000000 0.000000
 1.740000 0.000000 0.000000
 1.742500 0.000000 0.000000
 1.745000 0.000000 0.000000
 1.747500 0.000000 0.000000
 1.750000 0.000000 0.000000
 1.752500 0.000000 0.000000
 1.755000 0.000000 0.000000
 1.757500 0.000000 0.000000
 1.760000 0.000000 0.000000
 1.762500 0.000000 0.000000
 1.765000 0.000000 0.000000
 1.767500 0.000000 0.000000
 1.770000 0.000000 0.000000
 1.772500 0.000000 0.000000
 1.775000 0.000000 0.000000
 1.777500 0.000000 0.000000
 1.780000 0.000000 0.000000
 1.782500 0.000000 0.000000
 1.785000 0.000000 0.000000
 1.787500 0.000000 0.000000
 1.790000 0.000000 0.000000
 1.792500 0.000000 0.000000
 1.795000 0.000000 0.000000
 1.797500 0.000000 0.000000
 1.800000 0.000000 0.000000
 1.802500 0.000000 0.000000
 1.805000 0.000000 0.000000
 1.807500 0.000000 0.000000
 1.810000 0.000000 0.000000
 1.812500 0.000000 0.000000
 1.815000 0.000000 0.000000
 1.817500 0.000000 0.000000
 1.820000 0.000000 0.000000
 1.822500 0.000000 0.000000
 1.825000 0.000000 0.000000
 1.827500 0.000000 0.000000
 1.830000 0.000000 0.000000
 1.832500 0.000000 0.000000
 1.835000 0.000000 0.000000
 1.837500 0.000000 0.000000
 1.840000 0.000000 0.000000
 1.842500 0.000000 0.000000
 1.845000 0.000000 0.000000
 1.847500 0.000000 0.000000
 1.850000 0.000000 0.000000
 1.852500 0.000000 0.000000
 1.855000 0.000000 0.000000
 1.857500 0.000000 0.000000
 1.860000 0.000000 0.000000
 1.862500 0.000000 0.000000
 1.865000 0.000000 0.000000
 1.867500 0.000000 0.000000
 1.870000 0.000000 0.000000
 1.872500 0.000000 0.000000
 1.875000 0.000000 0.000000
 1.877500 0.000000 0.000000
 1.880000 0.000000 0.000000
 1.882500 0.000000 0.000000
 1.885000 0.000000 0.000000
 1.887500 0.000000 0.000000
 1.890000 0.000000 0.000000
 1.892500 0.000000 0.000000
 1.895000 0.000000 0.000000
 1.897500 0.000000 0.000000
 1.900000 0.000000 0.000000
 1.902500 0.000000 0.000000
 1.905000 0.000000 0.000000
 1.907500 0.000000 0.000000
 1.910000 0.000000 0.000000
 1.912500 0.000000 0.000000
 1.915000 0.000000 0.000000
 1.917500 0.000000 0.000000
 1.920000 0.000000 0.000000
 1.922500 0.000000 0.000000
 1.925000 0.000000 0.000000
 1.927500 0.000000 0.000000
 1.930000 0.000000 0.000000
 1.932500 0.000000 0.000000
 1.935000 0.000000 0.000000
 1.937500 0.000000 0.000000
 1.940000 0.000000 0.000000
 1.942500 0.000000 0.000000
 1.945000 0.000000 0.000000
 1.947500 0.000000 0.000000
 1.950000 0.000000 0.000000
 1.952500 0.000000 0.000000
 1.955000 0.000000 0.000000
 1.957500 0.000000 0.000000
 1.960000 0.000000 0.000000
 1.962500 0.000000 0.000000
 1.965000 0.000000 0.000000
 1.967500 0.000000 0.000000
 1.970000 0.000000 0.000000
 1.972500 0.000000 0.000000
 1.975000 0.000000 0.000000
 1.977500 0.000000 0.000000
 1.980000 0.000000 0.000000
 1.982500 0.000000 0.000000
 1.985000 0.000000 0.000000
 1.987500 0.000000 0.000000
 1.990000 0.000000 0.000000
 1.992500 0.000000 0.000000
 1.995000 0.000000 0.000000
 1.997500 0.000000 0.000000
 2.000000 0.000000 0.000000
