#! FIELDS es hh dhh_es
#! SET normalisation  2000.000000
#! SET min_es -0.5
#! SET max_es 2
#! SET nbins_es  1000
#! SET periodic_es false
 -0.500000 0.000000 0.000000
 -0.497500 0.000000 0.000000
 -0.495000 0.000000 0.000000
 -0.492500 0.000000 0.000000
 -0.490000 0.000000 0.000000
 -0.487500 0.000000 0.000000
 -0.485000 0.000000 0.000000
 -0.482500 0.000000 0.000000
 -0.480000 0.000000 0.000000
 -0.477500 0.000000 0.000000
 -0.475000 0.000000 0.000000
 -0.472500 0.000000 0.000000
 -0.470000 0.000000 0.000000
 -0.467500 0.000000 0.000000
 -0.465000 0.000000 0.000000
 -0.462500 0.000000 0.000000
 -0.460000 0.000000 0.000000
 -0.457500 0.000000 0.000000
 -0.455000 0.000000 0.000000
 -0.452500 0.000000 0.000000
 -0.450000 0.000000 0.000000
 -0.447500 0.000000 0.000000
 -0.445000 0.000000 0.000000
 -0.442500 0.000000 0.000000
 -0.440000 0.000000 0.000000
 -0.437500 0.000000 0.000000
 -0.435000 0.000000 0.000000
 -0.432500 0.000000 0.000000
 -0.430000 0.000000 0.000000
 -0.427500 0.000000 0.000000
 -0.425000 0.000000 0.000000
 -0.422500 0.000000 0.000000
 -0.420000 0.000000 0.000000
 -0.417500 0.000000 0.000000
 -0.415000 0.000000 0.000000
 -0.412500 0.000000 0.000000
 -0.410000 0.000000 0.000000
 -0.407500 0.000000 0.000000
 -0.405000 0.000000 0.000000
 -0.402500 0.000000 0.000000
 -0.400000 0.000000 0.000000
 -0.397500 0.000000 0.000000
 -0.395000 0.000000 0.000000
 -0.392500 0.000000 0.000000
 -0.390000 0.000000 0.000000
 -0.387500 0.000000 0.000000
 -0.385000 0.000000 0.000000
 -0.382500 0.000000 0.000000
 -0.380000 0.000000 0.000000
 -0.377500 0.000000 0.000000
 -0.375000 0.000000 0.000000
 -0.372500 0.000000 0.000000
 -0.370000 0.000000 0.000000
 -0.367500 0.000000 0.000000
 -0.365000 0.000000 0.000000
 -0.362500 0.000000 0.000000
 -0.360000 0.000000 0.000000
 -0.357500 0.000000 0.000000
 -0.355000 0.000000 0.000000
 -0.352500 0.000000 0.000000
 -0.350000 0.000000 0.000000
 -0.347500 0.000000 0.000000
 -0.345000 0.000000 0.000000
 -0.342500 0.000000 0.000000
 -0.340000 0.000000 0.000000
 -0.337500 0.000000 0.000000
 -0.335000 0.000000 0.000000
 -0.332500 0.000000 0.000000
 -0.330000 0.000000 0.000000
 -0.327500 0.000000 0.000000
 -0.325000 0.000000 0.000000
 -0.322500 0.000000 0.000000
 -0.320000 0.000000 0.000000
 -0.317500 0.000000 0.000000
 -0.315000 0.000000 0.000000
 -0.312500 0.000000 0.000000
 -0.310000 0.000000 0.000000
 -0.307500 0.000000 0.000000
 -0.305000 0.000000 0.000000
 -0.302500 0.000000 0.000000
 -0.300000 0.000000 0.000000
 -0.297500 0.000000 0.000000
 -0.295000 0.000000 0.000000
 -0.292500 0.000000 0.000000
 -0.290000 0.000000 0.000000
 -0.287500 0.000000 0.000000
 -0.285000 0.000000 0.000000
 -0.282500 0.000000 0.000000
 -0.280000 0.000000 0.000000
 -0.277500 0.000000 0.000000
 -0.275000 0.000000 0.000000
 -0.272500 0.000000 0.000000
 -0.270000 0.000000 0.000000
 -0.267500 0.000000 0.000000
 -0.265000 0.000000 0.000000
 -0.262500 0.000000 0.000000
 -0.260000 0.000000 0.000000
 -0.257500 0.000000 0.000000
 -0.255000 0.000000 0.000000
 -0.252500 0.000000 0.000000
 -0.250000 0.000000 0.000000
 -0.247500 0.000000 0.000000
 -0.245000 0.000000 0.000000
 -0.242500 0.000000 0.000000
 -0.240000 0.000000 0.000000
 -0.237500 0.000000 0.000000
 -0.235000 0.000000 0.000000
 -0.232500 0.000000 0.000000
 -0.230000 0.000000 0.000000
 -0.227500 0.000000 0.000000
 -0.225000 0.000000 0.000000
 -0.222500 0.000000 0.000000
 -0.220000 0.000000 0.000000
 -0.217500 0.000000 0.000000
 -0.215000 0.000000 0.000000
 -0.212500 0.000000 0.000000
 -0.210000 0.000000 0.000000
 -0.207500 0.000000 0.000000
 -0.205000 0.000000 0.000000
 -0.202500 0.000000 0.000000
 -0.200000 0.000000 0.000000
 -0.197500 0.000000 0.000000
 -0.195000 0.000000 0.000000
 -0.192500 0.000000 0.000000
 -0.190000 0.000000 0.000000
 -0.187500 0.000000 0.000000
 -0.185000 0.000000 0.000000
 -0.182500 0.000000 0.000000
 -0.180000 0.000000 0.000000
 -0.177500 0.000000 0.000000
 -0.175000 0.000000 0.000000
 -0.172500 0.000000 0.000000
 -0.170000 0.000000 0.000000
 -0.167500 0.000000 0.000000
 -0.165000 0.000000 0.000000
 -0.162500 0.000000 0.000000
 -0.160000 0.000000 0.000000
 -0.157500 0.000000 0.000000
 -0.155000 0.000000 0.000000
 -0.152500 0.000000 0.000000
 -0.150000 0.000000 0.000000
 -0.147500 0.000000 0.000000
 -0.145000 0.000000 0.000000
 -0.142500 0.000000 0.000000
 -0.140000 0.000000 0.000000
 -0.137500 0.000000 0.000000
 -0.135000 0.000000 0.000000
 -0.132500 0.000000 0.000000
 -0.130000 0.000000 0.000000
 -0.127500 0.000000 0.000000
 -0.125000 0.000000 0.000000
 -0.122500 0.000000 0.000000
 -0.120000 0.000000 0.000000
 -0.117500 0.000000 0.000000
 -0.115000 0.000000 0.000000
 -0.112500 0.000000 0.000000
 -0.110000 0.000000 0.000000
 -0.107500 0.000000 0.000000
 -0.105000 0.000000 0.000000
 -0.102500 0.000000 0.000000
 -0.100000 0.000000 0.000000
 -0.097500 0.000000 0.000000
 -0.095000 0.000000 0.000000
 -0.092500 0.000000 0.000000
 -0.090000 0.000000 0.000000
 -0.087500 0.000000 0.000000
 -0.085000 0.000000 0.000000
 -0.082500 0.000000 0.000000
 -0.080000 0.000000 0.000000
 -0.077500 0.000000 0.000000
 -0.075000 0.000000 0.000000
 -0.072500 0.000000 0.000000
 -0.070000 0.000000 0.000000
 -0.067500 0.000000 0.000000
 -0.065000 0.000000 0.000000
 -0.062500 0.000000 0.000000
 -0.060000 0.000000 0.000000
 -0.057500 0.000000 0.000000
 -0.055000 0.000000 0.000000
 -0.052500 0.000000 0.000000
 -0.050000 0.000000 0.000000
 -0.047500 0.000000 0.000000
 -0.045000 0.000000 0.000000
 -0.042500 0.000000 0.000000
 -0.040000 0.000000 0.000000
 -0.037500 0.000000 0.000000
 -0.035000 0.000000 0.000000
 -0.032500 0.000000 0.000000
 -0.030000 0.000000 0.000000
 -0.027500 0.000000 0.000000
 -0.025000 0.000000 0.000000
 -0.022500 0.000000 0.000000
 -0.020000 0.000000 0.000000
 -0.017500 0.000000 0.000000
 -0.015000 0.000000 0.000000
 -0.012500 0.000000 0.000000
 -0.010000 0.000000 0.000000
 -0.007500 0.000000 0.000000
 -0.005000 0.000000 0.000000
 -0.002500 0.000000 0.000000
 0.000000 0.000000 0.000000
 0.002500 0.000000 0.000000
 0.005000 0.000000 0.000000
 0.007500 0.000000 0.000000
 0.010000 0.000000 0.000000
 0.012500 0.000000 0.000000
 0.015000 0.000000 0.000000
 0.017500 0.000000 0.000000
 0.020000 0.000000 0.000000
 0.022500 0.000000 0.000000
 0.025000 0.000000 0.000000
 0.027500 0.000000 0.000000
 0.030000 0.000000 0.000000
 0.032500 0.000000 0.000000
 0.035000 0.000000 0.000000
 0.037500 0.000000 0.000000
 0.040000 0.000000 0.000000
 0.042500 0.000000 0.000000
 0.045000 0.000000 0.000000
 0.047500 0.000000 0.000000
 0.050000 0.000000 0.000000
 0.052500 0.000000 0.000000
 0.055000 0.000000 0.000000
 0.057500 0.000000 0.000000
 0.060000 0.000000 0.000000
 0.062500 0.000000 0.000000
 0.065000 0.000000 0.000000
 0.067500 0.000000 0.000000
 0.070000 0.000000 0.000000
 0.072500 0.000000 0.000000
 0.075000 0.000000 0.000000
 0.077500 0.000000 0.000000
 0.080000 0.000000 0.000000
 0.082500 0.000000 0.000000
 0.085000 0.000000 0.000000
 0.087500 0.000000 0.000000
 0.090000 0.000000 0.000000
 0.092500 0.000000 0.000000
 0.095000 0.000000 0.000000
 0.097500 0.000000 0.000000
 0.100000 0.000000 0.000000
 0.102500 0.000000 0.000000
 0.105000 0.000000 0.000000
 0.107500 0.000000 0.000000
 0.110000 0.000000 0.000000
 0.112500 0.000000 0.000000
 0.115000 0.000000 0.000000
 0.117500 0.000000 0.000000
 0.120000 0.000000 0.000000
 0.122500 0.000000 0.000000
 0.125000 0.000000 0.000000
 0.127500 0.000000 0.000000
 0.130000 0.000000 0.000000
 0.132500 0.000000 0.000000
 0.135000 0.000000 0.000000
 0.137500 0.000000 0.000000
 0.140000 0.000000 0.000000
 0.142500 0.000000 0.000000
 0.145000 0.000000 0.000000
 0.147500 0.000000 0.000000
 0.150000 0.000000 0.000000
 0.152500 0.000000 0.000000
 0.155000 0.000000 0.000000
 0.157500 0.000000 0.000000
 0.160000 0.000000 0.000000
 0.162500 0.000000 0.000000
 0.165000 0.000000 0.000000
 0.167500 0.000000 0.000000
 0.170000 0.000000 0.000000
 0.172500 0.000000 0.000000
 0.175000 0.000000 0.000000
 0.177500 0.000000 0.000000
 0.180000 0.000000 0.000000
 0.182500 0.000000 0.000000
 0.185000 0.000000 0.000000
 0.187500 0.000000 0.000000
 0.190000 0.000000 0.000000
 0.192500 0.000000 0.000000
 0.195000 0.000000 0.000000
 0.197500 0.000000 0.000000
 0.200000 0.000000 0.000000
 0.202500 0.000000 0.000000
 0.205000 0.000000 0.000000
 0.207500 0.000000 0.000000
 0.210000 0.000000 0.000000
 0.212500 0.000000 0.000000
 0.215000 0.000000 0.000000
 0.217500 0.000000 0.000000
 0.220000 0.000000 0.000000
 0.222500 0.000000 0.000000
 0.225000 0.000000 0.000000
 0.227500 0.000000 0.000000
 0.230000 0.000000 0.000000
 0.232500 0.000000 0.000000
 0.235000 0.000000 0.000000
 0.237500 0.000000 0.000000
 0.240000 0.000000 0.000000
 0.242500 0.000000 0.000000
 0.245000 0.000000 0.000000
 0.247500 0.000000 0.000000
 0.250000 0.000000 0.000000
 0.252500 0.000000 0.000000
 0.255000 0.000000 0.000000
 0.257500 0.000000 0.000000
 0.260000 0.000000 0.000000
 0.262500 0.000000 0.000000
 0.265000 0.000000 0.000000
 0.267500 0.000000 0.000000
 0.270000 0.000000 0.000000
 0.272500 0.000000 0.000000
 0.275000 0.000000 0.000000
 0.277500 0.000000 0.000000
 0.280000 0.000000 0.000000
 0.282500 0.000000 0.000000
 0.285000 0.000000 0.000000
 0.287500 0.000000 0.000000
 0.290000 0.000000 0.000000
 0.292500 0.000000 0.000000
 0.295000 0.000000 0.000000
 0.297500 0.000000 0.000000
 0.300000 0.000000 0.000000
 0.302500 0.000000 0.000000
 0.305000 0.000000 0.000000
 0.307500 0.000000 0.000000
 0.310000 0.000000 0.000000
 0.312500 0.000000 0.000000
 0.315000 0.000000 0.000000
 0.317500 0.000000 0.000000
 0.320000 0.000000 0.000000
 0.322500 0.000000 0.000000
 0.325000 0.000000 0.000000
 0.327500 0.000000 0.000000
 0.330000 0.000000 0.000000
 0.332500 0.000000 0.000000
 0.335000 0.000000 0.000000
 0.337500 0.000000 0.000000
 0.340000 0.000000 0.000000
 0.342500 0.000000 0.000000
 0.345000 0.000000 0.000000
 0.347500 0.000000 0.000000
 0.350000 0.000000 0.000000
 0.352500 0.000000 0.000000
 0.355000 0.000000 0.000000
 0.357500 0.000000 0.000000
 0.360000 0.000000 0.000000
 0.362500 0.000000 0.000000
 0.365000 0.000000 0.000000
 0.367500 0.000000 0.000000
 0.370000 0.000000 0.000000
 0.372500 0.000000 0.000000
 0.375000 0.000000 0.000000
 0.377500 0.000000 0.000000
 0.380000 0.000000 0.000000
 0.382500 0.000000 0.000000
 0.385000 0.000000 0.000000
 0.387500 0.000000 0.000000
 0.390000 0.000000 0.000000
 0.392500 0.000000 0.000000
 0.395000 0.000000 0.000000
 0.397500 0.000000 0.000000
 0.400000 0.000000 0.000000
 0.402500 0.000000 0.000000
 0.405000 0.000000 0.000000
 0.407500 0.000000 0.000000
 0.410000 0.000000 0.000000
 0.412500 0.000000 0.000000
 0.415000 0.000000 0.000026
 0.417500 0.000000 0.000088
 0.420000 0.000001 0.000196
 0.422500 0.000001 0.000408
 0.425000 0.000003 0.000811
 0.427500 0.000006 0.001486
 0.430000 0.000011 0.002543
 0.432500 0.000019 0.004083
 0.435000 0.000031 0.006091
 0.437500 0.000050 0.008465
 0.440000 0.000074 0.010973
 0.442500 0.000104 0.013220
 0.445000 0.000140 0.014818
 0.447500 0.000178 0.015456
 0.450000 0.000216 0.015066
 0.452500 0.000252 0.013884
 0.455000 0.000285 0.012437
 0.457500 0.000315 0.011481
 0.460000 0.000344 0.011761
 0.462500 0.000376 0.013872
 0.465000 0.000415 0.018079
 0.467500 0.000468 0.024295
 0.470000 0.000539 0.032258
 0.472500 0.000630 0.041067
 0.475000 0.000744 0.049976
 0.477500 0.000880 0.058443
 0.480000 0.001037 0.066268
 0.482500 0.001212 0.074042
 0.485000 0.001408 0.082989
 0.487500 0.001630 0.094649
 0.490000 0.001886 0.110328
 0.492500 0.002186 0.130645
 0.495000 0.002543 0.154901
 0.497500 0.002964 0.181082
 0.500000 0.003450 0.206774
 0.502500 0.003996 0.229315
 0.505000 0.004594 0.247438
 0.507500 0.005232 0.262095
 0.510000 0.005907 0.276648
 0.512500 0.006622 0.295830
 0.515000 0.007397 0.325223
 0.517500 0.008264 0.369030
 0.520000 0.009259 0.429144
 0.522500 0.010426 0.504877
 0.525000 0.011799 0.593354
 0.527500 0.013405 0.691263
 0.530000 0.015266 0.796691
 0.532500 0.017401 0.910273
 0.535000 0.019833 1.034308
 0.537500 0.022591 1.171231
 0.540000 0.025708 1.321542
 0.542500 0.029215 1.482433
 0.545000 0.033134 1.649190
 0.547500 0.037470 1.815456
 0.550000 0.042217 1.977149
 0.552500 0.047363 2.134639
 0.555000 0.052902 2.292186
 0.557500 0.058843 2.456965
 0.560000 0.065214 2.636105
 0.562500 0.072057 2.834518
 0.565000 0.079421 3.053192
 0.567500 0.087360 3.292167
 0.570000 0.095921 3.550355
 0.572500 0.105149 3.826908
 0.575000 0.115097 4.125913
 0.577500 0.125829 4.455893
 0.580000 0.137439 4.828755
 0.582500 0.150049 5.258185
 0.585000 0.163816 5.754066
 0.587500 0.178907 6.316871
 0.590000 0.195478 6.933418
 0.592500 0.213633 7.578426
 0.595000 0.233402 8.217897
 0.597500 0.254730 8.820021
 0.600000 0.277495 9.364811
 0.602500 0.301545 9.849769
 0.605000 0.326754 10.294368
 0.607500 0.353061 10.731797
 0.610000 0.380495 11.201721
 0.612500 0.409179 11.736928
 0.615000 0.439308 12.358319
 0.617500 0.471106 13.069493
 0.620000 0.504785 13.860730
 0.622500 0.540526 14.715141
 0.625000 0.578466 15.614275
 0.627500 0.618699 16.547465
 0.630000 0.661303 17.510396
 0.632500 0.706353 18.502458
 0.635000 0.753911 19.519247
 0.637500 0.804035 20.552803
 0.640000 0.856751 21.587635
 0.642500 0.912034 22.600216
 0.645000 0.969803 23.574244
 0.647500 1.029941 24.494071
 0.650000 1.092301 25.347010
 0.652500 1.156704 26.126472
 0.655000 1.222954 26.824720
 0.657500 1.290846 27.441772
 0.660000 1.360196 27.991698
 0.662500 1.430869 28.511363
 0.665000 1.502853 29.049224
 0.667500 1.576270 29.665842
 0.670000 1.651371 30.400377
 0.672500 1.728463 31.261045
 0.675000 1.807842 32.218329
 0.677500 1.889673 33.212336
 0.680000 1.973951 34.170110
 0.682500 2.060521 35.038374
 0.685000 2.149105 35.784578
 0.687500 2.239404 36.412115
 0.690000 2.331138 36.938274
 0.692500 2.424083 37.388056
 0.695000 2.518060 37.762103
 0.697500 2.612839 38.030143
 0.700000 2.708108 38.142080
 0.702500 2.803389 38.034939
 0.705000 2.898071 37.659632
 0.707500 2.991464 37.011924
 0.710000 3.082945 36.143177
 0.712500 3.172073 35.146219
 0.715000 3.258663 34.147465
 0.717500 3.342877 33.267431
 0.720000 3.425134 32.595058
 0.722500 3.506001 32.168009
 0.725000 3.586104 31.979059
 0.727500 3.665963 31.963695
 0.730000 3.745889 32.020435
 0.732500 3.825913 32.024828
 0.735000 3.905744 31.849896
 0.737500 3.984786 31.388195
 0.740000 4.062238 30.579553
 0.742500 4.137234 29.427783
 0.745000 4.208967 28.002896
 0.747500 4.276892 26.407502
 0.750000 4.340739 24.763619
 0.752500 4.400508 23.168529
 0.755000 4.456397 21.666809
 0.757500 4.508645 20.244779
 0.760000 4.557367 18.850519
 0.762500 4.602554 17.403383
 0.765000 4.643969 15.837467
 0.767500 4.681270 14.110952
 0.770000 4.714050 12.234368
 0.772500 4.741997 10.259124
 0.775000 4.764940 8.244926
 0.777500 4.782863 6.267393
 0.780000 4.795907 4.360150
 0.782500 4.804273 2.522968
 0.785000 4.808119 0.739332
 0.787500 4.807523 -1.027198
 0.790000 4.802487 -2.805863
 0.792500 4.792977 -4.606563
 0.795000 4.778945 -6.406039
 0.797500 4.760445 -8.169691
 0.800000 4.737626 -9.860483
 0.802500 4.710701 -11.435158
 0.805000 4.679980 -12.883571
 0.807500 4.645807 -14.205094
 0.810000 4.608467 -15.410534
 0.812500 4.568223 -16.529685
 0.815000 4.525241 -17.612200
 0.817500 4.479541 -18.706450
 0.820000 4.431031 -19.858399
 0.822500 4.379541 -21.093272
 0.825000 4.324875 -22.389863
 0.827500 4.266946 -23.687946
 0.830000 4.205850 -24.911689
 0.832500 4.141846 -25.998779
 0.835000 4.075314 -26.931713
 0.837500 4.006627 -27.744964
 0.840000 3.935981 -28.509643
 0.842500 3.863390 -29.309823
 0.845000 3.788694 -30.199070
 0.847500 3.711672 -31.173610
 0.850000 3.632166 -32.156323
 0.852500 3.550308 -33.044472
 0.855000 3.466482 -33.713840
 0.857500 3.381350 -34.077695
 0.860000 3.295734 -34.107672
 0.862500 3.210419 -33.835117
 0.865000 3.126079 -33.351625
 0.867500 3.043116 -32.756982
 0.870000 2.961674 -32.154606
 0.872500 2.881663 -31.627599
 0.875000 2.802813 -31.234212
 0.877500 2.724742 -31.012656
 0.880000 2.647006 -30.969109
 0.882500 2.569178 -31.091556
 0.885000 2.490878 -31.330013
 0.887500 2.411906 -31.619522
 0.890000 2.332250 -31.866805
 0.892500 2.252132 -31.982627
 0.895000 2.171968 -31.899186
 0.897500 2.092306 -31.585048
 0.900000 2.013717 -31.051594
 0.902500 1.936706 -30.340748
 0.905000 1.861640 -29.505137
 0.907500 1.788760 -28.600301
 0.910000 1.718193 -27.670655
 0.912500 1.649958 -26.747058
 0.915000 1.584000 -25.849331
 0.917500 1.520238 -24.997863
 0.920000 1.458550 -24.201391
 0.922500 1.398791 -23.453648
 0.925000 1.340853 -22.743534
 0.927500 1.284665 -22.052594
 0.930000 1.230208 -21.363325
 0.932500 1.177492 -20.666753
 0.935000 1.126532 -19.967203
 0.937500 1.077319 -19.275675
 0.940000 1.029805 -18.616369
 0.942500 0.983887 -18.009483
 0.945000 0.939406 -17.466928
 0.947500 0.896201 -16.996929
 0.950000 0.854094 -16.587820
 0.952500 0.812957 -16.223198
 0.955000 0.772714 -15.874042
 0.957500 0.733362 -15.505314
 0.960000 0.694987 -15.092015
 0.962500 0.657722 -14.618570
 0.965000 0.621725 -14.084664
 0.967500 0.587128 -13.504230
 0.970000 0.554019 -12.903025
 0.972500 0.522418 -12.307274
 0.975000 0.492279 -11.738284
 0.977500 0.463518 -11.207202
 0.980000 0.436039 -10.714351
 0.982500 0.409758 -10.251490
 0.985000 0.384618 -9.803412
 0.987500 0.360592 -9.355644
 0.990000 0.337698 -8.901580
 0.992500 0.315957 -8.439509
 0.995000 0.295379 -7.971298
 0.997500 0.275969 -7.509282
 1.000000 0.257703 -7.064631
 1.002500 0.240521 -6.642299
 1.005000 0.224367 -6.248062
 1.007500 0.209167 -5.876717
 1.010000 0.194871 -5.525762
 1.012500 0.181439 -5.191065
 1.015000 0.168830 -4.865721
 1.017500 0.157022 -4.553397
 1.020000 0.145976 -4.256210
 1.022500 0.135653 -3.980453
 1.025000 0.125991 -3.728836
 1.027500 0.116928 -3.502349
 1.030000 0.108402 -3.299204
 1.032500 0.100364 -3.114776
 1.035000 0.092772 -2.941835
 1.037500 0.085605 -2.774754
 1.040000 0.078852 -2.611869
 1.042500 0.072503 -2.452645
 1.045000 0.066546 -2.298149
 1.047500 0.060971 -2.151281
 1.050000 0.055755 -2.008841
 1.052500 0.050893 -1.869915
 1.055000 0.046378 -1.731024
 1.057500 0.042214 -1.589961
 1.060000 0.038404 -1.448709
 1.062500 0.034944 -1.311751
 1.065000 0.031814 -1.187513
 1.067500 0.028973 -1.080959
 1.070000 0.026372 -0.995812
 1.072500 0.023959 -0.930082
 1.075000 0.021694 -0.878717
 1.077500 0.019547 -0.833106
 1.080000 0.017515 -0.787402
 1.082500 0.015603 -0.736879
 1.085000 0.013825 -0.680404
 1.087500 0.012194 -0.618756
 1.090000 0.010722 -0.555184
 1.092500 0.009409 -0.492371
 1.095000 0.008249 -0.433223
 1.097500 0.007231 -0.380320
 1.100000 0.006335 -0.335235
 1.102500 0.005543 -0.297559
 1.105000 0.004837 -0.266264
 1.107500 0.004203 -0.239232
 1.110000 0.003634 -0.213927
 1.112500 0.003129 -0.188840
 1.115000 0.002687 -0.163012
 1.117500 0.002310 -0.137505
 1.120000 0.001995 -0.114351
 1.122500 0.001733 -0.095326
 1.125000 0.001512 -0.081809
 1.127500 0.001317 -0.073857
 1.130000 0.001137 -0.070020
 1.132500 0.000964 -0.068166
 1.135000 0.000795 -0.066130
 1.137500 0.000634 -0.062331
 1.140000 0.000485 -0.055954
 1.142500 0.000355 -0.047547
 1.145000 0.000247 -0.037998
 1.147500 0.000164 -0.028513
 1.150000 0.000103 -0.020137
 1.152500 0.000061 -0.013354
 1.155000 0.000035 -0.008288
 1.157500 0.000018 -0.004799
 1.160000 0.000009 -0.002642
 1.162500 0.000004 -0.001322
 1.165000 0.000002 -0.000622
 1.167500 0.000001 -0.000196
 1.170000 0.000000 -0.000062
 1.172500 0.000000 0.000000
 1.175000 0.000000 0.000000
 1.177500 0.000000 0.000000
 1.180000 0.000000 0.000000
 1.182500 0.000000 0.000000
 1.185000 0.000000 0.000000
 1.187500 0.000000 0.000000
 1.190000 0.000000 0.000000
 1.192500 0.000000 0.000000
 1.195000 0.000000 0.000000
 1.197500 0.000000 0.000000
 1.200000 0.000000 0.000000
 1.202500 0.000000 0.000000
 1.205000 0.000000 0.000000
 1.207500 0.000000 0.000000
 1.210000 0.000000 0.000000
 1.212500 0.000000 0.000000
 1.215000 0.000000 0.000000
 1.217500 0.000000 0.000000
 1.220000 0.000000 0.000000
 1.222500 0.000000 0.000000
 1.225000 0.000000 0.000000
 1.227500 0.000000 0.000000
 1.230000 0.000000 0.000000
 1.232500 0.000000 0.000000
 1.235000 0.000000 0.000000
 1.237500 0.000000 0.000000
 1.240000 0.000000 0.000000
 1.242500 0.000000 0.000000
 1.245000 0.000000 0.000000
 1.247500 0.000000 0.000000
 1.250000 0.000000 0.000000
 1.252500 0.000000 0.000000
 1.255000 0.000000 0.000000
 1.257500 0.000000 0.000000
 1.260000 0.000000 0.000000
 1.262500 0.000000 0.000000
 1.265000 0.000000 0.000000
 1.267500 0.000000 0.000000
 1.270000 0.000000 0.000000
 1.272500 0.000000 0.000000
 1.275000 0.000000 0.000000
 1.277500 0.000000 0.000000
 1.280000 0.000000 0.000000
 1.282500 0.000000 0.000000
 1.285000 0.000000 0.000000
 1.287500 0.000000 0.000000
 1.290000 0.000000 0.000000
 1.292500 0.000000 0.000000
 1.295000 0.000000 0.000000
 1.297500 0.000000 0.000000
 1.300000 0.000000 0.000000
 1.302500 0.000000 0.000000
 1.305000 0.000000 0.000000
 1.307500 0.000000 0.000000
 1.310000 0.000000 0.000000
 1.312500 0.000000 0.000000
 1.315000 0.000000 0.000000
 1.317500 0.000000 0.000000
 1.320000 0.000000 0.000000
 1.322500 0.000000 0.000000
 1.325000 0.000000 0.000000
 1.327500 0.000000 0.000000
 1.330000 0.000000 0.000000
 1.332500 0.000000 0.000000
 1.335000 0.000000 0.000000
 1.337500 0.000000 0.000000
 1.340000 0.000000 0.000000
 1.342500 0.000000 0.000000
 1.345000 0.000000 0.000000
 1.347500 0.000000 0.000000
 1.350000 0.000000 0.000000
 1.352500 0.000000 0.000000
 1.355000 0.000000 0.000000
 1.357500 0.000000 0.000000
 1.360000 0.000000 0.000000
 1.362500 0.000000 0.000000
 1.365000 0.000000 0.000000
 1.367500 0.000000 0.000000
 1.370000 0.000000 0.000000
 1.372500 0.000000 0.000000
 1.375000 0.000000 0.000000
 1.377500 0.000000 0.000000
 1.380000 0.000000 0.000000
 1.382500 0.000000 0.000000
 1.385000 0.000000 0.000000
 1.387500 0.000000 0.000000
 1.390000 0.000000 0.000000
 1.392500 0.000000 0.000000
 1.395000 0.000000 0.000000
 1.397500 0.000000 0.000000
 1.400000 0.000000 0.000000
 1.402500 0.000000 0.000000
 1.405000 0.000000 0.000000
 1.407500 0.000000 0.000000
 1.410000 0.000000 0.000000
 1.412500 0.000000 0.000000
 1.415000 0.000000 0.000000
 1.417500 0.000000 0.000000
 1.420000 0.000000 0.000000
 1.422500 0.000000 0.000000
 1.425000 0.000000 0.000000
 1.427500 0.000000 0.000000
 1.430000 0.000000 0.000000
 1.432500 0.000000 0.000000
 1.435000 0.000000 0.000000
 1.437500 0.000000 0.000000
 1.440000 0.000000 0.000000
 1.442500 0.000000 0.000000
 1.445000 0.000000 0.000000
 1.447500 0.000000 0.000000
 1.450000 0.000000 0.000000
 1.452500 0.000000 0.000000
 1.455000 0.000000 0.000000
 1.457500 0.000000 0.000000
 1.460000 0.000000 0.000000
 1.462500 0.000000 0.000000
 1.465000 0.000000 0.000000
 1.467500 0.000000 0.000000
 1.470000 0.000000 0.000000
 1.472500 0.000000 0.000000
 1.475000 0.000000 0.000000
 1.477500 0.000000 0.000000
 1.480000 0.000000 0.000000
 1.482500 0.000000 0.000000
 1.485000 0.000000 0.000000
 1.487500 0.000000 0.000000
 1.490000 0.000000 0.000000
 1.492500 0.000000 0.000000
 1.495000 0.000000 0.000000
 1.497500 0.000000 0.000000
 1.500000 0.000000 0.000000
 1.502500 0.000000 0.000000
 1.505000 0.000000 0.000000
 1.507500 0.000000 0.000000
 1.510000 0.000000 0.000000
 1.512500 0.000000 0.000000
 1.515000 0.000000 0.000000
 1.517500 0.000000 0.000000
 1.520000 0.000000 0.000000
 1.522500 0.000000 0.000000
 1.525000 0.000000 0.000000
 1.527500 0.000000 0.000000
 1.530000 0.000000 0.000000
 1.532500 0.000000 0.000000
 1.535000 0.000000 0.000000
 1.537500 0.000000 0.000000
 1.540000 0.000000 0.000000
 1.542500 0.000000 0.000000
 1.545000 0.000000 0.000000
 1.547500 0.000000 0.000000
 1.550000 0.000000 0.000000
 1.552500 0.000000 0.000000
 1.555000 0.000000 0.000000
 1.557500 0.000000 0.000000
 1.560000 0.000000 0.000000
 1.562500 0.000000 0.000000
 1.565000 0.000000 0.000000
 1.567500 0.000000 0.000000
 1.570000 0.000000 0.000000
 1.572500 0.000000 0.000000
 1.575000 0.000000 0.000000
 1.577500 0.000000 0.000000
 1.580000 0.000000 0.000000
 1.582500 0.000000 0.000000
 1.585000 0.000000 0.000000
 1.587500 0.000000 0.000000
 1.590000 0.000000 0.000000
 1.592500 0.000000 0.000000
 1.595000 0.000000 0.000000
 1.597500 0.000000 0.000000
 1.600000 0.000000 0.000000
 1.602500 0.000000 0.000000
 1.605000 0.000000 0.000000
 1.607500 0.000000 0.000000
 1.610000 0.000000 0.000000
 1.612500 0.000000 0.000000
 1.615000 0.000000 0.000000
 1.617500 0.000000 0.000000
 1.620000 0.000000 0.000000
 1.622500 0.000000 0.000000
 1.625000 0.000000 0.000000
 1.627500 0.000000 0.000000
 1.630000 0.000000 0.000000
 1.632500 0.000000 0.000000
 1.635000 0.000000 0.000000
 1.637500 0.000000 0.000000
 1.640000 0.000000 0.000000
 1.642500 0.000000 0.000000
 1.645000 0.000000 0.000000
 1.647500 0.000000 0.000000
 1.650000 0.000000 0.000000
 1.652500 0.000000 0.000000
 1.655000 0.000000 0.000000
 1.657500 0.000000 0.000000
 1.660000 0.000000 0.000000
 1.662500 0.000000 0.000000
 1.665000 0.000000 0.000000
 1.667500 0.000000 0.000000
 1.670000 0.000000 0.000000
 1.672500 0.000000 0.000000
 1.675000 0.000000 0.000000
 1.677500 0.000000 0.000000
 1.680000 0.000000 0.000000
 1.682500 0.000000 0.000000
 1.685000 0.000000 0.000000
 1.687500 0.000000 0.000000
 1.690000 0.000000 0.000000
 1.692500 0.000000 0.000000
 1.695000 0.000000 0.000000
 1.697500 0.000000 0.000000
 1.700000 0.000000 0.000000
 1.702500 0.000000 0.000000
 1.705000 0.000000 0.000000
 1.707500 0.000000 0.000000
 1.710000 0.000000 0.000000
 1.712500 0.000000 0.000000
 1.715000 0.000000 0.000000
 1.717500 0.000000 0.000000
 1.720000 0.000000 0.000000
 1.722500 0.000000 0.000000
 1.725000 0.000000 0.000000
 1.727500 0.000000 0.000000
 1.730000 0.000000 0.000000
 1.732500 0.000000 0.000000
 1.735000 0.000000 0.000000
 1.737500 0.000000 0.000000
 1.740000 0.000000 0.000000
 1.742500 0.000000 0.000000
 1.745000 0.000000 0.000000
 1.747500 0.000000 0.000000
 1.750000 0.000000 0.000000
 1.752500 0.000000 0.000000
 1.755000 0.000000 0.000000
 1.757500 0.000000 0.000000
 1.760000 0.000000 0.000000
 1.762500 0.000000 0.000000
 1.765000 0.000000 0.000000
 1.767500 0.000000 0.000000
 1.770000 0.000000 0.000000
 1.772500 0.000000 0.000000
 1.775000 0.000000 0.000000
 1.777500 0.000000 0.000000
 1.780000 0.000000 0.000000
 1.782500 0.000000 0.000000
 1.785000 0.000000 0.000000
 1.787500 0.000000 0.000000
 1.790000 0.000000 0.000000
 1.792500 0.000000 0.000000
 1.795000 0.000000 0.000000
 1.797500 0.000000 0.000000
 1.800000 0.000000 0.000000
 1.802500 0.000000 0.000000
 1.805000 0.000000 0.000000
 1.807500 0.000000 0.000000
 1.810000 0.000000 0.000000
 1.812500 0.000000 0.000000
 1.815000 0.000000 0.000000
 1.817500 0.000000 0.000000
 1.820000 0.000000 0.000000
 1.822500 0.000000 0.000000
 1.825000 0.000000 0.000000
 1.827500 0.000000 0.000000
 1.830000 0.000000 0.000000
 1.832500 0.000000 0.000000
 1.835000 0.000000 0.000000
 1.837500 0.000000 0.000000
 1.840000 0.000000 0.000000
 1.842500 0.000000 0.000000
 1.845000 0.000000 0.000000
 1.847500 0.000000 0.000000
 1.850000 0.000000 0.000000
 1.852500 0.000000 0.000000
 1.855000 0.000000 0.000000
 1.857500 0.000000 0.000000
 1.860000 0.000000 0.000000
 1.862500 0.000000 0.000000
 1.865000 0.000000 0.000000
 1.867500 0.000000 0.000000
 1.870000 0.000000 0.000000
 1.872500 0.000000 0.000000
 1.875000 0.000000 0.000000
 1.877500 0.000000 0.000000
 1.880000 0.000000 0.000000
 1.882500 0.000000 0.000000
 1.885000 0.000000 0.000000
 1.887500 0.000000 0.000000
 1.890000 0.000000 0.000000
 1.892500 0.000000 0.000000
 1.895000 0.000000 0.000000
 1.897500 0.000000 0.000000
 1.900000 0.000000 0.000000
 1.902500 0.000000 0.000000
 1.905000 0.000000 0.000000
 1.907500 0.000000 0.000000
 1.910000 0.000000 0.000000
 1.912500 0.000000 0.000000
 1.915000 0.000000 0.000000
 1.917500 0.000000 0.000000
 1.920000 0.000000 0.000000
 1.922500 0.000000 0.000000
 1.925000 0.000000 0.000000
 1.927500 0.000000 0.000000
 1.930000 0.000000 0.000000
 1.932500 0.000000 0.000000
 1.935000 0.000000 0.000000
 1.937500 0.000000 0.000000
 1.940000 0.000000 0.000000
 1.942500 0.000000 0.000000
 1.945000 0.000000 0.000000
 1.947500 0.000000 0.000000
 1.950000 0.000000 0.000000
 1.952500 0.000000 0.000000
 1.955000 0.000000 0.000000
 1.957500 0.000000 0.000000
 1.960000 0.000000 0.000000
 1.962500 0.000000 0.000000
 1.965000 0.000000 0.000000
 1.967500 0.000000 0.000000
 1.970000 0.000000 0.000000
 1.972500 0.000000 0.000000
 1.975000 0.000000 0.000000
 1.977500 0.000000 0.000000
 1.980000 0.000000 0.000000
 1.982500 0.000000 0.000000
 1.985000 0.000000 0.000000
 1.987500 0.000000 0.000000
 1.990000 0.000000 0.000000
 1.992500 0.000000 0.000000
 1.995000 0.000000 0.000000
 1.997500 0.000000 0.000000
 2.000000 0.000000 0.000000
