#! FIELDS es hh dhh_es
#! SET normalisation  2000.000000
#! SET min_es -0.5
#! SET max_es 2
#! SET nbins_es  1000
#! SET periodic_es false
 -0.500000 0.000000 0.000000
 -0.497500 0.000000 0.000000
 -0.495000 0.000000 0.000000
 -0.492500 0.000000 0.000000
 -0.490000 0.000000 0.000000
 -0.487500 0.000000 0.000000
 -0.485000 0.000000 0.000000
 -0.482500 0.000000 0.000000
 -0.480000 0.000000 0.000000
 -0.477500 0.000000 0.000000
 -0.475000 0.000000 0.000000
 -0.472500 0.000000 0.000000
 -0.470000 0.000000 0.000000
 -0.467500 0.000000 0.000000
 -0.465000 0.000000 0.000000
 -0.462500 0.000000 0.000000
 -0.460000 0.000000 0.000000
 -0.457500 0.000000 0.000000
 -0.455000 0.000000 0.000000
 -0.452500 0.000000 0.000000
 -0.450000 0.000000 0.000000
 -0.447500 0.000000 0.000000
 -0.445000 0.000000 0.000000
 -0.442500 0.000000 0.000000
 -0.440000 0.000000 0.000000
 -0.437500 0.000000 0.000000
 -0.435000 0.000000 0.000000
 -0.432500 0.000000 0.000000
 -0.430000 0.000000 0.000000
 -0.427500 0.000000 0.000000
 -0.425000 0.000000 0.000000
 -0.422500 0.000000 0.000000
 -0.420000 0.000000 0.000000
 -0.417500 0.000000 0.000000
 -0.415000 0.000000 0.000000
 -0.412500 0.000000 0.000000
 -0.410000 0.000000 0.000000
 -0.407500 0.000000 0.000000
 -0.405000 0.000000 0.000000
 -0.402500 0.000000 0.000000
 -0.400000 0.000000 0.000000
 -0.397500 0.000000 0.000000
 -0.395000 0.000000 0.000000
 -0.392500 0.000000 0.000000
 -0.390000 0.000000 0.000000
 -0.387500 0.000000 0.000000
 -0.385000 0.000000 0.000000
 -0.382500 0.000000 0.000000
 -0.380000 0.000000 0.000000
 -0.377500 0.000000 0.000000
 -0.375000 0.000000 0.000000
 -0.372500 0.000000 0.000000
 -0.370000 0.000000 0.000000
 -0.367500 0.000000 0.000000
 -0.365000 0.000000 0.000000
 -0.362500 0.000000 0.000000
 -0.360000 0.000000 0.000000
 -0.357500 0.000000 0.000000
 -0.355000 0.000000 0.000000
 -0.352500 0.000000 0.000000
 -0.350000 0.000000 0.000000
 -0.347500 0.000000 0.000000
 -0.345000 0.000000 0.000000
 -0.342500 0.000000 0.000000
 -0.340000 0.000000 0.000000
 -0.337500 0.000000 0.000000
 -0.335000 0.000000 0.000000
 -0.332500 0.000000 0.000000
 -0.330000 0.000000 0.000000
 -0.327500 0.000000 0.000000
 -0.325000 0.000000 0.000000
 -0.322500 0.000000 0.000000
 -0.320000 0.000000 0.000000
 -0.317500 0.000000 0.000000
 -0.315000 0.000000 0.000000
 -0.312500 0.000000 0.000000
 -0.310000 0.000000 0.000000
 -0.307500 0.000000 0.000000
 -0.305000 0.000000 0.000000
 -0.302500 0.000000 0.000000
 -0.300000 0.000000 0.000000
 -0.297500 0.000000 0.000000
 -0.295000 0.000000 0.000000
 -0.292500 0.000000 0.000000
 -0.290000 0.000000 0.000000
 -0.287500 0.000000 0.000000
 -0.285000 0.000000 0.000000
 -0.282500 0.000000 0.000000
 -0.280000 0.000000 0.000000
 -0.277500 0.000000 0.000000
 -0.275000 0.000000 0.000000
 -0.272500 0.000000 0.000000
 -0.270000 0.000000 0.000000
 -0.267500 0.000000 0.000000
 -0.265000 0.000000 0.000000
 -0.262500 0.000000 0.000000
 -0.260000 0.000000 0.000000
 -0.257500 0.000000 0.000000
 -0.255000 0.000000 0.000000
 -0.252500 0.000000 0.000000
 -0.250000 0.000000 0.000000
 -0.247500 0.000000 0.000000
 -0.245000 0.000000 0.000000
 -0.242500 0.000000 0.000000
 -0.240000 0.000000 0.000000
 -0.237500 0.000000 0.000000
 -0.235000 0.000000 0.000000
 -0.232500 0.000000 0.000000
 -0.230000 0.000000 0.000000
 -0.227500 0.000000 0.000000
 -0.225000 0.000000 0.000000
 -0.222500 0.000000 0.000000
 -0.220000 0.000000 0.000000
 -0.217500 0.000000 0.000000
 -0.215000 0.000000 0.000000
 -0.212500 0.000000 0.000000
 -0.210000 0.000000 0.000000
 -0.207500 0.000000 0.000000
 -0.205000 0.000000 0.000000
 -0.202500 0.000000 0.000000
 -0.200000 0.000000 0.000000
 -0.197500 0.000000 0.000000
 -0.195000 0.000000 0.000000
 -0.192500 0.000000 0.000000
 -0.190000 0.000000 0.000000
 -0.187500 0.000000 0.000000
 -0.185000 0.000000 0.000000
 -0.182500 0.000000 0.000000
 -0.180000 0.000000 0.000000
 -0.177500 0.000000 0.000000
 -0.175000 0.000000 0.000000
 -0.172500 0.000000 0.000000
 -0.170000 0.000000 0.000000
 -0.167500 0.000000 0.000000
 -0.165000 0.000000 0.000000
 -0.162500 0.000000 0.000000
 -0.160000 0.000000 0.000000
 -0.157500 0.000000 0.000000
 -0.155000 0.000000 0.000000
 -0.152500 0.000000 0.000000
 -0.150000 0.000000 0.000000
 -0.147500 0.000000 0.000000
 -0.145000 0.000000 0.000000
 -0.142500 0.000000 0.000000
 -0.140000 0.000000 0.000000
 -0.137500 0.000000 0.000000
 -0.135000 0.000000 0.000000
 -0.132500 0.000000 0.000000
 -0.130000 0.000000 0.000000
 -0.127500 0.000000 0.000000
 -0.125000 0.000000 0.000000
 -0.122500 0.000000 0.000000
 -0.120000 0.000000 0.000000
 -0.117500 0.000000 0.000000
 -0.115000 0.000000 0.000000
 -0.112500 0.000000 0.000000
 -0.110000 0.000000 0.000000
 -0.107500 0.000000 0.000000
 -0.105000 0.000000 0.000000
 -0.102500 0.000000 0.000000
 -0.100000 0.000000 0.000000
 -0.097500 0.000000 0.000000
 -0.095000 0.000000 0.000000
 -0.092500 0.000000 0.000000
 -0.090000 0.000000 0.000000
 -0.087500 0.000000 0.000000
 -0.085000 0.000000 0.000000
 -0.082500 0.000000 0.000000
 -0.080000 0.000000 0.000000
 -0.077500 0.000000 0.000000
 -0.075000 0.000000 0.000000
 -0.072500 0.000000 0.000000
 -0.070000 0.000000 0.000000
 -0.067500 0.000000 0.000000
 -0.065000 0.000000 0.000000
 -0.062500 0.000000 0.000000
 -0.060000 0.000000 0.000000
 -0.057500 0.000000 0.000000
 -0.055000 0.000000 0.000000
 -0.052500 0.000000 0.000000
 -0.050000 0.000000 0.000000
 -0.047500 0.000000 0.000000
 -0.045000 0.000000 0.000000
 -0.042500 0.000000 0.000000
 -0.040000 0.000000 0.000000
 -0.037500 0.000000 0.000000
 -0.035000 0.000000 0.000000
 -0.032500 0.000000 0.000000
 -0.030000 0.000000 0.000000
 -0.027500 0.000000 0.000000
 -0.025000 0.000000 0.000000
 -0.022500 0.000000 0.000000
 -0.020000 0.000000 0.000000
 -0.017500 0.000000 0.000000
 -0.015000 0.000000 0.000000
 -0.012500 0.000000 0.000000
 -0.010000 0.000000 0.000000
 -0.007500 0.000000 0.000000
 -0.005000 0.000000 0.000000
 -0.002500 0.000000 0.000000
 0.000000 0.000000 0.000000
 0.002500 0.000000 0.000000
 0.005000 0.000000 0.000000
 0.007500 0.000000 0.000000
 0.010000 0.000000 0.000000
 0.012500 0.000000 0.000000
 0.015000 0.000000 0.000000
 0.017500 0.000000 0.000000
 0.020000 0.000000 0.000000
 0.022500 0.000000 0.000000
 0.025000 0.000000 0.000000
 0.027500 0.000000 0.000000
 0.030000 0.000000 0.000000
 0.032500 0.000000 0.000000
 0.035000 0.000000 0.000000
 0.037500 0.000000 0.000000
 0.040000 0.000000 0.000000
 0.042500 0.000000 0.000000
 0.045000 0.000000 0.000000
 0.047500 0.000000 0.000000
 0.050000 0.000000 0.000000
 0.052500 0.000000 0.000000
 0.055000 0.000000 0.000000
 0.057500 0.000000 0.000000
 0.060000 0.000000 0.000017
 0.062500 0.000000 0.000042
 0.065000 0.000000 0.000095
 0.067500 0.000001 0.000199
 0.070000 0.000001 0.000409
 0.072500 0.000003 0.000760
 0.075000 0.000005 0.001319
 0.077500 0.000010 0.002153
 0.080000 0.000016 0.003308
 0.082500 0.000027 0.004752
 0.085000 0.000040 0.006427
 0.087500 0.000059 0.008209
 0.090000 0.000082 0.010037
 0.092500 0.000109 0.011886
 0.095000 0.000141 0.013843
 0.097500 0.000179 0.016142
 0.100000 0.000223 0.019326
 0.102500 0.000277 0.023644
 0.105000 0.000343 0.029583
 0.107500 0.000427 0.037526
 0.110000 0.000533 0.047520
 0.112500 0.000667 0.059863
 0.115000 0.000835 0.074779
 0.117500 0.001045 0.092728
 0.120000 0.001303 0.113974
 0.122500 0.001619 0.138663
 0.125000 0.002001 0.167147
 0.127500 0.002460 0.199583
 0.130000 0.003005 0.236419
 0.132500 0.003650 0.279042
 0.135000 0.004410 0.329316
 0.137500 0.005309 0.390119
 0.140000 0.006376 0.464425
 0.142500 0.007649 0.555031
 0.145000 0.009172 0.663814
 0.147500 0.010990 0.791692
 0.150000 0.013153 0.938600
 0.152500 0.015707 1.104075
 0.155000 0.018696 1.286784
 0.157500 0.022164 1.485746
 0.160000 0.026149 1.699196
 0.162500 0.030682 1.924556
 0.165000 0.035796 2.161224
 0.167500 0.041516 2.409594
 0.170000 0.047875 2.673189
 0.172500 0.054919 2.958877
 0.175000 0.062717 3.277600
 0.177500 0.071367 3.641442
 0.180000 0.080993 4.059281
 0.182500 0.091739 4.536763
 0.185000 0.103753 5.070791
 0.187500 0.117163 5.649853
 0.190000 0.132059 6.254634
 0.192500 0.148477 6.863517
 0.195000 0.166403 7.457891
 0.197500 0.185787 8.028121
 0.200000 0.206569 8.577540
 0.202500 0.228718 9.124565
 0.205000 0.252260 9.695539
 0.207500 0.277291 10.318977
 0.210000 0.303970 11.014387
 0.212500 0.332481 11.784105
 0.215000 0.363002 12.615174
 0.217500 0.395645 13.477024
 0.220000 0.430452 14.337378
 0.222500 0.467375 15.165266
 0.225000 0.506307 15.944037
 0.227500 0.547131 16.677981
 0.230000 0.589749 17.383165
 0.232500 0.634126 18.088249
 0.235000 0.680293 18.819842
 0.237500 0.728339 19.596015
 0.240000 0.778395 20.422324
 0.242500 0.830569 21.290559
 0.245000 0.884945 22.178177
 0.247500 0.941536 23.054577
 0.250000 1.000258 23.879448
 0.252500 1.060947 24.620019
 0.255000 1.123347 25.245319
 0.257500 1.187146 25.737179
 0.260000 1.252017 26.107402
 0.262500 1.317692 26.386999
 0.265000 1.384001 26.630839
 0.267500 1.450932 26.894063
 0.270000 1.518604 27.227311
 0.272500 1.587213 27.650186
 0.275000 1.656976 28.145126
 0.277500 1.728027 28.668811
 0.280000 1.800357 29.162044
 0.282500 1.873814 29.564807
 0.285000 1.948118 29.837206
 0.287500 2.022907 29.952977
 0.290000 2.097775 29.903358
 0.292500 2.172326 29.702355
 0.295000 2.246199 29.367203
 0.297500 2.319094 28.936600
 0.300000 2.390829 28.446322
 0.302500 2.461307 27.936536
 0.305000 2.530506 27.436688
 0.307500 2.598483 26.953397
 0.310000 2.665256 26.482127
 0.312500 2.730853 26.010157
 0.315000 2.795257 25.530144
 0.317500 2.858457 25.058171
 0.320000 2.920503 24.613142
 0.322500 2.981486 24.219065
 0.325000 3.041554 23.890542
 0.327500 3.100877 23.611494
 0.330000 3.159528 23.353494
 0.332500 3.217486 23.054731
 0.335000 3.274582 22.656783
 0.337500 3.330499 22.115498
 0.340000 3.384847 21.405386
 0.342500 3.437217 20.539222
 0.345000 3.487258 19.548724
 0.347500 3.534705 18.482215
 0.350000 3.579426 17.375884
 0.352500 3.621366 16.265184
 0.355000 3.660525 15.162128
 0.357500 3.696931 14.061191
 0.360000 3.730564 12.946336
 0.362500 3.761373 11.804800
 0.365000 3.789281 10.629474
 0.367500 3.814213 9.425930
 0.370000 3.836118 8.226211
 0.372500 3.855061 7.063570
 0.375000 3.871178 5.970766
 0.377500 3.884660 4.965947
 0.380000 3.895712 4.028389
 0.382500 3.904467 3.120504
 0.385000 3.910933 2.197837
 0.387500 3.915032 1.220712
 0.390000 3.916612 0.193440
 0.392500 3.915575 -0.863032
 0.395000 3.911906 -1.896978
 0.397500 3.905721 -2.863754
 0.400000 3.897238 -3.738057
 0.402500 3.886682 -4.520458
 0.405000 3.874246 -5.242433
 0.407500 3.860016 -5.959851
 0.410000 3.843937 -6.738007
 0.412500 3.825779 -7.623273
 0.415000 3.805238 -8.642808
 0.417500 3.781993 -9.787732
 0.420000 3.755779 -10.996794
 0.422500 3.726559 -12.170557
 0.425000 3.694565 -13.196597
 0.427500 3.660306 -13.966711
 0.430000 3.624513 -14.414615
 0.432500 3.588003 -14.544028
 0.435000 3.551502 -14.418899
 0.437500 3.515517 -14.160906
 0.440000 3.480212 -13.901514
 0.442500 3.445424 -13.753999
 0.445000 3.410772 -13.802777
 0.447500 3.375716 -14.080666
 0.450000 3.339689 -14.572722
 0.452500 3.302211 -15.232357
 0.455000 3.262941 -15.988371
 0.457500 3.221745 -16.765688
 0.460000 3.178659 -17.486839
 0.462500 3.133908 -18.086921
 0.465000 3.087850 -18.529666
 0.467500 3.040909 -18.798958
 0.470000 2.993494 -18.920958
 0.472500 2.945918 -18.939678
 0.475000 2.898350 -18.922706
 0.477500 2.850808 -18.929108
 0.480000 2.803185 -18.995441
 0.482500 2.755314 -19.120865
 0.485000 2.707083 -19.279909
 0.487500 2.658459 -19.425107
 0.490000 2.609547 -19.507570
 0.492500 2.560548 -19.486472
 0.495000 2.511748 -19.346182
 0.497500 2.463454 -19.094701
 0.500000 2.415904 -18.752969
 0.502500 2.369277 -18.368914
 0.505000 2.323601 -18.007442
 0.507500 2.278737 -17.737214
 0.510000 2.234370 -17.621028
 0.512500 2.190057 -17.696321
 0.515000 2.145306 -17.964917
 0.517500 2.099696 -18.379933
 0.520000 2.052960 -18.850386
 0.522500 2.005098 -19.263627
 0.525000 1.956377 -19.517020
 0.527500 1.907302 -19.546154
 0.530000 1.858470 -19.335300
 0.532500 1.810438 -18.916814
 0.535000 1.763633 -18.366811
 0.537500 1.718273 -17.782241
 0.540000 1.674331 -17.241211
 0.542500 1.631635 -16.803839
 0.545000 1.589887 -16.480879
 0.547500 1.548813 -16.264302
 0.550000 1.508193 -16.105463
 0.552500 1.467952 -15.955255
 0.555000 1.428138 -15.756841
 0.557500 1.388929 -15.468938
 0.560000 1.350576 -15.074726
 0.562500 1.313334 -14.584475
 0.565000 1.277410 -14.037580
 0.567500 1.242873 -13.482881
 0.570000 1.209680 -12.975644
 0.572500 1.177663 -12.552307
 0.575000 1.146581 -12.229571
 0.577500 1.116180 -12.008453
 0.580000 1.086221 -11.869447
 0.582500 1.056537 -11.789400
 0.585000 1.027020 -11.729189
 0.587500 0.997675 -11.652583
 0.590000 0.968578 -11.522002
 0.592500 0.939905 -11.315483
 0.595000 0.911852 -11.027905
 0.597500 0.884601 -10.684445
 0.600000 0.858242 -10.322607
 0.602500 0.832771 -9.990587
 0.605000 0.808056 -9.721234
 0.607500 0.783911 -9.532567
 0.610000 0.760141 -9.420746
 0.612500 0.736585 -9.358308
 0.615000 0.713162 -9.311151
 0.617500 0.689880 -9.246007
 0.620000 0.666810 -9.136250
 0.622500 0.644084 -8.968019
 0.625000 0.621856 -8.743434
 0.627500 0.600256 -8.467591
 0.630000 0.579399 -8.154098
 0.632500 0.559363 -7.816116
 0.635000 0.540189 -7.468536
 0.637500 0.521884 -7.126794
 0.640000 0.504412 -6.805506
 0.642500 0.487698 -6.520182
 0.645000 0.471639 -6.287109
 0.647500 0.456091 -6.114666
 0.650000 0.440898 -6.002644
 0.652500 0.425920 -5.939937
 0.655000 0.411062 -5.908043
 0.657500 0.396273 -5.878110
 0.660000 0.381585 -5.826965
 0.662500 0.367075 -5.734456
 0.665000 0.352858 -5.591110
 0.667500 0.339066 -5.403696
 0.670000 0.325790 -5.178366
 0.672500 0.313103 -4.933132
 0.675000 0.301039 -4.685631
 0.677500 0.289589 -4.445982
 0.680000 0.278724 -4.219005
 0.682500 0.268411 -4.003325
 0.685000 0.258628 -3.795426
 0.687500 0.249361 -3.591065
 0.690000 0.240600 -3.390466
 0.692500 0.232331 -3.200298
 0.695000 0.224517 -3.028873
 0.697500 0.217099 -2.889445
 0.700000 0.209981 -2.789338
 0.702500 0.203057 -2.733628
 0.705000 0.196220 -2.721353
 0.707500 0.189371 -2.742878
 0.710000 0.182443 -2.782450
 0.712500 0.175413 -2.819870
 0.715000 0.168314 -2.833603
 0.717500 0.161232 -2.807119
 0.720000 0.154282 -2.728106
 0.722500 0.147595 -2.597316
 0.725000 0.141287 -2.427846
 0.727500 0.135429 -2.242894
 0.730000 0.130029 -2.066164
 0.732500 0.125038 -1.917174
 0.735000 0.120375 -1.806632
 0.737500 0.115942 -1.731885
 0.740000 0.111663 -1.681402
 0.742500 0.107494 -1.641821
 0.745000 0.103422 -1.602325
 0.747500 0.099453 -1.559826
 0.750000 0.095594 -1.516900
 0.752500 0.091837 -1.480097
 0.755000 0.088158 -1.454629
 0.757500 0.084526 -1.442241
 0.760000 0.080915 -1.437716
 0.762500 0.077315 -1.432951
 0.765000 0.073738 -1.419011
 0.767500 0.070213 -1.390221
 0.770000 0.066780 -1.345954
 0.772500 0.063474 -1.288848
 0.775000 0.060320 -1.226119
 0.777500 0.057323 -1.164375
 0.780000 0.054475 -1.108384
 0.782500 0.051756 -1.061148
 0.785000 0.049144 -1.024276
 0.787500 0.046612 -0.996031
 0.790000 0.044142 -0.974920
 0.792500 0.041721 -0.955665
 0.795000 0.039350 -0.934766
 0.797500 0.037040 -0.906997
 0.800000 0.034810 -0.869656
 0.802500 0.032686 -0.822799
 0.805000 0.030691 -0.768159
 0.807500 0.028839 -0.708185
 0.810000 0.027141 -0.646521
 0.812500 0.025595 -0.585622
 0.815000 0.024200 -0.527459
 0.817500 0.022946 -0.472642
 0.820000 0.021825 -0.422312
 0.822500 0.020821 -0.378175
 0.825000 0.019919 -0.343189
 0.827500 0.019090 -0.318354
 0.830000 0.018310 -0.305086
 0.832500 0.017548 -0.302426
 0.835000 0.016784 -0.307595
 0.837500 0.016003 -0.315319
 0.840000 0.015204 -0.321199
 0.842500 0.014396 -0.321469
 0.845000 0.013597 -0.315258
 0.847500 0.012821 -0.302699
 0.850000 0.012082 -0.286316
 0.852500 0.011386 -0.268994
 0.855000 0.010732 -0.253178
 0.857500 0.010115 -0.239569
 0.860000 0.009529 -0.228645
 0.862500 0.008967 -0.219494
 0.865000 0.008427 -0.211598
 0.867500 0.007906 -0.203742
 0.870000 0.007406 -0.194427
 0.872500 0.006933 -0.182670
 0.875000 0.006493 -0.167626
 0.877500 0.006094 -0.150227
 0.880000 0.005739 -0.132204
 0.882500 0.005429 -0.116164
 0.885000 0.005153 -0.104326
 0.887500 0.004900 -0.098787
 0.890000 0.004653 -0.098831
 0.892500 0.004400 -0.103269
 0.895000 0.004133 -0.109862
 0.897500 0.003849 -0.116221
 0.900000 0.003552 -0.120753
 0.902500 0.003247 -0.122439
 0.905000 0.002941 -0.121350
 0.907500 0.002641 -0.117335
 0.910000 0.002355 -0.110973
 0.912500 0.002086 -0.102604
 0.915000 0.001841 -0.092906
 0.917500 0.001622 -0.082301
 0.920000 0.001429 -0.071701
 0.922500 0.001262 -0.061583
 0.925000 0.001120 -0.052517
 0.927500 0.000998 -0.044772
 0.930000 0.000893 -0.038441
 0.932500 0.000803 -0.033677
 0.935000 0.000724 -0.030000
 0.937500 0.000652 -0.026918
 0.940000 0.000588 -0.024177
 0.942500 0.000531 -0.021457
 0.945000 0.000480 -0.018899
 0.947500 0.000436 -0.016610
 0.950000 0.000396 -0.014911
 0.952500 0.000360 -0.014167
 0.955000 0.000324 -0.014330
 0.957500 0.000288 -0.015126
 0.960000 0.000249 -0.016026
 0.962500 0.000208 -0.016516
 0.965000 0.000166 -0.016195
 0.967500 0.000127 -0.014860
 0.970000 0.000093 -0.012752
 0.972500 0.000064 -0.010206
 0.975000 0.000042 -0.007589
 0.977500 0.000026 -0.005232
 0.980000 0.000015 -0.003397
 0.982500 0.000008 -0.002055
 0.985000 0.000004 -0.001160
 0.987500 0.000002 -0.000597
 0.990000 0.000001 -0.000296
 0.992500 0.000000 -0.000137
 0.995000 0.000000 -0.000036
 0.997500 0.000000 0.000000
 1.000000 0.000000 0.000000
 1.002500 0.000000 0.000000
 1.005000 0.000000 0.000000
 1.007500 0.000000 0.000000
 1.010000 0.000000 0.000000
 1.012500 0.000000 0.000000
 1.015000 0.000000 0.000000
 1.017500 0.000000 0.000000
 1.020000 0.000000 0.000000
 1.022500 0.000000 0.000000
 1.025000 0.000000 0.000000
 1.027500 0.000000 0.000000
 1.030000 0.000000 0.000000
 1.032500 0.000000 0.000000
 1.035000 0.000000 0.000000
 1.037500 0.000000 0.000000
 1.040000 0.000000 0.000000
 1.042500 0.000000 0.000000
 1.045000 0.000000 0.000000
 1.047500 0.000000 0.000000
 1.050000 0.000000 0.000000
 1.052500 0.000000 0.000000
 1.055000 0.000000 0.000000
 1.057500 0.000000 0.000000
 1.060000 0.000000 0.000000
 1.062500 0.000000 0.000000
 1.065000 0.000000 0.000000
 1.067500 0.000000 0.000000
 1.070000 0.000000 0.000000
 1.072500 0.000000 0.000000
 1.075000 0.000000 0.000000
 1.077500 0.000000 0.000000
 1.080000 0.000000 0.000000
 1.082500 0.000000 0.000000
 1.085000 0.000000 0.000000
 1.087500 0.000000 0.000000
 1.090000 0.000000 0.000000
 1.092500 0.000000 0.000000
 1.095000 0.000000 0.000000
 1.097500 0.000000 0.000000
 1.100000 0.000000 0.000000
 1.102500 0.000000 0.000000
 1.105000 0.000000 0.000000
 1.107500 0.000000 0.000000
 1.110000 0.000000 0.000000
 1.112500 0.000000 0.000000
 1.115000 0.000000 0.000000
 1.117500 0.000000 0.000000
 1.120000 0.000000 0.000000
 1.122500 0.000000 0.000000
 1.125000 0.000000 0.000000
 1.127500 0.000000 0.000000
 1.130000 0.000000 0.000000
 1.132500 0.000000 0.000000
 1.135000 0.000000 0.000000
 1.137500 0.000000 0.000000
 1.140000 0.000000 0.000000
 1.142500 0.000000 0.000000
 1.145000 0.000000 0.000000
 1.147500 0.000000 0.000000
 1.150000 0.000000 0.000000
 1.152500 0.000000 0.000000
 1.155000 0.000000 0.000000
 1.157500 0.000000 0.000000
 1.160000 0.000000 0.000000
 1.162500 0.000000 0.000000
 1.165000 0.000000 0.000000
 1.167500 0.000000 0.000000
 1.170000 0.000000 0.000000
 1.172500 0.000000 0.000000
 1.175000 0.000000 0.000000
 1.177500 0.000000 0.000000
 1.180000 0.000000 0.000000
 1.182500 0.000000 0.000000
 1.185000 0.000000 0.000000
 1.187500 0.000000 0.000000
 1.190000 0.000000 0.000000
 1.192500 0.000000 0.000000
 1.195000 0.000000 0.000000
 1.197500 0.000000 0.000000
 1.200000 0.000000 0.000000
 1.202500 0.000000 0.000000
 1.205000 0.000000 0.000000
 1.207500 0.000000 0.000000
 1.210000 0.000000 0.000000
 1.212500 0.000000 0.000000
 1.215000 0.000000 0.000000
 1.217500 0.000000 0.000000
 1.220000 0.000000 0.000000
 1.222500 0.000000 0.000000
 1.225000 0.000000 0.000000
 1.227500 0.000000 0.000000
 1.230000 0.000000 0.000000
 1.232500 0.000000 0.000000
 1.235000 0.000000 0.000000
 1.237500 0.000000 0.000000
 1.240000 0.000000 0.000000
 1.242500 0.000000 0.000000
 1.245000 0.000000 0.000000
 1.247500 0.000000 0.000000
 1.250000 0.000000 0.000000
 1.252500 0.000000 0.000000
 1.255000 0.000000 0.000000
 1.257500 0.000000 0.000000
 1.260000 0.000000 0.000000
 1.262500 0.000000 0.000000
 1.265000 0.000000 0.000000
 1.267500 0.000000 0.000000
 1.270000 0.000000 0.000000
 1.272500 0.000000 0.000000
 1.275000 0.000000 0.000000
 1.277500 0.000000 0.000000
 1.280000 0.000000 0.000000
 1.282500 0.000000 0.000000
 1.285000 0.000000 0.000000
 1.287500 0.000000 0.000000
 1.290000 0.000000 0.000000
 1.292500 0.000000 0.000000
 1.295000 0.000000 0.000000
 1.297500 0.000000 0.000000
 1.300000 0.000000 0.000000
 1.302500 0.000000 0.000000
 1.305000 0.000000 0.000000
 1.307500 0.000000 0.000000
 1.310000 0.000000 0.000000
 1.312500 0.000000 0.000000
 1.315000 0.000000 0.000000
 1.317500 0.000000 0.000000
 1.320000 0.000000 0.000000
 1.322500 0.000000 0.000000
 1.325000 0.000000 0.000000
 1.327500 0.000000 0.000000
 1.330000 0.000000 0.000000
 1.332500 0.000000 0.000000
 1.335000 0.000000 0.000000
 1.337500 0.000000 0.000000
 1.340000 0.000000 0.000000
 1.342500 0.000000 0.000000
 1.345000 0.000000 0.000000
 1.347500 0.000000 0.000000
 1.350000 0.000000 0.000000
 1.352500 0.000000 0.000000
 1.355000 0.000000 0.000000
 1.357500 0.000000 0.000000
 1.360000 0.000000 0.000000
 1.362500 0.000000 0.000000
 1.365000 0.000000 0.000000
 1.367500 0.000000 0.000000
 1.370000 0.000000 0.000000
 1.372500 0.000000 0.000000
 1.375000 0.000000 0.000000
 1.377500 0.000000 0.000000
 1.380000 0.000000 0.000000
 1.382500 0.000000 0.000000
 1.385000 0.000000 0.000000
 1.387500 0.000000 0.000000
 1.390000 0.000000 0.000000
 1.392500 0.000000 0.000000
 1.395000 0.000000 0.000000
 1.397500 0.000000 0.000000
 1.400000 0.000000 0.000000
 1.402500 0.000000 0.000000
 1.405000 0.000000 0.000000
 1.407500 0.000000 0.000000
 1.410000 0.000000 0.000000
 1.412500 0.000000 0.000000
 1.415000 0.000000 0.000000
 1.417500 0.000000 0.000000
 1.420000 0.000000 0.000000
 1.422500 0.000000 0.000000
 1.425000 0.000000 0.000000
 1.427500 0.000000 0.000000
 1.430000 0.000000 0.000000
 1.432500 0.000000 0.000000
 1.435000 0.000000 0.000000
 1.437500 0.000000 0.000000
 1.440000 0.000000 0.000000
 1.442500 0.000000 0.000000
 1.445000 0.000000 0.000000
 1.447500 0.000000 0.000000
 1.450000 0.000000 0.000000
 1.452500 0.000000 0.000000
 1.455000 0.000000 0.000000
 1.457500 0.000000 0.000000
 1.460000 0.000000 0.000000
 1.462500 0.000000 0.000000
 1.465000 0.000000 0.000000
 1.467500 0.000000 0.000000
 1.470000 0.000000 0.000000
 1.472500 0.000000 0.000000
 1.475000 0.000000 0.000000
 1.477500 0.000000 0.000000
 1.480000 0.000000 0.000000
 1.482500 0.000000 0.000000
 1.485000 0.000000 0.000000
 1.487500 0.000000 0.000000
 1.490000 0.000000 0.000000
 1.492500 0.000000 0.000000
 1.495000 0.000000 0.000000
 1.497500 0.000000 0.000000
 1.500000 0.000000 0.000000
 1.502500 0.000000 0.000000
 1.505000 0.000000 0.000000
 1.507500 0.000000 0.000000
 1.510000 0.000000 0.000000
 1.512500 0.000000 0.000000
 1.515000 0.000000 0.000000
 1.517500 0.000000 0.000000
 1.520000 0.000000 0.000000
 1.522500 0.000000 0.000000
 1.525000 0.000000 0.000000
 1.527500 0.000000 0.000000
 1.530000 0.000000 0.000000
 1.532500 0.000000 0.000000
 1.535000 0.000000 0.000000
 1.537500 0.000000 0.000000
 1.540000 0.000000 0.000000
 1.542500 0.000000 0.000000
 1.545000 0.000000 0.000000
 1.547500 0.000000 0.000000
 1.550000 0.000000 0.000000
 1.552500 0.000000 0.000000
 1.555000 0.000000 0.000000
 1.557500 0.000000 0.000000
 1.560000 0.000000 0.000000
 1.562500 0.000000 0.000000
 1.565000 0.000000 0.000000
 1.567500 0.000000 0.000000
 1.570000 0.000000 0.000000
 1.572500 0.000000 0.000000
 1.575000 0.000000 0.000000
 1.577500 0.000000 0.000000
 1.580000 0.000000 0.000000
 1.582500 0.000000 0.000000
 1.585000 0.000000 0.000000
 1.587500 0.000000 0.000000
 1.590000 0.000000 0.000000
 1.592500 0.000000 0.000000
 1.595000 0.000000 0.000000
 1.597500 0.000000 0.000000
 1.600000 0.000000 0.000000
 1.602500 0.000000 0.000000
 1.605000 0.000000 0.000000
 1.607500 0.000000 0.000000
 1.610000 0.000000 0.000000
 1.612500 0.000000 0.000000
 1.615000 0.000000 0.000000
 1.617500 0.000000 0.000000
 1.620000 0.000000 0.000000
 1.622500 0.000000 0.000000
 1.625000 0.000000 0.000000
 1.627500 0.000000 0.000000
 1.630000 0.000000 0.000000
 1.632500 0.000000 0.000000
 1.635000 0.000000 0.000000
 1.637500 0.000000 0.000000
 1.640000 0.000000 0.000000
 1.642500 0.000000 0.000000
 1.645000 0.000000 0.000000
 1.647500 0.000000 0.000000
 1.650000 0.000000 0.000000
 1.652500 0.000000 0.000000
 1.655000 0.000000 0.000000
 1.657500 0.000000 0.000000
 1.660000 0.000000 0.000000
 1.662500 0.000000 0.000000
 1.665000 0.000000 0.000000
 1.667500 0.000000 0.000000
 1.670000 0.000000 0.000000
 1.672500 0.000000 0.000000
 1.675000 0.000000 0.000000
 1.677500 0.000000 0.000000
 1.680000 0.000000 0.000000
 1.682500 0.000000 0.000000
 1.685000 0.000000 0.000000
 1.687500 0.000000 0.000000
 1.690000 0.000000 0.000000
 1.692500 0.000000 0.000000
 1.695000 0.000000 0.000000
 1.697500 0.000000 0.000000
 1.700000 0.000000 0.000000
 1.702500 0.000000 0.000000
 1.705000 0.000000 0.000000
 1.707500 0.000000 0.000000
 1.710000 0.000000 0.000000
 1.712500 0.000000 0.000000
 1.715000 0.000000 0.000000
 1.717500 0.000000 0.000000
 1.720000 0.000000 0.000000
 1.722500 0.000000 0.000000
 1.725000 0.000000 0.000000
 1.727500 0.000000 0.000000
 1.730000 0.000000 0.000000
 1.732500 0.000000 0.000000
 1.735000 0.000000 0.000000
 1.737500 0.000000 0.000000
 1.740000 0.000000 0.000000
 1.742500 0.000000 0.000000
 1.745000 0.000000 0.000000
 1.747500 0.000000 0.000000
 1.750000 0.000000 0.000000
 1.752500 0.000000 0.000000
 1.755000 0.000000 0.000000
 1.757500 0.000000 0.000000
 1.760000 0.000000 0.000000
 1.762500 0.000000 0.000000
 1.765000 0.000000 0.000000
 1.767500 0.000000 0.000000
 1.770000 0.000000 0.000000
 1.772500 0.000000 0.000000
 1.775000 0.000000 0.000000
 1.777500 0.000000 0.000000
 1.780000 0.000000 0.000000
 1.782500 0.000000 0.000000
 1.785000 0.000000 0.000000
 1.787500 0.000000 0.000000
 1.790000 0.000000 0.000000
 1.792500 0.000000 0.000000
 1.795000 0.000000 0.000000
 1.797500 0.000000 0.000000
 1.800000 0.000000 0.000000
 1.802500 0.000000 0.000000
 1.805000 0.000000 0.000000
 1.807500 0.000000 0.000000
 1.810000 0.000000 0.000000
 1.812500 0.000000 0.000000
 1.815000 0.000000 0.000000
 1.817500 0.000000 0.000000
 1.820000 0.000000 0.000000
 1.822500 0.000000 0.000000
 1.825000 0.000000 0.000000
 1.827500 0.000000 0.000000
 1.830000 0.000000 0.000000
 1.832500 0.000000 0.000000
 1.835000 0.000000 0.000000
 1.837500 0.000000 0.000000
 1.840000 0.000000 0.000000
 1.842500 0.000000 0.000000
 1.845000 0.000000 0.000000
 1.847500 0.000000 0.000000
 1.850000 0.000000 0.000000
 1.852500 0.000000 0.000000
 1.855000 0.000000 0.000000
 1.857500 0.000000 0.000000
 1.860000 0.000000 0.000000
 1.862500 0.000000 0.000000
 1.865000 0.000000 0.000000
 1.867500 0.000000 0.000000
 1.870000 0.000000 0.000000
 1.872500 0.000000 0.000000
 1.875000 0.000000 0.000000
 1.877500 0.000000 0.000000
 1.880000 0.000000 0.000000
 1.882500 0.000000 0.000000
 1.885000 0.000000 0.000000
 1.887500 0.000000 0.000000
 1.890000 0.000000 0.000000
 1.892500 0.000000 0.000000
 1.895000 0.000000 0.000000
 1.897500 0.000000 0.000000
 1.900000 0.000000 0.000000
 1.902500 0.000000 0.000000
 1.905000 0.000000 0.000000
 1.907500 0.000000 0.000000
 1.910000 0.000000 0.000000
 1.912500 0.000000 0.000000
 1.915000 0.000000 0.000000
 1.917500 0.000000 0.000000
 1.920000 0.000000 0.000000
 1.922500 0.000000 0.000000
 1.925000 0.000000 0.000000
 1.927500 0.000000 0.000000
 1.930000 0.000000 0.000000
 1.932500 0.000000 0.000000
 1.935000 0.000000 0.000000
 1.937500 0.000000 0.000000
 1.940000 0.000000 0.000000
 1.942500 0.000000 0.000000
 1.945000 0.000000 0.000000
 1.947500 0.000000 0.000000
 1.950000 0.000000 0.000000
 1.952500 0.000000 0.000000
 1.955000 0.000000 0.000000
 1.957500 0.000000 0.000000
 1.960000 0.000000 0.000000
 1.962500 0.000000 0.000000
 1.965000 0.000000 0.000000
 1.967500 0.000000 0.000000
 1.970000 0.000000 0.000000
 1.972500 0.000000 0.000000
 1.975000 0.000000 0.000000
 1.977500 0.000000 0.000000
 1.980000 0.000000 0.000000
 1.982500 0.000000 0.000000
 1.985000 0.000000 0.000000
 1.987500 0.000000 0.000000
 1.990000 0.000000 0.000000
 1.992500 0.000000 0.000000
 1.995000 0.000000 0.000000
 1.997500 0.000000 0.000000
 2.000000 0.000000 0.000000
