#! FIELDS es hh dhh_es
#! SET normalisation  2000.000000
#! SET min_es -0.5
#! SET max_es 2
#! SET nbins_es  1000
#! SET periodic_es false
 -0.500000 0.000000 0.000000
 -0.497500 0.000000 0.000000
 -0.495000 0.000000 0.000000
 -0.492500 0.000000 0.000000
 -0.490000 0.000000 0.000000
 -0.487500 0.000000 0.000000
 -0.485000 0.000000 0.000000
 -0.482500 0.000000 0.000000
 -0.480000 0.000000 0.000000
 -0.477500 0.000000 0.000000
 -0.475000 0.000000 0.000000
 -0.472500 0.000000 0.000000
 -0.470000 0.000000 0.000000
 -0.467500 0.000000 0.000000
 -0.465000 0.000000 0.000000
 -0.462500 0.000000 0.000000
 -0.460000 0.000000 0.000000
 -0.457500 0.000000 0.000000
 -0.455000 0.000000 0.000000
 -0.452500 0.000000 0.000000
 -0.450000 0.000000 0.000000
 -0.447500 0.000000 0.000000
 -0.445000 0.000000 0.000000
 -0.442500 0.000000 0.000000
 -0.440000 0.000000 0.000000
 -0.437500 0.000000 0.000000
 -0.435000 0.000000 0.000000
 -0.432500 0.000000 0.000000
 -0.430000 0.000000 0.000000
 -0.427500 0.000000 0.000000
 -0.425000 0.000000 0.000000
 -0.422500 0.000000 0.000000
 -0.420000 0.000000 0.000000
 -0.417500 0.000000 0.000000
 -0.415000 0.000000 0.000000
 -0.412500 0.000000 0.000000
 -0.410000 0.000000 0.000000
 -0.407500 0.000000 0.000000
 -0.405000 0.000000 0.000000
 -0.402500 0.000000 0.000000
 -0.400000 0.000000 0.000000
 -0.397500 0.000000 0.000000
 -0.395000 0.000000 0.000000
 -0.392500 0.000000 0.000000
 -0.390000 0.000000 0.000000
 -0.387500 0.000000 0.000000
 -0.385000 0.000000 0.000000
 -0.382500 0.000000 0.000000
 -0.380000 0.000000 0.000000
 -0.377500 0.000000 0.000000
 -0.375000 0.000000 0.000000
 -0.372500 0.000000 0.000000
 -0.370000 0.000000 0.000000
 -0.367500 0.000000 0.000000
 -0.365000 0.000000 0.000000
 -0.362500 0.000000 0.000000
 -0.360000 0.000000 0.000000
 -0.357500 0.000000 0.000000
 -0.355000 0.000000 0.000000
 -0.352500 0.000000 0.000000
 -0.350000 0.000000 0.000000
 -0.347500 0.000000 0.000000
 -0.345000 0.000000 0.000000
 -0.342500 0.000000 0.000000
 -0.340000 0.000000 0.000000
 -0.337500 0.000000 0.000000
 -0.335000 0.000000 0.000000
 -0.332500 0.000000 0.000000
 -0.330000 0.000000 0.000000
 -0.327500 0.000000 0.000000
 -0.325000 0.000000 0.000000
 -0.322500 0.000000 0.000000
 -0.320000 0.000000 0.000000
 -0.317500 0.000000 0.000000
 -0.315000 0.000000 0.000000
 -0.312500 0.000000 0.000000
 -0.310000 0.000000 0.000000
 -0.307500 0.000000 0.000000
 -0.305000 0.000000 0.000000
 -0.302500 0.000000 0.000000
 -0.300000 0.000000 0.000000
 -0.297500 0.000000 0.000000
 -0.295000 0.000000 0.000000
 -0.292500 0.000000 0.000000
 -0.290000 0.000000 0.000000
 -0.287500 0.000000 0.000000
 -0.285000 0.000000 0.000000
 -0.282500 0.000000 0.000000
 -0.280000 0.000000 0.000000
 -0.277500 0.000000 0.000000
 -0.275000 0.000000 0.000000
 -0.272500 0.000000 0.000000
 -0.270000 0.000000 0.000000
 -0.267500 0.000000 0.000000
 -0.265000 0.000000 0.000000
 -0.262500 0.000000 0.000000
 -0.260000 0.000000 0.000000
 -0.257500 0.000000 0.000000
 -0.255000 0.000000 0.000000
 -0.252500 0.000000 0.000000
 -0.250000 0.000000 0.000000
 -0.247500 0.000000 0.000000
 -0.245000 0.000000 0.000000
 -0.242500 0.000000 0.000000
 -0.240000 0.000000 0.000000
 -0.237500 0.000000 0.000000
 -0.235000 0.000000 0.000000
 -0.232500 0.000000 0.000000
 -0.230000 0.000000 0.000000
 -0.227500 0.000000 0.000000
 -0.225000 0.000000 0.000000
 -0.222500 0.000000 0.000000
 -0.220000 0.000000 0.000000
 -0.217500 0.000000 0.000000
 -0.215000 0.000000 0.000000
 -0.212500 0.000000 0.000000
 -0.210000 0.000000 0.000000
 -0.207500 0.000000 0.000000
 -0.205000 0.000000 0.000000
 -0.202500 0.000000 0.000000
 -0.200000 0.000000 0.000000
 -0.197500 0.000000 0.000000
 -0.195000 0.000000 0.000000
 -0.192500 0.000000 0.000000
 -0.190000 0.000000 0.000000
 -0.187500 0.000000 0.000000
 -0.185000 0.000000 0.000000
 -0.182500 0.000000 0.000000
 -0.180000 0.000000 0.000000
 -0.177500 0.000000 0.000000
 -0.175000 0.000000 0.000000
 -0.172500 0.000000 0.000000
 -0.170000 0.000000 0.000000
 -0.167500 0.000000 0.000000
 -0.165000 0.000000 0.000000
 -0.162500 0.000000 0.000000
 -0.160000 0.000000 0.000000
 -0.157500 0.000000 0.000000
 -0.155000 0.000000 0.000000
 -0.152500 0.000000 0.000000
 -0.150000 0.000000 0.000000
 -0.147500 0.000000 0.000000
 -0.145000 0.000000 0.000000
 -0.142500 0.000000 0.000000
 -0.140000 0.000000 0.000000
 -0.137500 0.000000 0.000000
 -0.135000 0.000000 0.000000
 -0.132500 0.000000 0.000000
 -0.130000 0.000000 0.000000
 -0.127500 0.000000 0.000000
 -0.125000 0.000000 0.000000
 -0.122500 0.000000 0.000000
 -0.120000 0.000000 0.000000
 -0.117500 0.000000 0.000000
 -0.115000 0.000000 0.000000
 -0.112500 0.000000 0.000000
 -0.110000 0.000000 0.000000
 -0.107500 0.000000 0.000000
 -0.105000 0.000000 0.000000
 -0.102500 0.000000 0.000000
 -0.100000 0.000000 0.000000
 -0.097500 0.000000 0.000000
 -0.095000 0.000000 0.000000
 -0.092500 0.000000 0.000000
 -0.090000 0.000000 0.000000
 -0.087500 0.000000 0.000000
 -0.085000 0.000000 0.000000
 -0.082500 0.000000 0.000000
 -0.080000 0.000000 0.000000
 -0.077500 0.000000 0.000000
 -0.075000 0.000000 0.000000
 -0.072500 0.000000 0.000000
 -0.070000 0.000000 0.000000
 -0.067500 0.000000 0.000000
 -0.065000 0.000000 0.000000
 -0.062500 0.000000 0.000000
 -0.060000 0.000000 0.000000
 -0.057500 0.000000 0.000000
 -0.055000 0.000000 0.000000
 -0.052500 0.000000 0.000000
 -0.050000 0.000000 0.000000
 -0.047500 0.000000 0.000000
 -0.045000 0.000000 0.000000
 -0.042500 0.000000 0.000000
 -0.040000 0.000000 0.000000
 -0.037500 0.000000 0.000000
 -0.035000 0.000000 0.000000
 -0.032500 0.000237 0.094345
 -0.030000 0.002180 0.830982
 -0.027500 0.006592 2.380967
 -0.025000 0.016645 5.646125
 -0.022500 0.038448 12.161725
 -0.020000 0.082930 24.304639
 -0.017500 0.168104 45.350789
 -0.015000 0.320973 79.137308
 -0.012500 0.577997 129.181977
 -0.010000 0.982520 197.178718
 -0.007500 1.577894 281.150796
 -0.005000 2.396319 373.965852
 -0.002500 3.445225 463.058424
 0.000000 4.695410 532.138783
 0.002500 6.075945 564.871329
 0.005000 7.479957 549.623496
 0.007500 8.781806 483.547996
 0.010000 9.861834 374.279690
 0.012500 10.631205 238.310266
 0.015000 11.048971 96.562322
 0.017500 11.126215 -31.171728
 0.020000 10.917056 -130.861270
 0.022500 10.500852 -196.474619
 0.025000 9.962298 -229.500220
 0.027500 9.375370 -236.534112
 0.030000 8.794359 -226.227513
 0.032500 8.252131 -206.723435
 0.035000 7.763496 -184.179145
 0.037500 7.330827 -162.391425
 0.040000 6.949647 -143.150797
 0.042500 6.612819 -126.911253
 0.045000 6.312529 -113.239882
 0.047500 6.042354 -101.590235
 0.050000 5.798960 -92.154307
 0.052500 5.577556 -84.195757
 0.055000 5.374862 -77.292769
 0.057500 5.188516 -71.192892
 0.060000 5.016678 -65.721098
 0.062500 4.857916 -60.790875
 0.065000 4.710919 -56.353477
 0.067500 4.574468 -52.382324
 0.070000 4.447402 -48.871988
 0.072500 4.328602 -45.781124
 0.075000 4.217099 -43.053032
 0.077500 4.112067 -40.605729
 0.080000 4.012901 -38.371891
 0.082500 3.919128 -36.303486
 0.085000 3.830363 -34.395434
 0.087500 3.746158 -32.667712
 0.090000 3.666005 -31.173663
 0.092500 3.589278 -29.944002
 0.095000 3.515299 -28.988581
 0.097500 3.443406 -28.270488
 0.100000 3.373106 -27.718287
 0.102500 3.304085 -27.241453
 0.105000 3.236257 -26.751986
 0.107500 3.169740 -26.195871
 0.110000 3.104736 -25.541534
 0.112500 3.041498 -24.787921
 0.115000 2.980276 -23.952151
 0.117500 2.921225 -23.056861
 0.120000 2.864446 -22.144273
 0.122500 2.809915 -21.271806
 0.125000 2.757466 -20.501577
 0.127500 2.706763 -19.893303
 0.130000 2.657327 -19.490661
 0.132500 2.608627 -19.305399
 0.135000 2.560144 -19.312905
 0.137500 2.511471 -19.453064
 0.140000 2.462369 -19.634772
 0.142500 2.412860 -19.780606
 0.145000 2.363121 -19.804339
 0.147500 2.313535 -19.662247
 0.150000 2.264547 -19.327858
 0.152500 2.216622 -18.810808
 0.155000 2.170181 -18.157540
 0.157500 2.125493 -17.425508
 0.160000 2.082657 -16.693260
 0.162500 2.041567 -16.040108
 0.165000 2.001944 -15.528805
 0.167500 1.963397 -15.195407
 0.170000 1.925463 -15.026710
 0.172500 1.887781 -14.984306
 0.175000 1.850114 -15.010486
 0.177500 1.812363 -15.043118
 0.180000 1.774569 -15.046557
 0.182500 1.736821 -15.011128
 0.185000 1.699198 -14.952269
 0.187500 1.661729 -14.892222
 0.190000 1.624404 -14.847742
 0.192500 1.587170 -14.809032
 0.195000 1.550046 -14.761177
 0.197500 1.513093 -14.672345
 0.200000 1.476441 -14.526465
 0.202500 1.440227 -14.318754
 0.205000 1.404586 -14.071105
 0.207500 1.369578 -13.825854
 0.210000 1.335133 -13.624192
 0.212500 1.301091 -13.510148
 0.215000 1.267197 -13.513217
 0.217500 1.233140 -13.638051
 0.220000 1.198635 -13.878996
 0.222500 1.163410 -14.209187
 0.225000 1.127280 -14.599197
 0.227500 1.090127 -15.025607
 0.230000 1.051878 -15.472268
 0.232500 1.012497 -15.934558
 0.235000 0.971959 -16.399566
 0.237500 0.930282 -16.836559
 0.240000 0.887603 -17.198973
 0.242500 0.844190 -17.410971
 0.245000 0.800512 -17.396816
 0.247500 0.757221 -17.100306
 0.250000 0.715054 -16.497730
 0.252500 0.674754 -15.620035
 0.255000 0.636925 -14.539020
 0.257500 0.601950 -13.353372
 0.260000 0.569966 -12.163581
 0.262500 0.540875 -11.052725
 0.265000 0.514408 -10.071506
 0.267500 0.490213 -9.240615
 0.270000 0.467918 -8.554949
 0.272500 0.447179 -7.993891
 0.275000 0.427716 -7.526623
 0.277500 0.409337 -7.122533
 0.280000 0.391928 -6.752490
 0.282500 0.375436 -6.386254
 0.285000 0.359877 -6.009374
 0.287500 0.345284 -5.617666
 0.290000 0.331687 -5.218970
 0.292500 0.319086 -4.829490
 0.295000 0.307432 -4.463111
 0.297500 0.296652 -4.132253
 0.300000 0.286649 -3.844365
 0.302500 0.277314 -3.598058
 0.305000 0.268550 -3.389661
 0.307500 0.260264 -3.214480
 0.310000 0.252380 -3.069565
 0.312500 0.244826 -2.952194
 0.315000 0.237532 -2.861955
 0.317500 0.230431 -2.797162
 0.320000 0.223462 -2.757377
 0.322500 0.216568 -2.740251
 0.325000 0.209698 -2.737426
 0.327500 0.202828 -2.739915
 0.330000 0.195959 -2.734388
 0.332500 0.189124 -2.708948
 0.335000 0.182390 -2.653925
 0.337500 0.175838 -2.563797
 0.340000 0.169556 -2.439648
 0.342500 0.163620 -2.291342
 0.345000 0.158071 -2.133132
 0.347500 0.152908 -1.983584
 0.350000 0.148090 -1.861435
 0.352500 0.143533 -1.776573
 0.355000 0.139139 -1.730109
 0.357500 0.134819 -1.715686
 0.360000 0.130515 -1.716902
 0.362500 0.126203 -1.715305
 0.365000 0.121915 -1.699215
 0.367500 0.117695 -1.660329
 0.370000 0.113599 -1.602984
 0.372500 0.109661 -1.535954
 0.375000 0.105888 -1.472565
 0.377500 0.102258 -1.423160
 0.380000 0.098730 -1.392476
 0.382500 0.095261 -1.375063
 0.385000 0.091829 -1.362563
 0.387500 0.088435 -1.341634
 0.390000 0.085112 -1.302807
 0.392500 0.081914 -1.242777
 0.395000 0.078894 -1.162972
 0.397500 0.076087 -1.071977
 0.400000 0.073510 -0.982921
 0.402500 0.071141 -0.908088
 0.405000 0.068931 -0.855787
 0.407500 0.066820 -0.830514
 0.410000 0.064741 -0.830108
 0.412500 0.062639 -0.848365
 0.415000 0.060475 -0.876814
 0.417500 0.058238 -0.906529
 0.420000 0.055933 -0.930193
 0.422500 0.053581 -0.942744
 0.425000 0.051216 -0.940719
 0.427500 0.048877 -0.922755
 0.430000 0.046602 -0.889238
 0.432500 0.044429 -0.841752
 0.435000 0.042390 -0.784327
 0.437500 0.040502 -0.720226
 0.440000 0.038778 -0.655687
 0.442500 0.037210 -0.595423
 0.445000 0.035782 -0.544342
 0.447500 0.034467 -0.505522
 0.450000 0.033232 -0.480081
 0.452500 0.032047 -0.466534
 0.455000 0.030884 -0.461042
 0.457500 0.029729 -0.458994
 0.460000 0.028582 -0.455039
 0.462500 0.027451 -0.444846
 0.465000 0.026356 -0.426382
 0.467500 0.025317 -0.400237
 0.470000 0.024352 -0.369910
 0.472500 0.023461 -0.340331
 0.475000 0.022636 -0.318291
 0.477500 0.021854 -0.306649
 0.480000 0.021087 -0.306355
 0.482500 0.020311 -0.314626
 0.485000 0.019506 -0.326264
 0.487500 0.018673 -0.337116
 0.490000 0.017818 -0.343572
 0.492500 0.016955 -0.344461
 0.495000 0.016097 -0.339231
 0.497500 0.015258 -0.329210
 0.500000 0.014449 -0.316123
 0.502500 0.013675 -0.300400
 0.505000 0.012945 -0.281723
 0.507500 0.012265 -0.260429
 0.510000 0.011642 -0.236219
 0.512500 0.011082 -0.210192
 0.515000 0.010587 -0.184177
 0.517500 0.010155 -0.160729
 0.520000 0.009777 -0.141341
 0.522500 0.009441 -0.127015
 0.525000 0.009134 -0.117871
 0.527500 0.008845 -0.112844
 0.530000 0.008565 -0.110800
 0.532500 0.008288 -0.110639
 0.535000 0.008008 -0.112347
 0.537500 0.007721 -0.116407
 0.540000 0.007421 -0.122789
 0.542500 0.007104 -0.130700
 0.545000 0.006766 -0.138545
 0.547500 0.006411 -0.143965
 0.550000 0.006047 -0.145511
 0.552500 0.005686 -0.142287
 0.555000 0.005338 -0.134792
 0.557500 0.005013 -0.124252
 0.560000 0.004717 -0.112405
 0.562500 0.004450 -0.100541
 0.565000 0.004212 -0.088828
 0.567500 0.004004 -0.077189
 0.570000 0.003826 -0.065297
 0.572500 0.003677 -0.053098
 0.575000 0.003559 -0.040918
 0.577500 0.003470 -0.029466
 0.580000 0.003409 -0.019314
 0.582500 0.003372 -0.010670
 0.585000 0.003354 -0.003521
 0.587500 0.003351 0.002073
 0.590000 0.003361 0.005967
 0.592500 0.003379 0.008078
 0.595000 0.003399 0.007770
 0.597500 0.003415 0.004594
 0.600000 0.003419 -0.001547
 0.602500 0.003404 -0.010724
 0.605000 0.003363 -0.022321
 0.607500 0.003290 -0.035765
 0.610000 0.003183 -0.049981
 0.612500 0.003040 -0.063834
 0.615000 0.002865 -0.076132
 0.617500 0.002662 -0.085340
 0.620000 0.002441 -0.089830
 0.622500 0.002217 -0.088293
 0.625000 0.002005 -0.080112
 0.627500 0.001821 -0.065880
 0.630000 0.001678 -0.047728
 0.632500 0.001582 -0.029073
 0.635000 0.001530 -0.013205
 0.637500 0.001511 -0.002710
 0.640000 0.001510 0.001186
 0.642500 0.001511 -0.000924
 0.645000 0.001501 -0.007388
 0.647500 0.001472 -0.015695
 0.650000 0.001423 -0.023740
 0.652500 0.001355 -0.029692
 0.655000 0.001276 -0.032800
 0.657500 0.001193 -0.033158
 0.660000 0.001111 -0.031321
 0.662500 0.001037 -0.028299
 0.665000 0.000970 -0.025062
 0.667500 0.000911 -0.022568
 0.670000 0.000856 -0.021459
 0.672500 0.000802 -0.022082
 0.675000 0.000744 -0.024145
 0.677500 0.000680 -0.027181
 0.680000 0.000608 -0.030213
 0.682500 0.000529 -0.032380
 0.685000 0.000447 -0.032920
 0.687500 0.000366 -0.031410
 0.690000 0.000292 -0.027570
 0.692500 0.000229 -0.021766
 0.695000 0.000184 -0.014444
 0.697500 0.000158 -0.006304
 0.700000 0.000152 0.001735
 0.702500 0.000166 0.008794
 0.705000 0.000194 0.014015
 0.707500 0.000233 0.016635
 0.710000 0.000275 0.016223
 0.712500 0.000312 0.012879
 0.715000 0.000337 0.007157
 0.717500 0.000346 0.000024
 0.720000 0.000337 -0.007167
 0.722500 0.000311 -0.013208
 0.725000 0.000273 -0.017315
 0.727500 0.000227 -0.019047
 0.730000 0.000179 -0.018501
 0.732500 0.000136 -0.016126
 0.735000 0.000100 -0.012524
 0.737500 0.000074 -0.008279
 0.740000 0.000059 -0.003859
 0.742500 0.000054 0.000395
 0.745000 0.000060 0.004205
 0.747500 0.000075 0.007315
 0.750000 0.000096 0.009390
 0.752500 0.000120 0.010197
 0.755000 0.000145 0.009423
 0.757500 0.000166 0.007259
 0.760000 0.000181 0.004037
 0.762500 0.000186 0.000452
 0.765000 0.000183 -0.002789
 0.767500 0.000173 -0.005007
 0.770000 0.000159 -0.005883
 0.772500 0.000145 -0.005510
 0.775000 0.000132 -0.004344
 0.777500 0.000123 -0.003017
 0.780000 0.000117 -0.002112
 0.782500 0.000112 -0.001963
 0.785000 0.000106 -0.002572
 0.787500 0.000099 -0.003661
 0.790000 0.000088 -0.004809
 0.792500 0.000075 -0.005628
 0.795000 0.000060 -0.005888
 0.797500 0.000046 -0.005533
 0.800000 0.000033 -0.004771
 0.802500 0.000022 -0.003745
 0.805000 0.000014 -0.002732
 0.807500 0.000008 -0.001841
 0.810000 0.000005 -0.001150
 0.812500 0.000002 -0.000668
 0.815000 0.000001 -0.000361
 0.817500 0.000001 -0.000182
 0.820000 0.000000 -0.000086
 0.822500 0.000000 -0.000038
 0.825000 0.000000 0.000000
 0.827500 0.000000 0.000000
 0.830000 0.000000 0.000000
 0.832500 0.000000 0.000000
 0.835000 0.000000 0.000000
 0.837500 0.000000 0.000000
 0.840000 0.000000 0.000000
 0.842500 0.000000 0.000000
 0.845000 0.000000 0.000000
 0.847500 0.000000 0.000000
 0.850000 0.000000 0.000000
 0.852500 0.000000 0.000000
 0.855000 0.000000 0.000000
 0.857500 0.000000 0.000000
 0.860000 0.000000 0.000000
 0.862500 0.000000 0.000000
 0.865000 0.000000 0.000000
 0.867500 0.000000 0.000000
 0.870000 0.000000 0.000000
 0.872500 0.000000 0.000000
 0.875000 0.000000 0.000000
 0.877500 0.000000 0.000000
 0.880000 0.000000 0.000000
 0.882500 0.000000 0.000000
 0.885000 0.000000 0.000000
 0.887500 0.000000 0.000000
 0.890000 0.000000 0.000000
 0.892500 0.000000 0.000000
 0.895000 0.000000 0.000000
 0.897500 0.000000 0.000000
 0.900000 0.000000 0.000000
 0.902500 0.000000 0.000000
 0.905000 0.000000 0.000000
 0.907500 0.000000 0.000000
 0.910000 0.000000 0.000000
 0.912500 0.000000 0.000000
 0.915000 0.000000 0.000000
 0.917500 0.000000 0.000000
 0.920000 0.000000 0.000000
 0.922500 0.000000 0.000000
 0.925000 0.000000 0.000000
 0.927500 0.000000 0.000000
 0.930000 0.000000 0.000000
 0.932500 0.000000 0.000000
 0.935000 0.000000 0.000000
 0.937500 0.000000 0.000000
 0.940000 0.000000 0.000000
 0.942500 0.000000 0.000000
 0.945000 0.000000 0.000000
 0.947500 0.000000 0.000000
 0.950000 0.000000 0.000000
 0.952500 0.000000 0.000000
 0.955000 0.000000 0.000000
 0.957500 0.000000 0.000000
 0.960000 0.000000 0.000000
 0.962500 0.000000 0.000000
 0.965000 0.000000 0.000000
 0.967500 0.000000 0.000000
 0.970000 0.000000 0.000000
 0.972500 0.000000 0.000000
 0.975000 0.000000 0.000000
 0.977500 0.000000 0.000000
 0.980000 0.000000 0.000000
 0.982500 0.000000 0.000000
 0.985000 0.000000 0.000000
 0.987500 0.000000 0.000000
 0.990000 0.000000 0.000000
 0.992500 0.000000 0.000000
 0.995000 0.000000 0.000000
 0.997500 0.000000 0.000000
 1.000000 0.000000 0.000000
 1.002500 0.000000 0.000000
 1.005000 0.000000 0.000000
 1.007500 0.000000 0.000000
 1.010000 0.000000 0.000000
 1.012500 0.000000 0.000000
 1.015000 0.000000 0.000000
 1.017500 0.000000 0.000000
 1.020000 0.000000 0.000000
 1.022500 0.000000 0.000000
 1.025000 0.000000 0.000000
 1.027500 0.000000 0.000000
 1.030000 0.000000 0.000000
 1.032500 0.000000 0.000000
 1.035000 0.000000 0.000000
 1.037500 0.000000 0.000000
 1.040000 0.000000 0.000000
 1.042500 0.000000 0.000000
 1.045000 0.000000 0.000000
 1.047500 0.000000 0.000000
 1.050000 0.000000 0.000000
 1.052500 0.000000 0.000000
 1.055000 0.000000 0.000000
 1.057500 0.000000 0.000000
 1.060000 0.000000 0.000000
 1.062500 0.000000 0.000000
 1.065000 0.000000 0.000000
 1.067500 0.000000 0.000000
 1.070000 0.000000 0.000000
 1.072500 0.000000 0.000000
 1.075000 0.000000 0.000000
 1.077500 0.000000 0.000000
 1.080000 0.000000 0.000000
 1.082500 0.000000 0.000000
 1.085000 0.000000 0.000000
 1.087500 0.000000 0.000000
 1.090000 0.000000 0.000000
 1.092500 0.000000 0.000000
 1.095000 0.000000 0.000000
 1.097500 0.000000 0.000000
 1.100000 0.000000 0.000000
 1.102500 0.000000 0.000000
 1.105000 0.000000 0.000000
 1.107500 0.000000 0.000000
 1.110000 0.000000 0.000000
 1.112500 0.000000 0.000000
 1.115000 0.000000 0.000000
 1.117500 0.000000 0.000000
 1.120000 0.000000 0.000000
 1.122500 0.000000 0.000000
 1.125000 0.000000 0.000000
 1.127500 0.000000 0.000000
 1.130000 0.000000 0.000000
 1.132500 0.000000 0.000000
 1.135000 0.000000 0.000000
 1.137500 0.000000 0.000000
 1.140000 0.000000 0.000000
 1.142500 0.000000 0.000000
 1.145000 0.000000 0.000000
 1.147500 0.000000 0.000000
 1.150000 0.000000 0.000000
 1.152500 0.000000 0.000000
 1.155000 0.000000 0.000000
 1.157500 0.000000 0.000000
 1.160000 0.000000 0.000000
 1.162500 0.000000 0.000000
 1.165000 0.000000 0.000000
 1.167500 0.000000 0.000000
 1.170000 0.000000 0.000000
 1.172500 0.000000 0.000000
 1.175000 0.000000 0.000000
 1.177500 0.000000 0.000000
 1.180000 0.000000 0.000000
 1.182500 0.000000 0.000000
 1.185000 0.000000 0.000000
 1.187500 0.000000 0.000000
 1.190000 0.000000 0.000000
 1.192500 0.000000 0.000000
 1.195000 0.000000 0.000000
 1.197500 0.000000 0.000000
 1.200000 0.000000 0.000000
 1.202500 0.000000 0.000000
 1.205000 0.000000 0.000000
 1.207500 0.000000 0.000000
 1.210000 0.000000 0.000000
 1.212500 0.000000 0.000000
 1.215000 0.000000 0.000000
 1.217500 0.000000 0.000000
 1.220000 0.000000 0.000000
 1.222500 0.000000 0.000000
 1.225000 0.000000 0.000000
 1.227500 0.000000 0.000000
 1.230000 0.000000 0.000000
 1.232500 0.000000 0.000000
 1.235000 0.000000 0.000000
 1.237500 0.000000 0.000000
 1.240000 0.000000 0.000000
 1.242500 0.000000 0.000000
 1.245000 0.000000 0.000000
 1.247500 0.000000 0.000000
 1.250000 0.000000 0.000000
 1.252500 0.000000 0.000000
 1.255000 0.000000 0.000000
 1.257500 0.000000 0.000000
 1.260000 0.000000 0.000000
 1.262500 0.000000 0.000000
 1.265000 0.000000 0.000000
 1.267500 0.000000 0.000000
 1.270000 0.000000 0.000000
 1.272500 0.000000 0.000000
 1.275000 0.000000 0.000000
 1.277500 0.000000 0.000000
 1.280000 0.000000 0.000000
 1.282500 0.000000 0.000000
 1.285000 0.000000 0.000000
 1.287500 0.000000 0.000000
 1.290000 0.000000 0.000000
 1.292500 0.000000 0.000000
 1.295000 0.000000 0.000000
 1.297500 0.000000 0.000000
 1.300000 0.000000 0.000000
 1.302500 0.000000 0.000000
 1.305000 0.000000 0.000000
 1.307500 0.000000 0.000000
 1.310000 0.000000 0.000000
 1.312500 0.000000 0.000000
 1.315000 0.000000 0.000000
 1.317500 0.000000 0.000000
 1.320000 0.000000 0.000000
 1.322500 0.000000 0.000000
 1.325000 0.000000 0.000000
 1.327500 0.000000 0.000000
 1.330000 0.000000 0.000000
 1.332500 0.000000 0.000000
 1.335000 0.000000 0.000000
 1.337500 0.000000 0.000000
 1.340000 0.000000 0.000000
 1.342500 0.000000 0.000000
 1.345000 0.000000 0.000000
 1.347500 0.000000 0.000000
 1.350000 0.000000 0.000000
 1.352500 0.000000 0.000000
 1.355000 0.000000 0.000000
 1.357500 0.000000 0.000000
 1.360000 0.000000 0.000000
 1.362500 0.000000 0.000000
 1.365000 0.000000 0.000000
 1.367500 0.000000 0.000000
 1.370000 0.000000 0.000000
 1.372500 0.000000 0.000000
 1.375000 0.000000 0.000000
 1.377500 0.000000 0.000000
 1.380000 0.000000 0.000000
 1.382500 0.000000 0.000000
 1.385000 0.000000 0.000000
 1.387500 0.000000 0.000000
 1.390000 0.000000 0.000000
 1.392500 0.000000 0.000000
 1.395000 0.000000 0.000000
 1.397500 0.000000 0.000000
 1.400000 0.000000 0.000000
 1.402500 0.000000 0.000000
 1.405000 0.000000 0.000000
 1.407500 0.000000 0.000000
 1.410000 0.000000 0.000000
 1.412500 0.000000 0.000000
 1.415000 0.000000 0.000000
 1.417500 0.000000 0.000000
 1.420000 0.000000 0.000000
 1.422500 0.000000 0.000000
 1.425000 0.000000 0.000000
 1.427500 0.000000 0.000000
 1.430000 0.000000 0.000000
 1.432500 0.000000 0.000000
 1.435000 0.000000 0.000000
 1.437500 0.000000 0.000000
 1.440000 0.000000 0.000000
 1.442500 0.000000 0.000000
 1.445000 0.000000 0.000000
 1.447500 0.000000 0.000000
 1.450000 0.000000 0.000000
 1.452500 0.000000 0.000000
 1.455000 0.000000 0.000000
 1.457500 0.000000 0.000000
 1.460000 0.000000 0.000000
 1.462500 0.000000 0.000000
 1.465000 0.000000 0.000000
 1.467500 0.000000 0.000000
 1.470000 0.000000 0.000000
 1.472500 0.000000 0.000000
 1.475000 0.000000 0.000000
 1.477500 0.000000 0.000000
 1.480000 0.000000 0.000000
 1.482500 0.000000 0.000000
 1.485000 0.000000 0.000000
 1.487500 0.000000 0.000000
 1.490000 0.000000 0.000000
 1.492500 0.000000 0.000000
 1.495000 0.000000 0.000000
 1.497500 0.000000 0.000000
 1.500000 0.000000 0.000000
 1.502500 0.000000 0.000000
 1.505000 0.000000 0.000000
 1.507500 0.000000 0.000000
 1.510000 0.000000 0.000000
 1.512500 0.000000 0.000000
 1.515000 0.000000 0.000000
 1.517500 0.000000 0.000000
 1.520000 0.000000 0.000000
 1.522500 0.000000 0.000000
 1.525000 0.000000 0.000000
 1.527500 0.000000 0.000000
 1.530000 0.000000 0.000000
 1.532500 0.000000 0.000000
 1.535000 0.000000 0.000000
 1.537500 0.000000 0.000000
 1.540000 0.000000 0.000000
 1.542500 0.000000 0.000000
 1.545000 0.000000 0.000000
 1.547500 0.000000 0.000000
 1.550000 0.000000 0.000000
 1.552500 0.000000 0.000000
 1.555000 0.000000 0.000000
 1.557500 0.000000 0.000000
 1.560000 0.000000 0.000000
 1.562500 0.000000 0.000000
 1.565000 0.000000 0.000000
 1.567500 0.000000 0.000000
 1.570000 0.000000 0.000000
 1.572500 0.000000 0.000000
 1.575000 0.000000 0.000000
 1.577500 0.000000 0.000000
 1.580000 0.000000 0.000000
 1.582500 0.000000 0.000000
 1.585000 0.000000 0.000000
 1.587500 0.000000 0.000000
 1.590000 0.000000 0.000000
 1.592500 0.000000 0.000000
 1.595000 0.000000 0.000000
 1.597500 0.000000 0.000000
 1.600000 0.000000 0.000000
 1.602500 0.000000 0.000000
 1.605000 0.000000 0.000000
 1.607500 0.000000 0.000000
 1.610000 0.000000 0.000000
 1.612500 0.000000 0.000000
 1.615000 0.000000 0.000000
 1.617500 0.000000 0.000000
 1.620000 0.000000 0.000000
 1.622500 0.000000 0.000000
 1.625000 0.000000 0.000000
 1.627500 0.000000 0.000000
 1.630000 0.000000 0.000000
 1.632500 0.000000 0.000000
 1.635000 0.000000 0.000000
 1.637500 0.000000 0.000000
 1.640000 0.000000 0.000000
 1.642500 0.000000 0.000000
 1.645000 0.000000 0.000000
 1.647500 0.000000 0.000000
 1.650000 0.000000 0.000000
 1.652500 0.000000 0.000000
 1.655000 0.000000 0.000000
 1.657500 0.000000 0.000000
 1.660000 0.000000 0.000000
 1.662500 0.000000 0.000000
 1.665000 0.000000 0.000000
 1.667500 0.000000 0.000000
 1.670000 0.000000 0.000000
 1.672500 0.000000 0.000000
 1.675000 0.000000 0.000000
 1.677500 0.000000 0.000000
 1.680000 0.000000 0.000000
 1.682500 0.000000 0.000000
 1.685000 0.000000 0.000000
 1.687500 0.000000 0.000000
 1.690000 0.000000 0.000000
 1.692500 0.000000 0.000000
 1.695000 0.000000 0.000000
 1.697500 0.000000 0.000000
 1.700000 0.000000 0.000000
 1.702500 0.000000 0.000000
 1.705000 0.000000 0.000000
 1.707500 0.000000 0.000000
 1.710000 0.000000 0.000000
 1.712500 0.000000 0.000000
 1.715000 0.000000 0.000000
 1.717500 0.000000 0.000000
 1.720000 0.000000 0.000000
 1.722500 0.000000 0.000000
 1.725000 0.000000 0.000000
 1.727500 0.000000 0.000000
 1.730000 0.000000 0.000000
 1.732500 0.000000 0.000000
 1.735000 0.000000 0.000000
 1.737500 0.000000 0.000000
 1.740000 0.000000 0.000000
 1.742500 0.000000 0.000000
 1.745000 0.000000 0.000000
 1.747500 0.000000 0.000000
 1.750000 0.000000 0.000000
 1.752500 0.000000 0.000000
 1.755000 0.000000 0.000000
 1.757500 0.000000 0.000000
 1.760000 0.000000 0.000000
 1.762500 0.000000 0.000000
 1.765000 0.000000 0.000000
 1.767500 0.000000 0.000000
 1.770000 0.000000 0.000000
 1.772500 0.000000 0.000000
 1.775000 0.000000 0.000000
 1.777500 0.000000 0.000000
 1.780000 0.000000 0.000000
 1.782500 0.000000 0.000000
 1.785000 0.000000 0.000000
 1.787500 0.000000 0.000000
 1.790000 0.000000 0.000000
 1.792500 0.000000 0.000000
 1.795000 0.000000 0.000000
 1.797500 0.000000 0.000000
 1.800000 0.000000 0.000000
 1.802500 0.000000 0.000000
 1.805000 0.000000 0.000000
 1.807500 0.000000 0.000000
 1.810000 0.000000 0.000000
 1.812500 0.000000 0.000000
 1.815000 0.000000 0.000000
 1.817500 0.000000 0.000000
 1.820000 0.000000 0.000000
 1.822500 0.000000 0.000000
 1.825000 0.000000 0.000000
 1.827500 0.000000 0.000000
 1.830000 0.000000 0.000000
 1.832500 0.000000 0.000000
 1.835000 0.000000 0.000000
 1.837500 0.000000 0.000000
 1.840000 0.000000 0.000000
 1.842500 0.000000 0.000000
 1.845000 0.000000 0.000000
 1.847500 0.000000 0.000000
 1.850000 0.000000 0.000000
 1.852500 0.000000 0.000000
 1.855000 0.000000 0.000000
 1.857500 0.000000 0.000000
 1.860000 0.000000 0.000000
 1.862500 0.000000 0.000000
 1.865000 0.000000 0.000000
 1.867500 0.000000 0.000000
 1.870000 0.000000 0.000000
 1.872500 0.000000 0.000000
 1.875000 0.000000 0.000000
 1.877500 0.000000 0.000000
 1.880000 0.000000 0.000000
 1.882500 0.000000 0.000000
 1.885000 0.000000 0.000000
 1.887500 0.000000 0.000000
 1.890000 0.000000 0.000000
 1.892500 0.000000 0.000000
 1.895000 0.000000 0.000000
 1.897500 0.000000 0.000000
 1.900000 0.000000 0.000000
 1.902500 0.000000 0.000000
 1.905000 0.000000 0.000000
 1.907500 0.000000 0.000000
 1.910000 0.000000 0.000000
 1.912500 0.000000 0.000000
 1.915000 0.000000 0.000000
 1.917500 0.000000 0.000000
 1.920000 0.000000 0.000000
 1.922500 0.000000 0.000000
 1.925000 0.000000 0.000000
 1.927500 0.000000 0.000000
 1.930000 0.000000 0.000000
 1.932500 0.000000 0.000000
 1.935000 0.000000 0.000000
 1.937500 0.000000 0.000000
 1.940000 0.000000 0.000000
 1.942500 0.000000 0.000000
 1.945000 0.000000 0.000000
 1.947500 0.000000 0.000000
 1.950000 0.000000 0.000000
 1.952500 0.000000 0.000000
 1.955000 0.000000 0.000000
 1.957500 0.000000 0.000000
 1.960000 0.000000 0.000000
 1.962500 0.000000 0.000000
 1.965000 0.000000 0.000000
 1.967500 0.000000 0.000000
 1.970000 0.000000 0.000000
 1.972500 0.000000 0.000000
 1.975000 0.000000 0.000000
 1.977500 0.000000 0.000000
 1.980000 0.000000 0.000000
 1.982500 0.000000 0.000000
 1.985000 0.000000 0.000000
 1.987500 0.000000 0.000000
 1.990000 0.000000 0.000000
 1.992500 0.000000 0.000000
 1.995000 0.000000 0.000000
 1.997500 0.000000 0.000000
 2.000000 0.000000 0.000000
