#! FIELDS es hh dhh_es
#! SET normalisation  2000.000000
#! SET min_es -0.5
#! SET max_es 2
#! SET nbins_es  1000
#! SET periodic_es false
 -0.500000 0.000000 0.000000
 -0.497500 0.000000 0.000000
 -0.495000 0.000000 0.000000
 -0.492500 0.000000 0.000000
 -0.490000 0.000000 0.000000
 -0.487500 0.000000 0.000000
 -0.485000 0.000000 0.000000
 -0.482500 0.000000 0.000000
 -0.480000 0.000000 0.000000
 -0.477500 0.000000 0.000000
 -0.475000 0.000000 0.000000
 -0.472500 0.000000 0.000000
 -0.470000 0.000000 0.000000
 -0.467500 0.000000 0.000000
 -0.465000 0.000000 0.000000
 -0.462500 0.000000 0.000000
 -0.460000 0.000000 0.000000
 -0.457500 0.000000 0.000000
 -0.455000 0.000000 0.000000
 -0.452500 0.000000 0.000000
 -0.450000 0.000000 0.000000
 -0.447500 0.000000 0.000000
 -0.445000 0.000000 0.000000
 -0.442500 0.000000 0.000000
 -0.440000 0.000000 0.000000
 -0.437500 0.000000 0.000000
 -0.435000 0.000000 0.000000
 -0.432500 0.000000 0.000000
 -0.430000 0.000000 0.000000
 -0.427500 0.000000 0.000000
 -0.425000 0.000000 0.000000
 -0.422500 0.000000 0.000000
 -0.420000 0.000000 0.000000
 -0.417500 0.000000 0.000000
 -0.415000 0.000000 0.000000
 -0.412500 0.000000 0.000000
 -0.410000 0.000000 0.000000
 -0.407500 0.000000 0.000000
 -0.405000 0.000000 0.000000
 -0.402500 0.000000 0.000000
 -0.400000 0.000000 0.000000
 -0.397500 0.000000 0.000000
 -0.395000 0.000000 0.000000
 -0.392500 0.000000 0.000000
 -0.390000 0.000000 0.000000
 -0.387500 0.000000 0.000000
 -0.385000 0.000000 0.000000
 -0.382500 0.000000 0.000000
 -0.380000 0.000000 0.000000
 -0.377500 0.000000 0.000000
 -0.375000 0.000000 0.000000
 -0.372500 0.000000 0.000000
 -0.370000 0.000000 0.000000
 -0.367500 0.000000 0.000000
 -0.365000 0.000000 0.000000
 -0.362500 0.000000 0.000000
 -0.360000 0.000000 0.000000
 -0.357500 0.000000 0.000000
 -0.355000 0.000000 0.000000
 -0.352500 0.000000 0.000000
 -0.350000 0.000000 0.000000
 -0.347500 0.000000 0.000000
 -0.345000 0.000000 0.000000
 -0.342500 0.000000 0.000000
 -0.340000 0.000000 0.000000
 -0.337500 0.000000 0.000000
 -0.335000 0.000000 0.000000
 -0.332500 0.000000 0.000000
 -0.330000 0.000000 0.000000
 -0.327500 0.000000 0.000000
 -0.325000 0.000000 0.000000
 -0.322500 0.000000 0.000000
 -0.320000 0.000000 0.000000
 -0.317500 0.000000 0.000000
 -0.315000 0.000000 0.000000
 -0.312500 0.000000 0.000000
 -0.310000 0.000000 0.000000
 -0.307500 0.000000 0.000000
 -0.305000 0.000000 0.000000
 -0.302500 0.000000 0.000000
 -0.300000 0.000000 0.000000
 -0.297500 0.000000 0.000000
 -0.295000 0.000000 0.000000
 -0.292500 0.000000 0.000000
 -0.290000 0.000000 0.000000
 -0.287500 0.000000 0.000000
 -0.285000 0.000000 0.000000
 -0.282500 0.000000 0.000000
 -0.280000 0.000000 0.000000
 -0.277500 0.000000 0.000000
 -0.275000 0.000000 0.000000
 -0.272500 0.000000 0.000000
 -0.270000 0.000000 0.000000
 -0.267500 0.000000 0.000000
 -0.265000 0.000000 0.000000
 -0.262500 0.000000 0.000000
 -0.260000 0.000000 0.000000
 -0.257500 0.000000 0.000000
 -0.255000 0.000000 0.000000
 -0.252500 0.000000 0.000000
 -0.250000 0.000000 0.000000
 -0.247500 0.000000 0.000000
 -0.245000 0.000000 0.000000
 -0.242500 0.000000 0.000000
 -0.240000 0.000000 0.000000
 -0.237500 0.000000 0.000000
 -0.235000 0.000000 0.000000
 -0.232500 0.000000 0.000000
 -0.230000 0.000000 0.000000
 -0.227500 0.000000 0.000000
 -0.225000 0.000000 0.000000
 -0.222500 0.000000 0.000000
 -0.220000 0.000000 0.000000
 -0.217500 0.000000 0.000000
 -0.215000 0.000000 0.000000
 -0.212500 0.000000 0.000000
 -0.210000 0.000000 0.000000
 -0.207500 0.000000 0.000000
 -0.205000 0.000000 0.000000
 -0.202500 0.000000 0.000000
 -0.200000 0.000000 0.000000
 -0.197500 0.000000 0.000000
 -0.195000 0.000000 0.000000
 -0.192500 0.000000 0.000000
 -0.190000 0.000000 0.000000
 -0.187500 0.000000 0.000000
 -0.185000 0.000000 0.000000
 -0.182500 0.000000 0.000000
 -0.180000 0.000000 0.000000
 -0.177500 0.000000 0.000000
 -0.175000 0.000000 0.000000
 -0.172500 0.000000 0.000000
 -0.170000 0.000000 0.000000
 -0.167500 0.000000 0.000000
 -0.165000 0.000000 0.000000
 -0.162500 0.000000 0.000000
 -0.160000 0.000000 0.000000
 -0.157500 0.000000 0.000000
 -0.155000 0.000000 0.000000
 -0.152500 0.000000 0.000000
 -0.150000 0.000000 0.000000
 -0.147500 0.000000 0.000000
 -0.145000 0.000000 0.000000
 -0.142500 0.000000 0.000000
 -0.140000 0.000000 0.000000
 -0.137500 0.000000 0.000000
 -0.135000 0.000000 0.000000
 -0.132500 0.000000 0.000000
 -0.130000 0.000000 0.000000
 -0.127500 0.000000 0.000000
 -0.125000 0.000000 0.000000
 -0.122500 0.000000 0.000000
 -0.120000 0.000000 0.000000
 -0.117500 0.000000 0.000000
 -0.115000 0.000000 0.000000
 -0.112500 0.000000 0.000000
 -0.110000 0.000000 0.000000
 -0.107500 0.000000 0.000000
 -0.105000 0.000000 0.000000
 -0.102500 0.000000 0.000000
 -0.100000 0.000000 0.000000
 -0.097500 0.000000 0.000000
 -0.095000 0.000000 0.000000
 -0.092500 0.000000 0.000000
 -0.090000 0.000000 0.000000
 -0.087500 0.000000 0.000000
 -0.085000 0.000000 0.000000
 -0.082500 0.000000 0.000000
 -0.080000 0.000000 0.000000
 -0.077500 0.000000 0.000000
 -0.075000 0.000000 0.000000
 -0.072500 0.000000 0.000000
 -0.070000 0.000000 0.000000
 -0.067500 0.000000 0.000000
 -0.065000 0.000000 0.000000
 -0.062500 0.000000 0.000000
 -0.060000 0.000000 0.000000
 -0.057500 0.000000 0.000000
 -0.055000 0.000000 0.000000
 -0.052500 0.000000 0.000000
 -0.050000 0.000000 0.000000
 -0.047500 0.000000 0.000000
 -0.045000 0.000000 0.000000
 -0.042500 0.000000 0.000000
 -0.040000 0.000000 0.000000
 -0.037500 0.000000 0.000000
 -0.035000 0.000000 0.000000
 -0.032500 0.000000 0.000000
 -0.030000 0.000000 0.000120
 -0.027500 0.000002 0.000868
 -0.025000 0.000011 0.004158
 -0.022500 0.000039 0.014103
 -0.020000 0.000116 0.039942
 -0.017500 0.000299 0.098561
 -0.015000 0.000709 0.221696
 -0.012500 0.001566 0.461613
 -0.010000 0.003264 0.903205
 -0.007500 0.006439 1.664583
 -0.005000 0.012095 2.909120
 -0.002500 0.021673 4.829922
 0.000000 0.037116 7.631259
 0.002500 0.060873 11.499070
 0.005000 0.095763 16.547021
 0.007500 0.144779 22.782636
 0.010000 0.210751 30.069565
 0.012500 0.295968 38.118680
 0.015000 0.401844 46.517469
 0.017500 0.528658 54.782797
 0.020000 0.675459 62.426569
 0.022500 0.840145 69.025922
 0.025000 1.019696 74.274037
 0.027500 1.210481 77.995961
 0.030000 1.408614 80.151148
 0.032500 1.610238 80.802302
 0.035000 1.811733 80.078115
 0.037500 2.009888 78.158157
 0.040000 2.201953 75.241514
 0.042500 2.385707 71.545771
 0.045000 2.559480 67.295112
 0.047500 2.722171 62.714840
 0.050000 2.873209 58.005592
 0.052500 3.012475 53.325550
 0.055000 3.140183 48.771829
 0.057500 3.256683 44.371995
 0.060000 3.362336 40.104572
 0.062500 3.457429 35.932778
 0.065000 3.542178 31.842178
 0.067500 3.616798 27.864693
 0.070000 3.681676 24.075756
 0.072500 3.737426 20.603736
 0.075000 3.784999 17.567236
 0.077500 3.825611 15.056194
 0.080000 3.860622 13.106542
 0.082500 3.891407 11.669634
 0.085000 3.919114 10.637821
 0.087500 3.944564 9.851289
 0.090000 3.968146 9.119621
 0.092500 3.989794 8.283588
 0.095000 4.009098 7.247780
 0.097500 4.025516 5.983914
 0.100000 4.038535 4.546405
 0.102500 4.047842 3.047565
 0.105000 4.053442 1.600547
 0.107500 4.055584 0.308939
 0.110000 4.054746 -0.773561
 0.112500 4.051495 -1.632269
 0.115000 4.046361 -2.271364
 0.117500 4.039872 -2.716784
 0.120000 4.032473 -3.001841
 0.122500 4.024525 -3.169642
 0.125000 4.016245 -3.273220
 0.127500 4.007704 -3.393477
 0.130000 3.998756 -3.609736
 0.132500 3.989067 -3.985956
 0.135000 3.978189 -4.558136
 0.137500 3.965659 -5.299621
 0.140000 3.951131 -6.141308
 0.142500 3.934470 -6.981903
 0.145000 3.915817 -7.725844
 0.147500 3.895507 -8.302468
 0.150000 3.874008 -8.669983
 0.152500 3.851835 -8.841523
 0.155000 3.829443 -8.855182
 0.157500 3.807158 -8.763398
 0.160000 3.785180 -8.621813
 0.162500 3.763563 -8.490154
 0.165000 3.742207 -8.413395
 0.167500 3.720908 -8.448620
 0.170000 3.699355 -8.626653
 0.172500 3.677169 -8.952322
 0.175000 3.653992 -9.410126
 0.177500 3.629554 -9.949309
 0.180000 3.603732 -10.504062
 0.182500 3.576579 -11.009591
 0.185000 3.548274 -11.421162
 0.187500 3.519092 -11.719313
 0.190000 3.489288 -11.916068
 0.192500 3.459072 -12.059126
 0.195000 3.428523 -12.191308
 0.197500 3.397607 -12.360120
 0.200000 3.366186 -12.600625
 0.202500 3.334064 -12.920027
 0.205000 3.301058 -13.305231
 0.207500 3.267038 -13.720338
 0.210000 3.231983 -14.125143
 0.212500 3.195981 -14.478380
 0.215000 3.159190 -14.744655
 0.217500 3.121854 -14.922323
 0.220000 3.084164 -15.029169
 0.222500 3.046248 -15.109547
 0.225000 3.008109 -15.225855
 0.227500 2.969583 -15.421528
 0.230000 2.930424 -15.741284
 0.232500 2.890293 -16.196631
 0.235000 2.848858 -16.785398
 0.237500 2.805811 -17.478743
 0.240000 2.760922 -18.257731
 0.242500 2.713998 -19.101542
 0.245000 2.664895 -20.005413
 0.247500 2.613477 -20.950496
 0.250000 2.559658 -21.912235
 0.252500 2.503464 -22.853382
 0.255000 2.445022 -23.700546
 0.257500 2.384656 -24.383800
 0.260000 2.322851 -24.841564
 0.262500 2.260220 -25.049771
 0.265000 2.197386 -25.004730
 0.267500 2.134946 -24.741443
 0.270000 2.073399 -24.305346
 0.272500 2.013115 -23.730983
 0.275000 1.954405 -23.047408
 0.277500 1.897529 -22.273472
 0.280000 1.842702 -21.415954
 0.282500 1.790110 -20.493379
 0.285000 1.739870 -19.541840
 0.287500 1.691979 -18.624066
 0.290000 1.646277 -17.803905
 0.292500 1.602456 -17.136171
 0.295000 1.560088 -16.636314
 0.297500 1.518787 -16.285808
 0.300000 1.478242 -16.023394
 0.302500 1.438325 -15.778214
 0.305000 1.399071 -15.484342
 0.307500 1.360648 -15.116123
 0.310000 1.323230 -14.688302
 0.312500 1.286919 -14.250751
 0.315000 1.251664 -13.848406
 0.317500 1.217326 -13.522046
 0.320000 1.183712 -13.272798
 0.322500 1.150664 -13.070330
 0.325000 1.118117 -12.864432
 0.327500 1.086133 -12.613351
 0.330000 1.054861 -12.299446
 0.332500 1.024454 -11.924231
 0.335000 0.995044 -11.510589
 0.337500 0.966687 -11.082669
 0.340000 0.939404 -10.660244
 0.342500 0.913163 -10.248986
 0.345000 0.887942 -9.849409
 0.347500 0.863719 -9.455904
 0.350000 0.840475 -9.066408
 0.352500 0.818189 -8.687448
 0.355000 0.796830 -8.331283
 0.357500 0.776329 -8.003133
 0.360000 0.756604 -7.712537
 0.362500 0.737553 -7.465849
 0.365000 0.719066 -7.268346
 0.367500 0.701009 -7.123399
 0.370000 0.683244 -7.037478
 0.372500 0.665626 -7.010906
 0.375000 0.648007 -7.032576
 0.377500 0.630293 -7.081524
 0.380000 0.612461 -7.126611
 0.382500 0.594565 -7.128771
 0.385000 0.576748 -7.059657
 0.387500 0.559209 -6.907876
 0.390000 0.542151 -6.679636
 0.392500 0.525732 -6.401047
 0.395000 0.510044 -6.104054
 0.397500 0.495088 -5.818779
 0.400000 0.480810 -5.565748
 0.402500 0.467114 -5.353837
 0.405000 0.453901 -5.181807
 0.407500 0.441078 -5.040650
 0.410000 0.428579 -4.922765
 0.412500 0.416352 -4.819710
 0.415000 0.404373 -4.728194
 0.417500 0.392612 -4.639718
 0.420000 0.381074 -4.554624
 0.422500 0.369753 -4.466453
 0.425000 0.358659 -4.371900
 0.427500 0.347814 -4.270879
 0.430000 0.337231 -4.163803
 0.432500 0.326925 -4.053989
 0.435000 0.316887 -3.945220
 0.437500 0.307113 -3.846039
 0.440000 0.297574 -3.759897
 0.442500 0.288234 -3.684923
 0.445000 0.279073 -3.616726
 0.447500 0.270087 -3.545477
 0.450000 0.261294 -3.457259
 0.452500 0.252753 -3.346455
 0.455000 0.244525 -3.209744
 0.457500 0.236663 -3.054936
 0.460000 0.229194 -2.897319
 0.462500 0.222100 -2.760679
 0.465000 0.215306 -2.660490
 0.467500 0.208707 -2.604125
 0.470000 0.202199 -2.588675
 0.472500 0.195697 -2.595844
 0.475000 0.189170 -2.605058
 0.477500 0.182639 -2.596395
 0.480000 0.176166 -2.560976
 0.482500 0.169816 -2.499183
 0.485000 0.163643 -2.420190
 0.487500 0.157674 -2.338601
 0.490000 0.151905 -2.261295
 0.492500 0.146325 -2.188268
 0.495000 0.140931 -2.111552
 0.497500 0.135743 -2.021768
 0.500000 0.130802 -1.914876
 0.502500 0.126148 -1.793282
 0.505000 0.121808 -1.665766
 0.507500 0.117780 -1.546436
 0.510000 0.114027 -1.446822
 0.512500 0.110491 -1.375820
 0.515000 0.107093 -1.334861
 0.517500 0.103765 -1.320620
 0.520000 0.100452 -1.322624
 0.522500 0.097127 -1.326261
 0.525000 0.093808 -1.316504
 0.527500 0.090544 -1.281177
 0.530000 0.087404 -1.214953
 0.532500 0.084465 -1.123831
 0.535000 0.081772 -1.022490
 0.537500 0.079328 -0.928158
 0.540000 0.077094 -0.857279
 0.542500 0.075000 -0.816333
 0.545000 0.072971 -0.802412
 0.547500 0.070955 -0.804778
 0.550000 0.068926 -0.810304
 0.552500 0.066892 -0.809056
 0.555000 0.064875 -0.797441
 0.557500 0.062895 -0.778774
 0.560000 0.060966 -0.760295
 0.562500 0.059077 -0.745983
 0.565000 0.057215 -0.738518
 0.567500 0.055365 -0.735406
 0.570000 0.053524 -0.732937
 0.572500 0.051695 -0.725515
 0.575000 0.049892 -0.710030
 0.577500 0.048137 -0.687471
 0.580000 0.046447 -0.659532
 0.582500 0.044831 -0.627809
 0.585000 0.043295 -0.597089
 0.587500 0.041831 -0.570912
 0.590000 0.040422 -0.552888
 0.592500 0.039047 -0.545917
 0.595000 0.037674 -0.550233
 0.597500 0.036279 -0.563414
 0.600000 0.034846 -0.579419
 0.602500 0.033377 -0.589618
 0.605000 0.031897 -0.586910
 0.607500 0.030448 -0.566855
 0.610000 0.029070 -0.529876
 0.612500 0.027799 -0.483414
 0.615000 0.026644 -0.438556
 0.617500 0.025587 -0.407038
 0.620000 0.024584 -0.396038
 0.622500 0.023582 -0.406003
 0.625000 0.022535 -0.430235
 0.627500 0.021422 -0.458074
 0.630000 0.020247 -0.477125
 0.632500 0.019044 -0.479088
 0.635000 0.017863 -0.460176
 0.637500 0.016754 -0.421548
 0.640000 0.015761 -0.367916
 0.642500 0.014916 -0.305725
 0.645000 0.014231 -0.240194
 0.647500 0.013709 -0.175968
 0.650000 0.013342 -0.116981
 0.652500 0.013113 -0.066864
 0.655000 0.012994 -0.029648
 0.657500 0.012947 -0.009147
 0.660000 0.012927 -0.008293
 0.662500 0.012884 -0.027822
 0.665000 0.012769 -0.064381
 0.667500 0.012549 -0.111892
 0.670000 0.012205 -0.161865
 0.672500 0.011741 -0.206717
 0.675000 0.011179 -0.239689
 0.677500 0.010553 -0.257818
 0.680000 0.009900 -0.261153
 0.682500 0.009256 -0.251837
 0.685000 0.008646 -0.233435
 0.687500 0.008091 -0.209209
 0.690000 0.007601 -0.182037
 0.692500 0.007179 -0.154298
 0.695000 0.006826 -0.128282
 0.697500 0.006534 -0.105826
 0.700000 0.006291 -0.088692
 0.702500 0.006082 -0.078485
 0.705000 0.005889 -0.075618
 0.707500 0.005695 -0.079382
 0.710000 0.005486 -0.088535
 0.712500 0.005249 -0.099973
 0.715000 0.004984 -0.111186
 0.717500 0.004694 -0.119093
 0.720000 0.004392 -0.121397
 0.722500 0.004092 -0.116947
 0.725000 0.003811 -0.105896
 0.727500 0.003565 -0.089960
 0.730000 0.003362 -0.071708
 0.732500 0.003206 -0.053453
 0.735000 0.003092 -0.037561
 0.737500 0.003015 -0.024733
 0.740000 0.002965 -0.014911
 0.742500 0.002937 -0.007554
 0.745000 0.002925 -0.001532
 0.747500 0.002927 0.003264
 0.750000 0.002940 0.006933
 0.752500 0.002959 0.008282
 0.755000 0.002977 0.006101
 0.757500 0.002984 -0.000847
 0.760000 0.002968 -0.012626
 0.762500 0.002917 -0.028509
 0.765000 0.002824 -0.046204
 0.767500 0.002687 -0.062778
 0.770000 0.002513 -0.075511
 0.772500 0.002314 -0.082199
 0.775000 0.002107 -0.081998
 0.777500 0.001908 -0.075853
 0.780000 0.001731 -0.065749
 0.782500 0.001580 -0.054391
 0.785000 0.001458 -0.043843
 0.787500 0.001359 -0.035544
 0.790000 0.001277 -0.029729
 0.792500 0.001208 -0.026058
 0.795000 0.001145 -0.023780
 0.797500 0.001087 -0.022475
 0.800000 0.001032 -0.022092
 0.802500 0.000976 -0.022593
 0.805000 0.000917 -0.023885
 0.807500 0.000855 -0.026021
 0.810000 0.000787 -0.028094
 0.812500 0.000715 -0.029581
 0.815000 0.000640 -0.029632
 0.817500 0.000568 -0.027777
 0.820000 0.000503 -0.023940
 0.822500 0.000449 -0.018341
 0.825000 0.000412 -0.011725
 0.827500 0.000390 -0.005140
 0.830000 0.000384 0.000069
 0.832500 0.000388 0.002771
 0.835000 0.000395 0.002504
 0.837500 0.000398 -0.000554
 0.840000 0.000391 -0.005421
 0.842500 0.000371 -0.010670
 0.845000 0.000339 -0.014738
 0.847500 0.000299 -0.016459
 0.850000 0.000258 -0.015465
 0.852500 0.000224 -0.012050
 0.855000 0.000199 -0.007248
 0.857500 0.000187 -0.002260
 0.860000 0.000187 0.001759
 0.862500 0.000195 0.004043
 0.865000 0.000206 0.004425
 0.867500 0.000215 0.003188
 0.870000 0.000221 0.000926
 0.872500 0.000220 -0.001696
 0.875000 0.000212 -0.004126
 0.877500 0.000199 -0.006121
 0.880000 0.000182 -0.007579
 0.882500 0.000162 -0.008554
 0.885000 0.000140 -0.009100
 0.887500 0.000117 -0.009212
 0.890000 0.000094 -0.008885
 0.892500 0.000072 -0.008132
 0.895000 0.000053 -0.007027
 0.897500 0.000038 -0.005706
 0.900000 0.000025 -0.004342
 0.902500 0.000016 -0.003090
 0.905000 0.000009 -0.002035
 0.907500 0.000005 -0.001268
 0.910000 0.000003 -0.000723
 0.912500 0.000001 -0.000395
 0.915000 0.000001 -0.000201
 0.917500 0.000000 -0.000096
 0.920000 0.000000 -0.000042
 0.922500 0.000000 0.000000
 0.925000 0.000000 0.000000
 0.927500 0.000000 0.000000
 0.930000 0.000000 0.000000
 0.932500 0.000000 0.000000
 0.935000 0.000000 0.000000
 0.937500 0.000000 0.000000
 0.940000 0.000000 0.000000
 0.942500 0.000000 0.000000
 0.945000 0.000000 0.000000
 0.947500 0.000000 0.000000
 0.950000 0.000000 0.000000
 0.952500 0.000000 0.000000
 0.955000 0.000000 0.000000
 0.957500 0.000000 0.000000
 0.960000 0.000000 0.000000
 0.962500 0.000000 0.000000
 0.965000 0.000000 0.000000
 0.967500 0.000000 0.000000
 0.970000 0.000000 0.000000
 0.972500 0.000000 0.000000
 0.975000 0.000000 0.000000
 0.977500 0.000000 0.000000
 0.980000 0.000000 0.000000
 0.982500 0.000000 0.000000
 0.985000 0.000000 0.000000
 0.987500 0.000000 0.000000
 0.990000 0.000000 0.000000
 0.992500 0.000000 0.000000
 0.995000 0.000000 0.000000
 0.997500 0.000000 0.000000
 1.000000 0.000000 0.000000
 1.002500 0.000000 0.000000
 1.005000 0.000000 0.000000
 1.007500 0.000000 0.000000
 1.010000 0.000000 0.000000
 1.012500 0.000000 0.000000
 1.015000 0.000000 0.000000
 1.017500 0.000000 0.000000
 1.020000 0.000000 0.000000
 1.022500 0.000000 0.000000
 1.025000 0.000000 0.000000
 1.027500 0.000000 0.000000
 1.030000 0.000000 0.000000
 1.032500 0.000000 0.000000
 1.035000 0.000000 0.000000
 1.037500 0.000000 0.000000
 1.040000 0.000000 0.000000
 1.042500 0.000000 0.000000
 1.045000 0.000000 0.000000
 1.047500 0.000000 0.000000
 1.050000 0.000000 0.000000
 1.052500 0.000000 0.000000
 1.055000 0.000000 0.000000
 1.057500 0.000000 0.000000
 1.060000 0.000000 0.000000
 1.062500 0.000000 0.000000
 1.065000 0.000000 0.000000
 1.067500 0.000000 0.000000
 1.070000 0.000000 0.000000
 1.072500 0.000000 0.000000
 1.075000 0.000000 0.000000
 1.077500 0.000000 0.000000
 1.080000 0.000000 0.000000
 1.082500 0.000000 0.000000
 1.085000 0.000000 0.000000
 1.087500 0.000000 0.000000
 1.090000 0.000000 0.000000
 1.092500 0.000000 0.000000
 1.095000 0.000000 0.000000
 1.097500 0.000000 0.000000
 1.100000 0.000000 0.000000
 1.102500 0.000000 0.000000
 1.105000 0.000000 0.000000
 1.107500 0.000000 0.000000
 1.110000 0.000000 0.000000
 1.112500 0.000000 0.000000
 1.115000 0.000000 0.000000
 1.117500 0.000000 0.000000
 1.120000 0.000000 0.000000
 1.122500 0.000000 0.000000
 1.125000 0.000000 0.000000
 1.127500 0.000000 0.000000
 1.130000 0.000000 0.000000
 1.132500 0.000000 0.000000
 1.135000 0.000000 0.000000
 1.137500 0.000000 0.000000
 1.140000 0.000000 0.000000
 1.142500 0.000000 0.000000
 1.145000 0.000000 0.000000
 1.147500 0.000000 0.000000
 1.150000 0.000000 0.000000
 1.152500 0.000000 0.000000
 1.155000 0.000000 0.000000
 1.157500 0.000000 0.000000
 1.160000 0.000000 0.000000
 1.162500 0.000000 0.000000
 1.165000 0.000000 0.000000
 1.167500 0.000000 0.000000
 1.170000 0.000000 0.000000
 1.172500 0.000000 0.000000
 1.175000 0.000000 0.000000
 1.177500 0.000000 0.000000
 1.180000 0.000000 0.000000
 1.182500 0.000000 0.000000
 1.185000 0.000000 0.000000
 1.187500 0.000000 0.000000
 1.190000 0.000000 0.000000
 1.192500 0.000000 0.000000
 1.195000 0.000000 0.000000
 1.197500 0.000000 0.000000
 1.200000 0.000000 0.000000
 1.202500 0.000000 0.000000
 1.205000 0.000000 0.000000
 1.207500 0.000000 0.000000
 1.210000 0.000000 0.000000
 1.212500 0.000000 0.000000
 1.215000 0.000000 0.000000
 1.217500 0.000000 0.000000
 1.220000 0.000000 0.000000
 1.222500 0.000000 0.000000
 1.225000 0.000000 0.000000
 1.227500 0.000000 0.000000
 1.230000 0.000000 0.000000
 1.232500 0.000000 0.000000
 1.235000 0.000000 0.000000
 1.237500 0.000000 0.000000
 1.240000 0.000000 0.000000
 1.242500 0.000000 0.000000
 1.245000 0.000000 0.000000
 1.247500 0.000000 0.000000
 1.250000 0.000000 0.000000
 1.252500 0.000000 0.000000
 1.255000 0.000000 0.000000
 1.257500 0.000000 0.000000
 1.260000 0.000000 0.000000
 1.262500 0.000000 0.000000
 1.265000 0.000000 0.000000
 1.267500 0.000000 0.000000
 1.270000 0.000000 0.000000
 1.272500 0.000000 0.000000
 1.275000 0.000000 0.000000
 1.277500 0.000000 0.000000
 1.280000 0.000000 0.000000
 1.282500 0.000000 0.000000
 1.285000 0.000000 0.000000
 1.287500 0.000000 0.000000
 1.290000 0.000000 0.000000
 1.292500 0.000000 0.000000
 1.295000 0.000000 0.000000
 1.297500 0.000000 0.000000
 1.300000 0.000000 0.000000
 1.302500 0.000000 0.000000
 1.305000 0.000000 0.000000
 1.307500 0.000000 0.000000
 1.310000 0.000000 0.000000
 1.312500 0.000000 0.000000
 1.315000 0.000000 0.000000
 1.317500 0.000000 0.000000
 1.320000 0.000000 0.000000
 1.322500 0.000000 0.000000
 1.325000 0.000000 0.000000
 1.327500 0.000000 0.000000
 1.330000 0.000000 0.000000
 1.332500 0.000000 0.000000
 1.335000 0.000000 0.000000
 1.337500 0.000000 0.000000
 1.340000 0.000000 0.000000
 1.342500 0.000000 0.000000
 1.345000 0.000000 0.000000
 1.347500 0.000000 0.000000
 1.350000 0.000000 0.000000
 1.352500 0.000000 0.000000
 1.355000 0.000000 0.000000
 1.357500 0.000000 0.000000
 1.360000 0.000000 0.000000
 1.362500 0.000000 0.000000
 1.365000 0.000000 0.000000
 1.367500 0.000000 0.000000
 1.370000 0.000000 0.000000
 1.372500 0.000000 0.000000
 1.375000 0.000000 0.000000
 1.377500 0.000000 0.000000
 1.380000 0.000000 0.000000
 1.382500 0.000000 0.000000
 1.385000 0.000000 0.000000
 1.387500 0.000000 0.000000
 1.390000 0.000000 0.000000
 1.392500 0.000000 0.000000
 1.395000 0.000000 0.000000
 1.397500 0.000000 0.000000
 1.400000 0.000000 0.000000
 1.402500 0.000000 0.000000
 1.405000 0.000000 0.000000
 1.407500 0.000000 0.000000
 1.410000 0.000000 0.000000
 1.412500 0.000000 0.000000
 1.415000 0.000000 0.000000
 1.417500 0.000000 0.000000
 1.420000 0.000000 0.000000
 1.422500 0.000000 0.000000
 1.425000 0.000000 0.000000
 1.427500 0.000000 0.000000
 1.430000 0.000000 0.000000
 1.432500 0.000000 0.000000
 1.435000 0.000000 0.000000
 1.437500 0.000000 0.000000
 1.440000 0.000000 0.000000
 1.442500 0.000000 0.000000
 1.445000 0.000000 0.000000
 1.447500 0.000000 0.000000
 1.450000 0.000000 0.000000
 1.452500 0.000000 0.000000
 1.455000 0.000000 0.000000
 1.457500 0.000000 0.000000
 1.460000 0.000000 0.000000
 1.462500 0.000000 0.000000
 1.465000 0.000000 0.000000
 1.467500 0.000000 0.000000
 1.470000 0.000000 0.000000
 1.472500 0.000000 0.000000
 1.475000 0.000000 0.000000
 1.477500 0.000000 0.000000
 1.480000 0.000000 0.000000
 1.482500 0.000000 0.000000
 1.485000 0.000000 0.000000
 1.487500 0.000000 0.000000
 1.490000 0.000000 0.000000
 1.492500 0.000000 0.000000
 1.495000 0.000000 0.000000
 1.497500 0.000000 0.000000
 1.500000 0.000000 0.000000
 1.502500 0.000000 0.000000
 1.505000 0.000000 0.000000
 1.507500 0.000000 0.000000
 1.510000 0.000000 0.000000
 1.512500 0.000000 0.000000
 1.515000 0.000000 0.000000
 1.517500 0.000000 0.000000
 1.520000 0.000000 0.000000
 1.522500 0.000000 0.000000
 1.525000 0.000000 0.000000
 1.527500 0.000000 0.000000
 1.530000 0.000000 0.000000
 1.532500 0.000000 0.000000
 1.535000 0.000000 0.000000
 1.537500 0.000000 0.000000
 1.540000 0.000000 0.000000
 1.542500 0.000000 0.000000
 1.545000 0.000000 0.000000
 1.547500 0.000000 0.000000
 1.550000 0.000000 0.000000
 1.552500 0.000000 0.000000
 1.555000 0.000000 0.000000
 1.557500 0.000000 0.000000
 1.560000 0.000000 0.000000
 1.562500 0.000000 0.000000
 1.565000 0.000000 0.000000
 1.567500 0.000000 0.000000
 1.570000 0.000000 0.000000
 1.572500 0.000000 0.000000
 1.575000 0.000000 0.000000
 1.577500 0.000000 0.000000
 1.580000 0.000000 0.000000
 1.582500 0.000000 0.000000
 1.585000 0.000000 0.000000
 1.587500 0.000000 0.000000
 1.590000 0.000000 0.000000
 1.592500 0.000000 0.000000
 1.595000 0.000000 0.000000
 1.597500 0.000000 0.000000
 1.600000 0.000000 0.000000
 1.602500 0.000000 0.000000
 1.605000 0.000000 0.000000
 1.607500 0.000000 0.000000
 1.610000 0.000000 0.000000
 1.612500 0.000000 0.000000
 1.615000 0.000000 0.000000
 1.617500 0.000000 0.000000
 1.620000 0.000000 0.000000
 1.622500 0.000000 0.000000
 1.625000 0.000000 0.000000
 1.627500 0.000000 0.000000
 1.630000 0.000000 0.000000
 1.632500 0.000000 0.000000
 1.635000 0.000000 0.000000
 1.637500 0.000000 0.000000
 1.640000 0.000000 0.000000
 1.642500 0.000000 0.000000
 1.645000 0.000000 0.000000
 1.647500 0.000000 0.000000
 1.650000 0.000000 0.000000
 1.652500 0.000000 0.000000
 1.655000 0.000000 0.000000
 1.657500 0.000000 0.000000
 1.660000 0.000000 0.000000
 1.662500 0.000000 0.000000
 1.665000 0.000000 0.000000
 1.667500 0.000000 0.000000
 1.670000 0.000000 0.000000
 1.672500 0.000000 0.000000
 1.675000 0.000000 0.000000
 1.677500 0.000000 0.000000
 1.680000 0.000000 0.000000
 1.682500 0.000000 0.000000
 1.685000 0.000000 0.000000
 1.687500 0.000000 0.000000
 1.690000 0.000000 0.000000
 1.692500 0.000000 0.000000
 1.695000 0.000000 0.000000
 1.697500 0.000000 0.000000
 1.700000 0.000000 0.000000
 1.702500 0.000000 0.000000
 1.705000 0.000000 0.000000
 1.707500 0.000000 0.000000
 1.710000 0.000000 0.000000
 1.712500 0.000000 0.000000
 1.715000 0.000000 0.000000
 1.717500 0.000000 0.000000
 1.720000 0.000000 0.000000
 1.722500 0.000000 0.000000
 1.725000 0.000000 0.000000
 1.727500 0.000000 0.000000
 1.730000 0.000000 0.000000
 1.732500 0.000000 0.000000
 1.735000 0.000000 0.000000
 1.737500 0.000000 0.000000
 1.740000 0.000000 0.000000
 1.742500 0.000000 0.000000
 1.745000 0.000000 0.000000
 1.747500 0.000000 0.000000
 1.750000 0.000000 0.000000
 1.752500 0.000000 0.000000
 1.755000 0.000000 0.000000
 1.757500 0.000000 0.000000
 1.760000 0.000000 0.000000
 1.762500 0.000000 0.000000
 1.765000 0.000000 0.000000
 1.767500 0.000000 0.000000
 1.770000 0.000000 0.000000
 1.772500 0.000000 0.000000
 1.775000 0.000000 0.000000
 1.777500 0.000000 0.000000
 1.780000 0.000000 0.000000
 1.782500 0.000000 0.000000
 1.785000 0.000000 0.000000
 1.787500 0.000000 0.000000
 1.790000 0.000000 0.000000
 1.792500 0.000000 0.000000
 1.795000 0.000000 0.000000
 1.797500 0.000000 0.000000
 1.800000 0.000000 0.000000
 1.802500 0.000000 0.000000
 1.805000 0.000000 0.000000
 1.807500 0.000000 0.000000
 1.810000 0.000000 0.000000
 1.812500 0.000000 0.000000
 1.815000 0.000000 0.000000
 1.817500 0.000000 0.000000
 1.820000 0.000000 0.000000
 1.822500 0.000000 0.000000
 1.825000 0.000000 0.000000
 1.827500 0.000000 0.000000
 1.830000 0.000000 0.000000
 1.832500 0.000000 0.000000
 1.835000 0.000000 0.000000
 1.837500 0.000000 0.000000
 1.840000 0.000000 0.000000
 1.842500 0.000000 0.000000
 1.845000 0.000000 0.000000
 1.847500 0.000000 0.000000
 1.850000 0.000000 0.000000
 1.852500 0.000000 0.000000
 1.855000 0.000000 0.000000
 1.857500 0.000000 0.000000
 1.860000 0.000000 0.000000
 1.862500 0.000000 0.000000
 1.865000 0.000000 0.000000
 1.867500 0.000000 0.000000
 1.870000 0.000000 0.000000
 1.872500 0.000000 0.000000
 1.875000 0.000000 0.000000
 1.877500 0.000000 0.000000
 1.880000 0.000000 0.000000
 1.882500 0.000000 0.000000
 1.885000 0.000000 0.000000
 1.887500 0.000000 0.000000
 1.890000 0.000000 0.000000
 1.892500 0.000000 0.000000
 1.895000 0.000000 0.000000
 1.897500 0.000000 0.000000
 1.900000 0.000000 0.000000
 1.902500 0.000000 0.000000
 1.905000 0.000000 0.000000
 1.907500 0.000000 0.000000
 1.910000 0.000000 0.000000
 1.912500 0.000000 0.000000
 1.915000 0.000000 0.000000
 1.917500 0.000000 0.000000
 1.920000 0.000000 0.000000
 1.922500 0.000000 0.000000
 1.925000 0.000000 0.000000
 1.927500 0.000000 0.000000
 1.930000 0.000000 0.000000
 1.932500 0.000000 0.000000
 1.935000 0.000000 0.000000
 1.937500 0.000000 0.000000
 1.940000 0.000000 0.000000
 1.942500 0.000000 0.000000
 1.945000 0.000000 0.000000
 1.947500 0.000000 0.000000
 1.950000 0.000000 0.000000
 1.952500 0.000000 0.000000
 1.955000 0.000000 0.000000
 1.957500 0.000000 0.000000
 1.960000 0.000000 0.000000
 1.962500 0.000000 0.000000
 1.965000 0.000000 0.000000
 1.967500 0.000000 0.000000
 1.970000 0.000000 0.000000
 1.972500 0.000000 0.000000
 1.975000 0.000000 0.000000
 1.977500 0.000000 0.000000
 1.980000 0.000000 0.000000
 1.982500 0.000000 0.000000
 1.985000 0.000000 0.000000
 1.987500 0.000000 0.000000
 1.990000 0.000000 0.000000
 1.992500 0.000000 0.000000
 1.995000 0.000000 0.000000
 1.997500 0.000000 0.000000
 2.000000 0.000000 0.000000
