#! FIELDS es.morethan file.free der_es.morethan
#! SET min_es.morethan -10.0841
#! SET max_es.morethan 221.607
#! SET nbins_es.morethan  220
#! SET periodic_es.morethan false
  -10.084100000 2971.378460617   -0.000000000
   -9.026149772 2970.084389699   -3.238967813
   -7.968199543 2962.644099251  -11.625150555
   -6.910249315 2942.084645824  -29.439492031
   -5.852299087 2894.631545095  -63.708265898
   -4.794348858 2799.378341504 -120.288562190
   -3.736398630 2633.011657177 -196.788482083
   -2.678448402 2381.551829179 -277.233493054
   -1.620498174 2055.430825234 -332.343282893
   -0.562547945 1697.637074086 -333.333061057
    0.495402283 1373.061435806 -270.525047183
    1.553352511 1140.593245640 -164.803020831
    2.611302740 1024.934172003  -57.316479617
    3.669252968 1005.951648666   13.350454811
    4.727203196 1035.877932208   35.884258332
    5.785153425 1069.927417363   24.958718062
    6.843103653 1086.377598778    6.683229997
    7.901053881 1087.676980350   -2.001892737
    8.959004110 1086.328031501    1.007203231
   10.016954338 1091.192776843    8.143822532
   11.074904566 1102.631475217   12.673275650
   12.132854795 1115.916759573   11.740186766
   13.190805023 1127.381810338   10.365142311
   14.248755251 1138.170549588   10.479547596
   15.306705479 1150.043792725   12.052483476
   16.364655708 1163.929896667   14.065324145
   17.422605936 1179.408240297   14.894443774
   18.480556164 1195.372444398   15.103794626
   19.538506393 1211.624806321   15.668372336
   20.596456621 1228.644623555   16.608576877
   21.654406849 1246.720842403   17.205896253
   22.712357078 1264.828905281   17.109948011
   23.770307306 1282.652513209   16.679338914
   24.828257534 1300.066500215   16.366573797
   25.886207763 1317.649858970   16.998277273
   26.944157991 1335.740145353   16.784840933
   28.002108219 1352.937800924   15.451748999
   29.060058447 1368.477112707   13.949600947
   30.118008676 1382.657182587   13.140384111
   31.175958904 1396.774073390   13.596678847
   32.233909132 1411.946148602   15.039498884
   33.291859361 1428.337075951   15.702411468
   34.349809589 1444.863474844   15.563947058
   35.407759817 1460.930861476   14.650595103
   36.465710046 1475.937949043   13.655185682
   37.523660274 1489.573723662   12.131710664
   38.581610502 1501.225115482    9.931655522
   39.639560731 1510.395135097    7.632792631
   40.697510959 1517.905378818    6.734762486
   41.755461187 1525.696346964    8.195658431
   42.813411416 1535.153486645    9.703127128
   43.871361644 1545.967535569   10.487879506
   44.929311872 1556.880050214   10.147845008
   45.987262100 1567.476347191    9.969794685
   47.045212329 1578.408143377   10.754792828
   48.103162557 1590.646784302   12.240997012
   49.161112785 1603.971453756   12.996997739
   50.219063014 1617.772273612   12.821756334
   51.277013242 1630.933546104   12.089588287
   52.334963470 1643.543423830   11.573394316
   53.392913699 1655.368725162   10.494894673
   54.450863927 1665.493411319    8.406111066
   55.508814155 1673.130921821    5.873828035
   56.566764384 1678.125579339    3.623776803
   57.624714612 1681.775028517    3.258129016
   58.682664840 1685.346790366    3.842643535
   59.740615068 1689.971528896    4.779457788
   60.798565297 1695.405245082    5.480987812
   61.856515525 1701.425719560    6.095291782
   62.914465753 1708.451718767    7.213297208
   63.972415982 1716.292074440    7.742738826
   65.030366210 1724.308414962    7.190593139
   66.088316438 1730.929874706    5.359959169
   67.146266667 1735.338310771    2.952275184
   68.204216895 1738.035291708    2.280044705
   69.262167123 1741.274272091    4.103937993
   70.320117352 1746.984654999    6.724164198
   71.378067580 1754.618685645    7.300516650
   72.436017808 1762.163152122    6.719851909
   73.493968037 1768.838830833    5.952072806
   74.551918265 1774.871896918    5.715524088
   75.609868493 1781.519052864    6.950993297
   76.667818721 1789.610439243    7.824146961
   77.725768950 1797.546704068    6.690148604
   78.783719178 1802.973453306    3.401472009
   79.841669406 1804.788245790    0.478950171
   80.899619635 1804.650144974   -0.405446453
   81.957569863 1804.786452553    0.755377137
   83.015520091 1806.571722635    2.553148440
   84.073470320 1809.315445506    2.301609850
   85.131420548 1810.286939972   -0.709475665
   86.189370776 1807.386996313   -4.752455468
   87.247321005 1800.574963153   -7.646872534
   88.305271233 1791.643568250   -8.693484093
   89.363221461 1783.117471188   -7.174846253
   90.421171689 1776.592113690   -4.929454129
   91.479121918 1772.270200257   -3.323163595
   92.537072146 1769.210885340   -2.558300366
   93.595022374 1766.931647440   -1.762026029
   94.652972603 1765.551905753   -0.719129390
   95.710922831 1764.827799598   -0.624096661
   96.768873059 1763.875750138   -1.351813108
   97.826823288 1761.561138455   -3.316780311
   98.884773516 1756.767301160   -5.791138051
   99.942723744 1749.686320019   -7.222071964
  101.000673973 1742.396803882   -6.123772200
  102.058624201 1737.229868663   -3.411725874
  103.116574429 1735.269312786   -0.344647185
  104.174524658 1735.863778919    1.210996012
  105.232474886 1736.859875595    0.275159041
  106.290425114 1735.730046232   -2.754878041
  107.348375342 1731.087354405   -5.933510260
  108.406325571 1723.489452597   -8.233795291
  109.464275799 1714.146065839   -9.092613819
  110.522226027 1704.554193029   -9.067888937
  111.580176256 1694.961737465   -8.948681550
  112.638126484 1685.398690590   -9.062568756
  113.696076712 1675.908891351   -8.634490816
  114.754026941 1667.765377474   -6.578155502
  115.811977169 1662.031329402   -4.404990199
  116.869927397 1657.392380232   -4.789444585
  117.927877626 1651.036054882   -7.544777795
  118.985827854 1641.073507832  -11.473111791
  120.043778082 1627.606462087  -13.706314434
  121.101728311 1613.131015491  -13.116193592
  122.159678539 1600.539602151  -10.356641069
  123.217628767 1591.247828697   -7.403406540
  124.275578995 1584.622990246   -5.476329238
  125.333529224 1578.890169332   -5.611026759
  126.391479452 1572.488441045   -6.662769187
  127.449429680 1564.665253780   -8.136216398
  128.507379909 1555.336195092   -9.326669941
  129.565330137 1545.309698121   -9.638809506
  130.623280365 1535.066420761   -9.721346014
  131.681230594 1524.877002386   -9.637374927
  132.739180822 1514.843520820   -9.421840238
  133.797131050 1504.897860051   -9.429281362
  134.855081279 1494.887477957   -9.014164694
  135.913031507 1486.091952359   -7.588690777
  136.970981735 1478.763355820   -6.478976546
  138.028931963 1471.797156278   -6.977424476
  139.086882192 1463.608006191   -8.807557373
  140.144832420 1452.800087857  -11.438941560
  141.202782648 1439.977006051  -12.758835136
  142.260732877 1426.649039088  -12.223047749
  143.318683105 1414.302039355  -10.897234159
  144.376633333 1403.612922927   -9.458179654
  145.434583562 1393.779520382   -9.147895923
  146.492533790 1383.787196945   -9.536523473
  147.550484018 1373.621565847   -9.612356210
  148.608434247 1363.383014925   -9.665651694
  149.666384475 1352.892590093  -10.001884046
  150.724334703 1341.949030602  -10.656418199
  151.782284932 1330.461631150  -11.094707683
  152.840235160 1319.008594984  -10.590142729
  153.898185388 1308.098348921  -10.144042534
  154.956135616 1296.967539959  -10.920570602
  156.014085845 1284.445274496  -12.859854466
  157.072036073 1269.750834884  -14.928781944
  158.129986301 1253.270995992  -16.050233062
  159.187936530 1236.606927390  -15.256338600
  160.245886758 1221.405360615  -13.452856884
  161.303836986 1208.094558910  -11.853758652
  162.361787215 1195.825181669  -11.626171581
  163.419737443 1183.222463249  -12.165951565
  164.477687671 1170.046165733  -12.658565391
  165.535637900 1156.502898021  -12.994785628
  166.593588128 1142.186179077  -13.711078554
  167.651538356 1127.085991914  -14.607063657
  168.709488584 1111.161021840  -15.360806611
  169.767438813 1094.750737497  -15.492981639
  170.825389041 1078.391913674  -15.540253528
  171.883339269 1061.844172682  -15.669546742
  172.941289498 1044.697129120  -16.996668415
  173.999239726 1025.710908451  -18.910836800
  175.057189954 1005.124139271  -19.831930555
  176.115140183  984.105243077  -19.450205998
  177.173090411  964.372598586  -17.755998867
  178.231040639  946.493045017  -16.163614502
  179.288990868  929.722884143  -15.715434671
  180.346941096  913.065869613  -16.022924777
  181.404891324  895.738170957  -16.693415715
  182.462841553  877.968528853  -16.895629060
  183.520791781  859.811289688  -17.623988451
  184.578742009  840.617859799  -18.580873796
  185.636692237  820.402214920  -19.802582442
  186.694642466  798.958454939  -20.665775700
  187.752592694  776.748221388  -20.936075612
  188.810542922  754.062622049  -21.816026791
  189.868493151  730.746523717  -22.315743800
  190.926443379  706.979526003  -22.649197618
  191.984393607  682.926393956  -22.895317653
  193.042343836  658.535155725  -23.422019503
  194.100294064  633.176372708  -24.335058420
  195.158244292  607.767879015  -23.448202693
  196.216194521  584.320071794  -20.737378152
  197.274144749  564.001328594  -18.076595800
  198.332094977  545.020638126  -18.899711721
  199.390045205  521.778719919  -25.881603157
  200.447995434  488.847965683  -35.490951505
  201.505945662  449.484734434  -37.584354121
  202.563895890  411.331289493  -34.019225721
  203.621846119  375.716882435  -35.577507607
  204.679796347  328.870204267  -57.071157656
  205.737746575  249.068077492  -94.766284344
  206.795696804  133.383521181 -117.515219954
  207.853647032   22.695948463  -77.943926656
  208.911597260    0.000000000   49.245205099
  209.969547489  148.980752570  237.963674218
  211.027497717  501.271285967  420.217178300
  212.085447945 1010.138440986  524.494584615
  213.143398174 1572.351118356  520.570320879
  214.201348402 2080.233279500  428.791283304
  215.259298630 2466.618509604  300.014886098
  216.317248858 2718.443440811  180.444350823
  217.375199087 2860.406794032   94.152132281
  218.433149315 2930.081829859   42.790713441
  219.491099543 2959.782062535   16.412777755
  220.549049772 2969.915354496    4.443960222
  221.607000000 2971.378460617   -0.000000000
