#! FIELDS es.morethan file.free der_es.morethan
#! SET min_es.morethan -10.1483
#! SET max_es.morethan 221.292
#! SET nbins_es.morethan  220
#! SET periodic_es.morethan false
  -10.148300000 2801.075309961   -0.000000000
   -9.091494977 2799.453726366   -4.437765745
   -8.034689954 2790.130759617  -14.438205162
   -6.977884932 2764.809126723  -36.162098634
   -5.921079909 2706.688461471  -77.850522386
   -4.864274886 2590.469259731 -146.480710416
   -3.807469863 2388.718943684 -238.149420368
   -2.750664840 2085.681138806 -333.243579669
   -1.693859817 1695.736311015 -396.201126830
   -0.637054795 1271.654725729 -393.385563835
    0.419750228  891.640772578 -314.312891781
    1.476555251  624.906930222 -186.275513331
    2.533360274  497.374275821  -59.809554572
    3.590165297  482.035695386   21.014241377
    4.646970320  521.111648961   44.235952426
    5.703775342  562.063125368   29.834089818
    6.760580365  582.191492491    9.317755520
    7.817385388  586.555302323    1.559561442
    8.874190411  589.967332663    6.177490903
    9.930995434  600.657554956   13.621394020
   10.987800457  616.839626216   16.000918533
   12.044605479  631.834218066   11.683801654
   13.101410502  642.386047544    8.866516685
   14.158215525  651.601077901    9.230540696
   15.215020548  662.967722417   12.803922113
   16.271825571  678.677519169   16.975154092
   17.328630594  698.348630489   19.995263553
   18.385435616  719.929427599   20.596514794
   19.442240639  741.219919546   19.678227178
   20.499045662  760.988939095   18.037378772
   21.555850685  779.216598178   16.716279339
   22.612655708  796.401577291   16.123078280
   23.669460731  813.901869505   17.076516349
   24.726265753  832.571323273   18.057656183
   25.783070776  851.781387890   18.097715856
   26.839875799  870.211378094   16.739699100
   27.896680822  887.345160287   15.789297836
   28.953485845  903.805301936   15.471915966
   30.010290868  920.157188222   15.349613301
   31.067095890  936.298160767   15.045541203
   32.123900913  951.423539837   13.751535376
   33.180705936  964.908186998   11.986695289
   34.237510959  977.210961511   11.388906572
   35.294315982  989.651518957   12.461102906
   36.351121005 1003.745463458   14.602273623
   37.407926027 1020.499987450   17.025219452
   38.464731050 1039.127541261   18.079343254
   39.521536073 1058.035967401   17.679739357
   40.578341096 1076.260240974   16.997995230
   41.635146119 1093.798024962   15.970425803
   42.691951142 1110.138048694   15.108309501
   43.748756164 1125.455862341   13.925214983
   44.805561187 1139.237915949   12.065554181
   45.862366210 1150.948651852   10.082870696
   46.919171233 1161.202759296    9.475957864
   47.975976256 1171.249572553    9.527870806
   49.032781279 1182.218201400   11.120439534
   50.089586301 1194.515672177   12.012759069
   51.146391324 1207.282899618   11.877856216
   52.203196347 1219.180762165   10.429315607
   53.260001370 1229.052069013    8.226748368
   54.316806393 1236.836949783    6.761860656
   55.373611416 1243.871210840    6.745677226
   56.430416438 1251.420802710    7.743847012
   57.487221461 1260.496718040    9.631641868
   58.544026484 1271.259524724   10.416108565
   59.600831507 1281.569601367    8.644213975
   60.657636530 1289.202163244    5.690453098
   61.714441553 1293.600530686    2.739643599
   62.771246575 1295.322766409    0.825714539
   63.828051598 1296.568491758    1.831440082
   64.884856621 1299.630441360    3.985444281
   65.941661644 1304.220640091    4.807683989
   66.998466667 1309.320399279    4.632135890
   68.055271689 1314.226740849    4.509108126
   69.112076712 1318.971581173    4.843602660
   70.168881735 1325.061697020    6.723853085
   71.225686758 1333.135136266    8.491816571
   72.282491781 1342.640461983    9.292872672
   73.339296804 1352.263833987    8.568127417
   74.396101826 1360.765964423    7.218743308
   75.452906849 1367.738438822    5.780086173
   76.509711872 1372.914374588    4.100531811
   77.566516895 1376.287928304    2.159394425
   78.623321918 1378.103861043    1.499523564
   79.680126941 1379.659155004    1.630267033
   80.736931963 1382.006063942    2.895654698
   81.793736986 1386.075802760    4.740886632
   82.850542009 1391.593670085    5.480702278
   83.907347032 1397.237002776    5.097071829
   84.964152055 1402.097153027    3.831951214
   86.020957078 1405.611328159    2.836026973
   87.077762100 1408.004212458    2.151755399
   88.134567123 1410.135286085    1.787961087
   89.191372146 1411.952581589    1.482524522
   90.248177169 1413.043150087    0.594517537
   91.304982192 1413.476929256    0.110938101
   92.361787215 1413.045705532   -1.029259013
   93.418592237 1411.556512017   -1.571058338
   94.475397260 1409.548693086   -2.059967069
   95.532202283 1407.815180741   -1.085907781
   96.589007306 1407.818142194    1.159167472
   97.645812329 1409.786198461    2.553379141
   98.702617352 1412.259349169    1.527857473
   99.759422374 1412.765153688   -1.161817560
  100.816227397 1409.594903546   -4.728960200
  101.873032420 1403.587173585   -6.232721129
  102.929837443 1397.449976203   -4.906947944
  103.986642466 1393.933091506   -1.567885112
  105.043447489 1393.816584441    1.099312619
  106.100252511 1395.157395597    0.930383754
  107.157057534 1394.720703813   -1.876910606
  108.213862557 1391.193149779   -4.590997813
  109.270667580 1385.277338746   -6.505829891
  110.327472603 1378.327183591   -6.282682348
  111.384277626 1371.831806284   -5.860760536
  112.441082648 1366.256767792   -4.958227778
  113.497887671 1360.940532456   -5.124461987
  114.554692694 1355.762501640   -4.536419815
  115.611497717 1351.320821814   -3.607305498
  116.668302740 1348.024521096   -2.475183778
  117.725107763 1345.823350147   -1.903817098
  118.781912785 1343.641754477   -2.281541383
  119.838717808 1340.867068630   -2.965797684
  120.895522831 1337.503594234   -3.363148883
  121.952327854 1333.357768425   -4.411185882
  123.009132877 1328.064332927   -5.775931194
  124.065937900 1320.943215353   -7.438561339
  125.122742922 1312.695038309   -7.873165011
  126.179547945 1304.791156821   -6.409279392
  127.236352968 1299.474909678   -3.318174161
  128.293157991 1297.324003186   -1.019709063
  129.349963014 1296.208421524   -1.503834375
  130.406768037 1293.171026027   -4.937296119
  131.463573059 1285.763337960   -8.754447209
  132.520378082 1274.851163487  -11.447660982
  133.577183105 1262.455918572  -11.860019935
  134.633988128 1250.184306298  -11.331338674
  135.690793151 1238.702560483  -10.504615240
  136.747598174 1227.859332576   -9.876390131
  137.804403196 1217.862903303   -8.818245717
  138.861208219 1209.496477403   -7.027947386
  139.918013242 1203.149265511   -5.189967207
  140.974818265 1197.637929268   -5.639337755
  142.031623288 1191.117339868   -6.765504690
  143.088428311 1183.034670640   -8.512947599
  144.145233333 1173.606690729   -9.101266602
  145.202038356 1164.060734987   -8.960452431
  146.258843379 1154.135459911   -9.849111858
  147.315648402 1143.052373345  -10.999903542
  148.372453425 1130.940694120  -11.629422432
  149.429258447 1118.872507430  -10.742436649
  150.486063470 1108.545719283   -8.569921930
  151.542868493 1100.394973856   -7.371561098
  152.599673516 1092.456758512   -7.972442832
  153.656478539 1082.970926991  -10.235970452
  154.713283562 1071.286231116  -11.739452268
  155.770088584 1058.705259166  -12.051778804
  156.826893607 1046.307301257  -11.432828794
  157.883698630 1034.314676394  -11.535938481
  158.940503653 1021.429148824  -13.120820319
  159.997308676 1006.587243040  -14.873037452
  161.054113699  990.353708750  -15.350048297
  162.110918721  974.452940424  -14.336659611
  163.167723744  960.654593223  -11.996025931
  164.224528767  948.433994344  -11.483380790
  165.281333790  935.836633070  -12.523996698
  166.338138813  921.434884218  -14.683967140
  167.394943836  905.242487467  -15.676441673
  168.451748858  888.865256375  -15.091563048
  169.508553881  873.898366038  -13.210330381
  170.565358904  860.871909233  -11.624354065
  171.622163927  848.863616563  -11.519767820
  172.678968950  836.030193593  -12.858676864
  173.735773973  821.511082316  -14.689252167
  174.792578995  805.357309195  -15.822582641
  175.849384018  788.717923483  -15.486502548
  176.906189041  772.788737973  -14.435321587
  177.962994064  758.124521244  -13.308990350
  179.019799087  744.622907519  -12.452637170
  180.076604110  731.365578511  -12.847994312
  181.133409132  717.481613839  -13.526547586
  182.190214155  702.853480448  -14.053881832
  183.247019178  687.818138960  -14.160736308
  184.303824201  672.538131163  -15.059310814
  185.360629224  655.838524782  -16.692434077
  186.417434247  636.927080783  -19.238938870
  187.474239269  615.073010564  -21.991035287
  188.531044292  591.013206385  -23.249971608
  189.587849315  566.580694057  -22.950081066
  190.644654338  543.374069579  -20.968980688
  191.701459361  522.185032638  -19.546946097
  192.758264384  501.875848553  -19.255897573
  193.815069406  481.222614679  -20.123448726
  194.871874429  459.536404528  -20.789059561
  195.928679452  438.234373974  -19.307338110
  196.985484475  418.727147085  -17.660278786
  198.042289498  400.053237845  -18.183216283
  199.099094521  378.754897195  -23.062998242
  200.155899543  350.206395050  -30.317956771
  201.212704566  317.025890171  -31.308301584
  202.269509589  286.135354430  -26.678162160
  203.326314612  259.515960947  -25.578189115
  204.383119635  226.344124232  -40.313314138
  205.439924658  168.619713615  -69.951887318
  206.496729680   82.626919902  -87.363257323
  207.553534703    2.644938538  -52.141607106
  208.610339726    0.000000000   59.688105399
  209.667144749  149.335231367  228.071685011
  210.723949772  480.521268206  392.095150606
  211.780754795  953.806303318  488.242864577
  212.837559817 1477.328484744  486.217839854
  213.894364840 1952.698689643  403.326254279
  214.951169863 2317.082734288  284.244727187
  216.007974886 2556.460183844  172.538725887
  217.064779909 2692.710538652   91.003500086
  218.121584932 2760.195263274   41.577309451
  219.178389954 2789.164147125   16.352789034
  220.235194977 2799.424969427    4.648565859
  221.292000000 2801.075309961   -0.000000000
