#! FIELDS es.morethan file.free der_es.morethan
#! SET min_es.morethan -10.1286
#! SET max_es.morethan 221.383
#! SET nbins_es.morethan  220
#! SET periodic_es.morethan false
  -10.128600000 2764.271783178   -0.000000000
   -9.071469406 2762.608335509   -4.418256103
   -8.014338813 2753.220927894  -14.522446352
   -6.957208219 2727.595632509  -36.745231000
   -5.900077626 2668.354825376  -79.506401171
   -4.842947032 2549.911339954 -149.284065179
   -3.785816438 2343.986404213 -243.299498591
   -2.728685845 2033.607669035 -341.877759885
   -1.671555251 1632.639975717 -408.067380358
   -0.614424658 1195.058221055 -406.542008922
    0.442705936  801.029940152 -326.842916338
    1.499836530  522.784725064 -194.936611292
    2.556967123  388.458497820  -63.935515582
    3.614097717  370.552804404   19.748596881
    4.671228311  408.357180070   42.599529899
    5.728358904  446.473528945   25.747681225
    6.785489498  460.433306974    1.929909913
    7.842620091  455.998020148   -7.405006930
    8.899750685  449.963677254   -2.349307170
    9.956881279  452.526864324    7.037042799
   11.014011872  462.885601785   11.469172475
   12.071142466  474.273527705    9.253675348
   13.128273059  482.969026403    7.810092825
   14.185403653  491.782238438    9.118206831
   15.242534247  503.559328414   13.470805734
   16.299664840  520.263397185   17.991710728
   17.356795434  540.535484441   19.661463597
   18.413926027  560.661801062   18.089794881
   19.471056621  578.540597419   15.534109432
   20.528187215  593.664783465   13.370066879
   21.585317808  607.315104749   13.065234146
   22.642448402  621.723285876   14.531533558
   23.699578995  638.538393019   17.230899355
   24.756709589  658.033358628   19.196387952
   25.813840183  678.827122752   19.615540698
   26.870970776  699.119697247   18.723470242
   27.928101370  718.283806044   17.662397220
   28.985231963  736.930229792   17.845460803
   30.042362557  756.367885632   18.988651384
   31.099493151  777.224361578   20.408040391
   32.156623744  798.529876608   19.589734815
   33.213754338  818.301444525   17.329551667
   34.270884932  834.880181578   14.219383342
   35.328015525  848.757959374   12.271444257
   36.385146119  861.882581197   12.988283715
   37.442276712  876.551410165   14.991955422
   38.499407306  893.125230601   16.217854548
   39.556537900  910.059902869   15.470087656
   40.613668493  925.942872496   14.359606514
   41.670799087  940.660320748   13.731469883
   42.727929680  955.730420483   15.135136401
   43.785060274  972.740459214   17.274899486
   44.842190868  991.696737428   18.220308161
   45.899321461 1010.176252435   15.983801639
   46.956452055 1025.045682375   11.764656147
   48.013582648 1035.398602146    8.266512328
   49.070713242 1043.237486525    7.012491519
   50.127843836 1051.349909501    8.660085903
   51.184974429 1061.746459308   10.953607075
   52.242105023 1074.091748831   12.155247748
   53.299235616 1086.797969533   11.624703498
   54.356366210 1098.501003904   10.450421395
   55.413496804 1109.319051223    9.858288829
   56.470627397 1119.849764116   10.056509322
   57.527757991 1130.546843534   10.168584516
   58.584888584 1140.889206862    9.362822196
   59.642019178 1149.776884442    7.192687577
   60.699149772 1155.776338575    4.338455076
   61.756280365 1159.670513015    3.463077560
   62.813410959 1163.657608074    4.459715462
   63.870541553 1169.948666161    7.528441238
   64.927672146 1179.211492769    9.812932394
   65.984802740 1189.454870442    9.330648972
   67.041933333 1198.289321979    7.156543481
   68.099063927 1204.722872181    5.151208745
   69.156194521 1209.750374132    4.716704171
   70.213325114 1214.964774992    5.105574315
   71.270455708 1220.278504899    4.830500384
   72.327586301 1225.031001078    4.170707320
   73.384716895 1229.228000307    3.861696312
   74.441847489 1233.966888611    5.332501587
   75.498978082 1240.782374792    7.375649209
   76.556108676 1249.233471687    7.932295716
   77.613239269 1256.968682489    6.074277908
   78.670369863 1261.902870054    3.475197325
   79.727500457 1264.973559587    2.831327349
   80.784631050 1268.748676794    4.420081090
   81.841761644 1274.429424678    6.203992015
   82.898892237 1281.161480656    6.060349559
   83.956022831 1286.043815443    2.727931807
   85.013153425 1286.967724802   -0.762505934
   86.070284018 1285.188191665   -2.251466722
   87.127414612 1283.024820400   -1.527911130
   88.184545205 1282.837983503    1.292040274
   89.241675799 1285.696881605    3.788038450
   90.298806393 1290.466118626    5.014748342
   91.355936986 1295.355449965    4.037155812
   92.413067580 1298.779366672    2.668306203
   93.470198174 1301.302274572    2.151279604
   94.527328767 1303.575506923    2.178586945
   95.584459361 1306.427200664    3.207263052
   96.641589954 1309.944250836    3.208595481
   97.698720548 1312.861338668    1.894956805
   98.755851142 1313.978685896   -0.265573411
   99.812981735 1312.950596429   -1.596156590
  100.870112329 1311.052111041   -1.864591452
  101.927242922 1309.205470640   -1.746021250
  102.984373516 1307.420923183   -1.713127631
  104.041504110 1305.453768127   -2.072653237
  105.098634703 1302.857453780   -2.767135739
  106.155765297 1300.018571536   -2.405850140
  107.212895890 1297.759560795   -1.979103705
  108.270026484 1295.821962598   -1.698933207
  109.327157078 1293.903243660   -1.888989383
  110.384287671 1291.748830186   -2.017015769
  111.441418265 1289.890742729   -1.257672482
  112.498548858 1289.016090256   -0.286643928
  113.555679452 1289.159535117    0.265580180
  114.612810046 1288.657484538   -1.656009970
  115.669940639 1285.138497834   -4.986577839
  116.727071233 1278.371394647   -7.857693364
  117.784201826 1269.217227479   -9.225680916
  118.841332420 1259.320964127   -9.563600935
  119.898463014 1249.581481966   -9.036908522
  120.955593607 1240.155842753   -8.823375513
  122.012724201 1230.825716624   -8.882420716
  123.069854795 1221.463474609   -8.601620914
  124.126985388 1213.013890100   -7.071862409
  125.184115982 1206.817278842   -4.361578705
  126.241246575 1203.531979612   -1.910800074
  127.298377169 1202.412815911   -0.729881527
  128.355507763 1201.338686935   -1.614742083
  129.412638356 1198.662038951   -3.518404052
  130.469768950 1194.010430695   -5.085782475
  131.526899543 1187.948450097   -6.266852062
  132.584030137 1180.971985865   -7.010726141
  133.641160731 1173.053368007   -7.831609136
  134.698291324 1164.662159081   -7.860254730
  135.755421918 1156.660226337   -7.242412331
  136.812552511 1149.816712577   -5.857593631
  137.869683105 1144.221551201   -4.878263514
  138.926813699 1139.245036982   -4.677643908
  139.983944292 1133.989468224   -5.668450567
  141.041074886 1127.243537179   -7.252524109
  142.098205479 1119.031952201   -8.300834380
  143.155336073 1109.886334395   -8.941400974
  144.212466667 1100.168387818   -9.089361519
  145.269597260 1090.486253465   -9.221489090
  146.326727854 1081.051054894   -8.677086158
  147.383858447 1071.805959757   -8.761219288
  148.440989041 1062.442358078   -9.110299346
  149.498119635 1052.569795523   -9.240573922
  150.555250228 1042.738008013   -9.053671515
  151.612380822 1033.489471719   -8.209832950
  152.669511416 1025.459006418   -7.046060213
  153.726642009 1018.894297307   -5.478700028
  154.783772603 1013.672996122   -4.652624093
  155.840903196 1009.110615629   -4.397254486
  156.898033790 1003.474044042   -6.568865010
  157.955164384  994.747799792  -10.150420853
  159.012294977  982.233148145  -13.345309920
  160.069425571  967.431907428  -14.465324112
  161.126556164  952.386976083  -13.968588305
  162.183686758  938.275725823  -12.802538834
  163.240817352  925.268266234  -12.090846841
  164.297947945  912.222584136  -12.766415156
  165.355078539  898.053602803  -13.761092580
  166.412209132  883.237825468  -13.934123115
  167.469339726  868.858432611  -13.398600844
  168.526470320  854.962831552  -12.942755543
  169.583600913  841.408483302  -12.847316920
  170.640731507  827.998872953  -12.466033900
  171.697862100  815.006537249  -12.129844377
  172.754992694  802.495144568  -11.333646796
  173.812123288  790.635883904  -11.357002462
  174.869253881  778.303411385  -12.434323367
  175.926384475  764.093610916  -14.554557377
  176.983515068  747.808428771  -15.955659245
  178.040645662  730.658245829  -16.343361527
  179.097776256  713.614182413  -15.578105095
  180.154906849  697.603707215  -15.161992580
  181.212037443  682.023228281  -14.475645576
  182.269168037  666.787565105  -14.371987378
  183.326298630  651.179545821  -15.115817393
  184.383429224  634.672984284  -16.438709413
  185.440559817  616.370381337  -18.119269480
  186.497690411  596.398490665  -19.391336069
  187.554821005  575.820259859  -19.423127434
  188.611951598  555.750821297  -18.542639898
  189.669082192  536.935465037  -17.244496861
  190.726212785  518.992922258  -17.142842569
  191.783343379  499.875939168  -19.390760573
  192.840473973  477.487000414  -22.858678870
  193.897604566  452.284655068  -24.278547091
  194.954735160  427.148061962  -22.804989904
  196.011865753  404.848416817  -19.486911342
  197.068996347  385.493450490  -17.693903670
  198.126126941  365.670883686  -20.409735520
  199.183257534  340.490592827  -27.921955934
  200.240388128  307.253027460  -33.512265027
  201.297518721  272.858610130  -30.259165686
  202.354649315  245.714454298  -20.972698670
  203.411779909  225.726991222  -19.337510642
  204.468910502  197.837886784  -36.847203981
  205.526041096  143.079533017  -66.832226032
  206.583171689   63.083605673  -77.595134688
  207.640302283    0.000000000  -29.396091369
  208.697432877   27.666376722   93.146032000
  209.754563470  213.245253027  260.896625552
  210.811694064  572.814085991  410.842116786
  211.868824658 1054.866806527  485.376187986
  212.925955251 1564.898614058  464.609862724
  213.983085845 2011.880105889  372.883198854
  215.040216438 2344.284772524  255.392877983
  216.097347032 2556.768937793  150.947315205
  217.154477626 2674.670897545   77.570192054
  218.211608219 2731.617319540   34.601686443
  219.268738813 2755.392657308   13.147151578
  220.325869406 2763.295772224    3.114142590
  221.383000000 2764.271783006    0.006646442
