0.025 0.013332962499999998
0.026 0.012253605
0.027 0.011291429999999998
0.028 0.010457129999999999
0.029 0.009740357500000001
0.030 0.0091185725
0.031 0.008585689999999998
0.032 0.0081252275
0.033 0.0077351125
0.034 0.0074033025
0.035 0.007116935
0.036 0.00686388
0.037 0.006635772500000001
0.038 0.006424345
0.039 0.0062286775
0.040 0.0060435925
0.041 0.005867700000000001
0.042 0.005693835
0.043 0.005526902499999999
0.044 0.0053663375
0.045 0.005207240000000001
0.046 0.005053387499999999
0.047 0.004897639999999999
0.048 0.00474443
0.049 0.0045942825
0.050 0.004438945
0.051 0.00428684
0.052 0.0041355075
0.053 0.0039805275
0.054 0.003839095
0.055 0.0037089575000000003
0.056 0.0035821175
0.057 0.0034542599999999994
0.058 0.0033386525
0.059 0.0032169150000000003
0.060 0.0031133725000000003
0.061 0.0030172499999999995
0.062 0.0029327175000000002
0.063 0.002871400000000001
0.064 0.0028141525000000005
0.065 0.002773664999999999
0.066 0.0027486975
0.067 0.0027414675000000006
0.068 0.00275964
0.069 0.0028136824999999994
0.070 0.0029103600000000007
0.071 0.0030573774999999997
0.072 0.003269824999999998
0.073 0.0035503275000000004
0.074 0.003972425
0.075 0.0044967824999999975
0.076 0.005275042500000003
0.077 0.0063175075
0.078 0.007754162499999999
0.079 0.009831550000000005
0.080 0.012747317499999989
